pattern answer1:
vertex1: 节点个数 1
69 1 0.61
vertex2: 节点个数 2
1834 2 0.81
2101 2 0.5
vertex3: 节点个数 2
96 3 0.69
100 3 0.97
vertex4: 节点个数 2
118 4 0.84
2583 4 0.71
edge_match: 
from 1 to 3 matchnode 69

69 96 3  0.81092  0.535866  0.7075  8.82838e-312
69 100 3  0.61088  0.7104  0.8325  8.82838e-312
from 1 to 4 matchnode 69

69 118 2  0.558  0.7462  0.666667  0
69 2583 2  0.576  0.9408  0.71  0
edge_match: 
from 2 to 1 matchnode 1834

1834 69 3  0.54873  0.7081  0.8075  3.16098e-313
from 2 to 3 matchnode 1834

1834 96 3  0.6642  0.60431  0.855  6.95135e-310
1834 100 3  0.67896  0.679  0.925  8.82833e-312
from 2 to 1 matchnode 2101

2101 69 3  0.741312  0.556248  0.6725  3.16098e-313
from 2 to 3 matchnode 2101

2101 96 3  0.61617  0.527424  0.7125  6.95135e-310
2101 100 3  0.7296  0.79443  0.6325  8.82833e-312
edge_match: 
from 3 to 4 matchnode 96

96 118 3  0.679776  0.6308  0.665  8.82792e-312
96 2583 3  0.58806  0.62656  0.6325  8.82792e-312
from 3 to 4 matchnode 100

100 118 3  0.9603  0.503562  0.8725  8.83807e-312
100 2583 3  0.667554  0.658812  0.765  8.83807e-312
edge_match: 
from 4 to 1 matchnode 118

118 69 3  0.590976  0.72576  0.5325  8.82838e-312
from 4 to 2 matchnode 118

118 1834 3  0.931491  0.731962  0.8025  6.95135e-310
118 2101 3  0.538628  0.754272  0.615  6.95135e-310
from 4 to 3 matchnode 118

118 96 3  0.58905  0.54945  0.5075  8.82837e-312
118 100 3  0.57132  0.5168  0.755  8.82843e-312
from 4 to 1 matchnode 2583

2583 69 2  0.9021  0.623  0.526667  8.82838e-312
from 4 to 2 matchnode 2583

2583 1834 3  0.73656  0.541728  0.5325  8.82793e-312
2583 2101 3  0.595386  0.52955  0.52  8.82793e-312
from 4 to 3 matchnode 2583

2583 96 3  0.921294  0.6561  0.8375  8.82837e-312
2583 100 3  0.7296  0.81216  0.715  8.82843e-312

pattern answer2:
vertex1: 节点个数 1
348 1 0.91
vertex2: 节点个数 2
2242 2 0.58
2386 2 0.79
vertex3: 节点个数 2
154 3 0.64
1067 3 0.61
vertex4: 节点个数 2
118 4 0.84
5552 4 0.7
edge_match: 
from 1 to 3 matchnode 348

348 154 3  0.73602  0.79  0.75  8.82773e-312
348 1067 2  0.799  0.6952  0.69  8.82773e-312
from 1 to 4 matchnode 348

348 118 2  0.8554  0.5214  0.766667  0
348 5552 3  0.79477  0.577016  0.6825  0
edge_match: 
from 2 to 1 matchnode 2242

2242 348 2  0.6806  0.5733  0.726667  3.16098e-313
from 2 to 3 matchnode 2242

2242 154 3  0.578411  0.535424  0.6575  8.82837e-312
2242 1067 3  0.533984  0.585585  0.6675  8.82837e-312
from 2 to 1 matchnode 2386

2386 348 2  0.6474  0.5985  0.796667  3.16098e-313
from 2 to 3 matchnode 2386

2386 154 3  0.57942  0.83  0.72  8.82837e-312
2386 1067 2  0.6003  0.9118  0.793333  8.82837e-312
edge_match: 
from 3 to 4 matchnode 154

154 118 3  0.922082  0.6142  0.655  8.82837e-312
154 5552 3  0.875425  0.589632  0.7275  8.82837e-312
from 3 to 4 matchnode 1067

1067 118 2  0.551  0.5084  0.746667  8.82836e-312
1067 5552 3  0.749034  0.507408  0.7275  8.82836e-312
edge_match: 
from 4 to 1 matchnode 118

118 348 3  0.54054  0.58656  0.7075  8.82773e-312
from 4 to 2 matchnode 118

118 2242 3  0.51408  0.522  0.535  6.95135e-310
118 2386 3  0.777843  0.76048  0.7975  6.95135e-310
from 4 to 3 matchnode 118

118 154 3  0.536544  0.69984  0.54  8.82861e-312
118 1067 3  0.662607  0.893564  0.7525  8.82838e-312
from 4 to 1 matchnode 5552

5552 348 3  0.505141  0.82062  0.665  8.82773e-312
from 4 to 2 matchnode 5552

5552 2242 3  0.50323  0.55242  0.67  8.82846e-312
5552 2386 3  0.68526  0.51992  0.82  8.82846e-312
from 4 to 3 matchnode 5552

5552 154 3  0.567644  0.610944  0.5825  8.82861e-312
5552 1067 3  0.873873  0.55328  0.7  8.82838e-312

pattern answer3:
vertex1: 节点个数 1
411 1 0.91
vertex2: 节点个数 2
2386 2 0.79
2850 2 0.9
vertex3: 节点个数 2
154 3 0.64
286 3 0.64
vertex4: 节点个数 2
5538 4 0.75
5706 4 0.64
edge_match: 
from 1 to 3 matchnode 411

411 154 1  0.62  0.6  0.775  8.82802e-312
411 286 2  0.62  0.558  0.73  8.82802e-312
from 1 to 4 matchnode 411

411 5538 3  0.504896  0.743311  0.6475  0
411 5706 3  0.571536  0.802384  0.5475  0
edge_match: 
from 2 to 1 matchnode 2386

2386 411 2  0.5148  0.7315  0.796667  8.8283e-312
from 2 to 3 matchnode 2386

2386 154 3  0.57942  0.83  0.72  8.82837e-312
2386 286 2  0.8811  0.5846  0.696667  8.82825e-312
from 2 to 1 matchnode 2850

2850 411 2  0.5917  0.776  0.786667  8.8283e-312
from 2 to 3 matchnode 2850

2850 154 1  0.92  0.84  0.77  8.82837e-312
2850 286 2  0.92  0.7812  0.726667  8.82825e-312
edge_match: 
from 3 to 4 matchnode 154

154 5538 3  0.582912  0.670596  0.7925  8.82837e-312
154 5706 2  0.6984  0.7068  0.613333  8.82837e-312
from 3 to 4 matchnode 286

286 5538 3  0.658752  0.553472  0.775  8.82808e-312
286 5706 3  0.684  0.574028  0.69  8.82808e-312
edge_match: 
from 4 to 1 matchnode 5538

5538 411 3  0.60912  0.6156  0.8625  8.82791e-312
from 4 to 2 matchnode 5538

5538 2386 2  0.6424  0.6174  0.783333  6.95135e-310
5538 2850 3  0.660376  0.509496  0.795  6.95135e-310
from 4 to 3 matchnode 5538

5538 154 2  0.6912  0.5265  0.553333  8.82861e-312
5538 286 3  0.552318  0.912576  0.665  8.82791e-312
from 4 to 1 matchnode 5706

5706 411 3  0.582582  0.620928  0.6025  8.82791e-312
from 4 to 2 matchnode 5706

5706 2386 2  0.5994  0.784  0.803333  8.82794e-312
5706 2850 3  0.503424  0.57152  0.7825  8.82794e-312
from 4 to 3 matchnode 5706

5706 154 3  0.5328  0.62426  0.6325  8.82861e-312
5706 286 2  0.6966  0.5772  0.7  8.82791e-312

pattern answer4:
vertex1: 节点个数 1
538 1 0.88
vertex2: 节点个数 2
1834 2 0.81
2101 2 0.5
vertex3: 节点个数 2
96 3 0.69
100 3 0.97
vertex4: 节点个数 2
118 4 0.84
2583 4 0.71
edge_match: 
from 1 to 3 matchnode 538

538 96 3  0.7497  0.541387  0.855  8.82839e-312
538 100 3  0.76636  0.6083  0.925  8.82839e-312
from 1 to 4 matchnode 538

538 118 3  0.931588  0.5893  0.715  0
538 2583 3  0.640491  0.812448  0.76  0
edge_match: 
from 2 to 1 matchnode 1834

1834 538 2  0.792  0.5723  0.89  8.82801e-312
from 2 to 3 matchnode 1834

1834 96 3  0.6642  0.60431  0.855  6.95135e-310
1834 100 3  0.67896  0.679  0.925  8.82833e-312
from 2 to 1 matchnode 2101

2101 538 2  0.5767  0.7565  0.673333  8.82801e-312
from 2 to 3 matchnode 2101

2101 96 3  0.61617  0.527424  0.7125  6.95135e-310
2101 100 3  0.7296  0.79443  0.6325  8.82833e-312
edge_match: 
from 3 to 4 matchnode 96

96 118 3  0.679776  0.6308  0.665  8.82792e-312
96 2583 3  0.58806  0.62656  0.6325  8.82792e-312
from 3 to 4 matchnode 100

100 118 3  0.9603  0.503562  0.8725  8.83807e-312
100 2583 3  0.667554  0.658812  0.765  8.83807e-312
edge_match: 
from 4 to 1 matchnode 118

118 538 2  0.8008  0.6853  0.903333  8.82858e-312
from 4 to 2 matchnode 118

118 1834 3  0.931491  0.731962  0.8025  6.95135e-310
118 2101 3  0.538628  0.754272  0.615  6.95135e-310
from 4 to 3 matchnode 118

118 96 3  0.58905  0.54945  0.5075  8.82837e-312
118 100 3  0.57132  0.5168  0.755  8.82843e-312
from 4 to 1 matchnode 2583

2583 538 3  0.58212  0.552825  0.72  8.82858e-312
from 4 to 2 matchnode 2583

2583 1834 3  0.73656  0.541728  0.5325  8.82793e-312
2583 2101 3  0.595386  0.52955  0.52  8.82793e-312
from 4 to 3 matchnode 2583

2583 96 3  0.921294  0.6561  0.8375  8.82837e-312
2583 100 3  0.7296  0.81216  0.715  8.82843e-312

pattern answer5:
vertex1: 节点个数 1
744 1 0.72
vertex2: 节点个数 2
2386 2 0.79
5611 2 0.96
vertex3: 节点个数 2
154 3 0.64
286 3 0.64
vertex4: 节点个数 2
706 4 0.52
5538 4 0.75
edge_match: 
from 1 to 3 matchnode 744

744 154 1  0.77  0.97  0.68  8.82791e-312
744 286 2  0.77  0.9021  0.666667  8.82791e-312
from 1 to 4 matchnode 744

744 706 3  0.665614  0.585395  0.5775  0
744 5538 3  0.623904  0.750295  0.5875  0
edge_match: 
from 2 to 1 matchnode 2386

2386 744 3  0.570768  0.5168  0.665  0
from 2 to 3 matchnode 2386

2386 154 3  0.57942  0.83  0.72  8.82837e-312
2386 286 2  0.8811  0.5846  0.696667  8.82825e-312
from 2 to 1 matchnode 5611

5611 744 3  0.512975  0.532608  0.605  0
from 2 to 3 matchnode 5611

5611 154 2  0.7728  0.5925  0.54  8.82837e-312
5611 286 3  0.643968  0.627396  0.755  8.82825e-312
edge_match: 
from 3 to 4 matchnode 154

154 706 3  0.569712  0.63936  0.59  8.82837e-312
154 5538 3  0.582912  0.670596  0.7925  8.82837e-312
from 3 to 4 matchnode 286

286 706 3  0.51128  0.677376  0.5525  8.82808e-312
286 5538 3  0.658752  0.553472  0.775  8.82808e-312
edge_match: 
from 4 to 1 matchnode 706

706 744 3  0.62662  0.69372  0.71  8.82791e-312
from 4 to 2 matchnode 706

706 2386 2  0.5187  0.5256  0.71  6.95135e-310
706 5611 3  0.86621  0.803136  0.595  6.95135e-310
from 4 to 3 matchnode 706

706 154 3  0.84816  0.640584  0.6075  8.82861e-312
706 286 3  0.585  0.743328  0.575  8.82791e-312
from 4 to 1 matchnode 5538

5538 744 3  0.555408  0.686012  0.5825  8.82791e-312
from 4 to 2 matchnode 5538

5538 2386 2  0.6424  0.6174  0.783333  6.95135e-310
5538 5611 3  0.708488  0.7448  0.69  6.95135e-310
from 4 to 3 matchnode 5538

5538 154 2  0.6912  0.5265  0.553333  8.82861e-312
5538 286 3  0.552318  0.912576  0.665  8.82791e-312

pattern answer6:
vertex1: 节点个数 1
748 1 0.82
vertex2: 节点个数 2
1451 2 0.78
1834 2 0.81
vertex3: 节点个数 2
96 3 0.69
154 3 0.64
vertex4: 节点个数 2
511 4 0.74
2305 4 0.71
edge_match: 
from 1 to 3 matchnode 748

748 96 3  0.771456  0.66101  0.695  8.8287e-312
748 154 3  0.59136  0.54739  0.66  8.8287e-312
from 1 to 4 matchnode 748

748 511 3  0.602688  0.603345  0.6225  0
748 2305 3  0.76608  0.64752  0.7625  0
edge_match: 
from 2 to 1 matchnode 1451

1451 748 2  0.6142  0.5986  0.563333  6.95335e-310
from 2 to 3 matchnode 1451

1451 96 2  0.6435  0.6642  0.81  6.95135e-310
1451 154 2  0.5727  0.5913  0.503333  8.82837e-312
from 2 to 1 matchnode 1834

1834 748 2  0.6808  0.5412  0.573333  6.95335e-310
from 2 to 3 matchnode 1834

1834 96 3  0.6642  0.60431  0.855  6.95135e-310
1834 154 3  0.648  0.61789  0.675  8.82837e-312
edge_match: 
from 3 to 4 matchnode 96

96 511 3  0.621522  0.565239  0.59  8.82792e-312
96 2305 3  0.79002  0.606624  0.73  8.82792e-312
from 3 to 4 matchnode 154

154 511 3  0.674926  0.6882  0.63  8.82837e-312
154 2305 2  0.83  0.6696  0.663333  8.82837e-312
edge_match: 
from 4 to 1 matchnode 511

511 748 2  0.5607  0.5346  0.79  8.8287e-312
from 4 to 2 matchnode 511

511 1451 3  0.645975  0.51264  0.8675  6.95135e-310
511 1834 2  0.728  0.5632  0.546667  6.95135e-310
from 4 to 3 matchnode 511

511 96 3  0.852687  0.64881  0.845  8.82837e-312
511 154 3  0.541842  0.6348  0.8075  8.82861e-312
from 4 to 1 matchnode 2305

2305 748 3  0.658155  0.765765  0.67  8.8287e-312
from 4 to 2 matchnode 2305

2305 1451 3  0.65736  0.65934  0.6125  8.83807e-312
2305 1834 3  0.52256  0.7216  0.6225  8.83807e-312
from 4 to 3 matchnode 2305

2305 96 3  0.58905  0.664741  0.8125  8.82837e-312
2305 154 3  0.72171  0.611  0.6425  8.82861e-312

pattern answer7:
vertex1: 节点个数 1
869 1 0.92
vertex2: 节点个数 2
2850 2 0.9
3183 2 0.63
vertex3: 节点个数 2
154 3 0.64
286 3 0.64
vertex4: 节点个数 2
1283 4 0.52
4741 4 0.62
edge_match: 
from 1 to 3 matchnode 869

869 154 3  0.88209  0.8554  0.695  8.82825e-312
869 286 3  0.6348  0.528612  0.8  8.82825e-312
from 1 to 4 matchnode 869

869 1283 2  0.6348  0.8036  0.813333  0
869 4741 3  0.6555  0.827904  0.7775  0
edge_match: 
from 2 to 1 matchnode 2850

2850 869 3  0.642586  0.57936  0.84  6.95335e-310
from 2 to 3 matchnode 2850

2850 154 1  0.92  0.84  0.77  8.82837e-312
2850 286 2  0.92  0.7812  0.726667  8.82825e-312
from 2 to 1 matchnode 3183

3183 869 3  0.629356  0.538083  0.7475  6.95335e-310
from 2 to 3 matchnode 3183

3183 154 3  0.765072  0.5688  0.5625  8.82837e-312
3183 286 3  0.5256  0.525915  0.545  8.82825e-312
edge_match: 
from 3 to 4 matchnode 154

154 1283 2  0.8924  0.6068  0.72  8.82837e-312
154 4741 3  0.9118  0.730701  0.63  8.82837e-312
from 3 to 4 matchnode 286

286 1283 3  0.712264  0.518158  0.76  8.82808e-312
286 4741 2  0.9118  0.7857  0.626667  8.82808e-312
edge_match: 
from 4 to 1 matchnode 1283

1283 869 3  0.9021  0.626808  0.57  8.82825e-312
from 4 to 2 matchnode 1283

1283 2850 3  0.592614  0.673794  0.615  8.82896e-312
1283 3183 3  0.7209  0.7138  0.76  8.82896e-312
from 4 to 3 matchnode 1283

1283 154 3  0.556974  0.829374  0.5575  8.82861e-312
1283 286 3  0.673374  0.8827  0.5175  8.82791e-312
from 4 to 1 matchnode 4741

4741 869 3  0.92169  0.562107  0.6575  8.82825e-312
from 4 to 2 matchnode 4741

4741 2850 3  0.51744  0.58491  0.76  8.8283e-312
4741 3183 3  0.642224  0.544  0.71  8.8283e-312
from 4 to 3 matchnode 4741

4741 154 2  0.6532  0.6231  0.67  8.82861e-312
4741 286 2  0.5796  0.6912  0.663333  8.82791e-312

pattern answer8:
vertex1: 节点个数 1
2383 1 0.94
vertex2: 节点个数 2
1834 2 0.81
2320 2 0.67
vertex3: 节点个数 2
154 3 0.64
286 3 0.64
vertex4: 节点个数 2
5538 4 0.75
5706 4 0.64
edge_match: 
from 1 to 3 matchnode 2383

2383 154 3  0.559835  0.701592  0.7975  8.82825e-312
2383 286 3  0.583176  0.59427  0.695  8.82825e-312
from 1 to 4 matchnode 2383

2383 5538 2  0.8096  0.8008  0.833333  0
2383 5706 2  0.5824  0.8648  0.683333  0
edge_match: 
from 2 to 1 matchnode 1834

1834 2383 2  0.882  0.6402  0.883333  0
from 2 to 3 matchnode 1834

1834 154 3  0.648  0.61789  0.675  8.82837e-312
1834 286 2  0.6552  0.616  0.77  8.82825e-312
from 2 to 1 matchnode 2320

2320 2383 3  0.54054  0.666468  0.835  0
from 2 to 3 matchnode 2320

2320 154 1  0.76  0.59  0.655  8.82837e-312
2320 286 2  0.76  0.5487  0.65  8.82825e-312
edge_match: 
from 3 to 4 matchnode 154

154 5538 3  0.582912  0.670596  0.7925  8.82837e-312
154 5706 2  0.6984  0.7068  0.613333  8.82837e-312
from 3 to 4 matchnode 286

286 5538 3  0.658752  0.553472  0.775  8.82808e-312
286 5706 3  0.684  0.574028  0.69  8.82808e-312
edge_match: 
from 4 to 1 matchnode 5538

5538 2383 3  0.8118  0.65637  0.7775  8.82825e-312
from 4 to 2 matchnode 5538

5538 1834 2  0.5723  0.6468  0.846667  6.95135e-310
5538 2320 2  0.666  0.736  0.663333  6.95135e-310
from 4 to 3 matchnode 5538

5538 154 2  0.6912  0.5265  0.553333  8.82861e-312
5538 286 3  0.552318  0.912576  0.665  8.82791e-312
from 4 to 1 matchnode 5706

5706 2383 3  0.526848  0.620136  0.705  8.82825e-312
from 4 to 2 matchnode 5706

5706 1834 2  0.7178  0.7546  0.81  8.82794e-312
5706 2320 3  0.57646  0.63798  0.8075  8.82794e-312
from 4 to 3 matchnode 5706

5706 154 3  0.5328  0.62426  0.6325  8.82861e-312
5706 286 2  0.6966  0.5772  0.7  8.82791e-312

pattern answer9:
vertex1: 节点个数 1
2456 1 0.83
vertex2: 节点个数 2
1834 2 0.81
2386 2 0.79
vertex3: 节点个数 2
1294 3 0.95
5512 3 0.6
vertex4: 节点个数 2
1094 4 0.96
2305 4 0.71
edge_match: 
from 1 to 3 matchnode 2456

2456 1294 2  0.6468  0.7315  0.793333  8.82825e-312
2456 5512 3  0.568008  0.53751  0.755  8.82825e-312
from 1 to 4 matchnode 2456

2456 1094 3  0.655914  0.51414  0.845  0
2456 2305 3  0.64719  0.5346  0.5375  0
edge_match: 
from 2 to 1 matchnode 1834

1834 2456 2  0.782  0.5808  0.576667  6.95335e-310
from 2 to 3 matchnode 1834

1834 1294 2  0.7396  0.7189  0.596667  8.82837e-312
1834 5512 3  0.801504  0.518562  0.5775  8.82861e-312
from 2 to 1 matchnode 2386

2386 2456 2  0.7225  0.5984  0.57  6.95335e-310
from 2 to 3 matchnode 2386

2386 1294 3  0.568458  0.552706  0.83  8.82837e-312
2386 5512 3  0.563706  0.922082  0.7375  8.82861e-312
edge_match: 
from 3 to 4 matchnode 1294

1294 1094 3  0.711711  0.51336  0.66  8.82783e-312
1294 2305 3  0.525616  0.792232  0.515  8.82783e-312
from 3 to 4 matchnode 5512

5512 1094 3  0.66339  0.63504  0.705  8.82787e-312
5512 2305 3  0.547865  0.650496  0.6425  8.82787e-312
edge_match: 
from 4 to 1 matchnode 1094

1094 2456 2  0.544  0.5896  0.626667  8.82825e-312
from 4 to 2 matchnode 1094

1094 1834 2  0.512  0.5896  0.62  6.95135e-310
1094 2386 3  0.68714  0.606144  0.5275  6.95135e-310
from 4 to 3 matchnode 1094

1094 1294 3  0.577668  0.65379  0.8425  8.82823e-312
1094 5512 3  0.557568  0.526419  0.615  8.83807e-312
from 4 to 1 matchnode 2305

2305 2456 3  0.55522  0.7216  0.6275  8.82825e-312
from 4 to 2 matchnode 2305

2305 1834 3  0.52256  0.7216  0.6225  8.83807e-312
2305 2386 3  0.66  0.679604  0.805  8.83807e-312
from 4 to 3 matchnode 2305

2305 1294 3  0.804076  0.773808  0.695  8.82823e-312
2305 5512 3  0.646668  0.75563  0.75  8.83807e-312

pattern answer10:
vertex1: 节点个数 1
2521 1 0.96
vertex2: 节点个数 2
1834 2 0.81
2850 2 0.9
vertex3: 节点个数 2
96 3 0.69
154 3 0.64
vertex4: 节点个数 2
1861 4 0.95
2305 4 0.71
edge_match: 
from 1 to 3 matchnode 2521

2521 96 2  0.7626  0.6762  0.703333  8.8287e-312
2521 154 3  0.53253  0.6806  0.82  8.8287e-312
from 1 to 4 matchnode 2521

2521 1861 3  0.760032  0.691488  0.715  0
2521 2305 3  0.673374  0.53667  0.68  0
edge_match: 
from 2 to 1 matchnode 1834

1834 2521 3  0.5229  0.82944  0.73  0
from 2 to 3 matchnode 1834

1834 96 3  0.6642  0.60431  0.855  6.95135e-310
1834 154 3  0.648  0.61789  0.675  8.82837e-312
from 2 to 1 matchnode 2850

2850 2521 2  0.5723  0.8633  0.803333  0
from 2 to 3 matchnode 2850

2850 96 3  0.715176  0.563436  0.735  6.95135e-310
2850 154 1  0.92  0.84  0.77  8.82837e-312
edge_match: 
from 3 to 4 matchnode 96

96 1861 3  0.616704  0.735585  0.8475  8.82792e-312
96 2305 3  0.79002  0.606624  0.73  8.82792e-312
from 3 to 4 matchnode 154

154 1861 2  0.5175  0.6298  0.853333  8.82837e-312
154 2305 2  0.83  0.6696  0.663333  8.82837e-312
edge_match: 
from 4 to 1 matchnode 1861

1861 2521 3  0.502512  0.50508  0.6425  8.82837e-312
from 4 to 2 matchnode 1861

1861 1834 3  0.534356  0.68  0.52  6.95135e-310
1861 2850 3  0.601344  0.795522  0.8925  6.95135e-310
from 4 to 3 matchnode 1861

1861 96 3  0.911493  0.60507  0.8975  8.82837e-312
1861 154 3  0.609801  0.725088  0.54  8.82861e-312
from 4 to 1 matchnode 2305

2305 2521 2  0.782  0.7917  0.67  8.82837e-312
from 4 to 2 matchnode 2305

2305 1834 3  0.52256  0.7216  0.6225  8.83807e-312
2305 2850 3  0.517132  0.7566  0.87  8.83807e-312
from 4 to 3 matchnode 2305

2305 96 3  0.58905  0.664741  0.8125  8.82837e-312
2305 154 3  0.72171  0.611  0.6425  8.82861e-312

pattern answer11:
vertex1: 节点个数 1
2574 1 0.99
vertex2: 节点个数 2
2386 2 0.79
3183 2 0.63
vertex3: 节点个数 2
286 3 0.64
533 3 0.99
vertex4: 节点个数 2
5538 4 0.75
8196 4 0.82
edge_match: 
from 1 to 3 matchnode 2574

2574 286 3  0.653883  0.81928  0.5425  8.82796e-312
2574 533 3  0.525312  0.642528  0.78  8.82796e-312
from 1 to 4 matchnode 2574

2574 5538 3  0.54201  0.9604  0.5675  0
2574 8196 3  0.576384  0.62468  0.7375  0
edge_match: 
from 2 to 1 matchnode 2386

2386 2574 3  0.703296  0.58482  0.8575  3.16098e-313
from 2 to 3 matchnode 2386

2386 286 2  0.8811  0.5846  0.696667  8.82825e-312
2386 533 3  0.534204  0.515844  0.92  8.82809e-312
from 2 to 1 matchnode 3183

3183 2574 3  0.940896  0.73872  0.8175  3.16098e-313
from 2 to 3 matchnode 3183

3183 286 3  0.5256  0.525915  0.545  8.82825e-312
3183 533 3  0.50274  0.679056  0.6975  8.82809e-312
edge_match: 
from 3 to 4 matchnode 286

286 5538 3  0.658752  0.553472  0.775  8.82808e-312
286 8196 1  0.8  0.68  0.73  8.82808e-312
from 3 to 4 matchnode 533

533 5538 3  0.741024  0.65412  0.8475  8.82809e-312
533 8196 3  0.723168  0.528844  0.615  8.82809e-312
edge_match: 
from 4 to 1 matchnode 5538

5538 2574 3  0.8064  0.50008  0.6175  8.82796e-312
from 4 to 2 matchnode 5538

5538 2386 2  0.6424  0.6174  0.783333  6.95135e-310
5538 3183 3  0.712264  0.699732  0.665  6.95135e-310
from 4 to 3 matchnode 5538

5538 286 3  0.552318  0.912576  0.665  8.82791e-312
5538 533 3  0.656656  0.50337  0.6725  8.83807e-312
from 4 to 1 matchnode 8196

8196 2574 3  0.566784  0.86583  0.74  8.82796e-312
from 4 to 2 matchnode 8196

8196 2386 2  0.74  0.5518  0.686667  8.82783e-312
8196 3183 3  0.549575  0.9408  0.81  8.82783e-312
from 4 to 3 matchnode 8196

8196 286 2  0.8827  0.6004  0.646667  8.82791e-312
8196 533 3  0.756756  0.539448  0.6375  8.83807e-312

pattern answer12:
vertex1: 节点个数 1
2985 1 0.97
vertex2: 节点个数 2
5145 2 0.89
15635 2 0.84
vertex3: 节点个数 2
1067 3 0.61
2413 3 0.81
vertex4: 节点个数 2
4741 4 0.62
5653 4 0.6
edge_match: 
from 1 to 3 matchnode 2985

2985 1067 2  0.8366  0.6887  0.75  8.82856e-312
2985 2413 3  0.638636  0.893079  0.76  8.82856e-312
from 1 to 4 matchnode 2985

2985 4741 3  0.510608  0.74205  0.7625  0
2985 5653 3  0.60588  0.594  0.5  0
edge_match: 
from 2 to 1 matchnode 5145

5145 2985 3  0.55296  0.550539  0.6375  6.95335e-310
from 2 to 3 matchnode 5145

5145 1067 3  0.54144  0.558372  0.8025  8.82837e-312
5145 2413 3  0.712896  0.59241  0.75  8.82829e-312
from 2 to 1 matchnode 15635

15635 2985 3  0.555632  0.6664  0.5225  6.95335e-310
from 2 to 3 matchnode 15635

15635 1067 3  0.649152  0.6532  0.625  8.82837e-312
15635 2413 1  0.5  0.89  0.825  8.82829e-312
edge_match: 
from 3 to 4 matchnode 1067

1067 4741 3  0.577344  0.712008  0.53  8.82836e-312
1067 5653 2  0.594  0.71  0.52  8.82836e-312
from 3 to 4 matchnode 2413

2413 4741 3  0.744372  0.64881  0.635  8.82846e-312
2413 5653 3  0.52283  0.7392  0.5875  8.82846e-312
edge_match: 
from 4 to 1 matchnode 4741

4741 2985 3  0.6384  0.723168  0.535  8.82856e-312
from 4 to 2 matchnode 4741

4741 5145 3  0.818496  0.7857  0.7575  8.8283e-312
4741 15635 3  0.903264  0.707712  0.77  8.8283e-312
from 4 to 3 matchnode 4741

4741 1067 3  0.532818  0.88407  0.7475  8.82838e-312
4741 2413 3  0.649152  0.68967  0.7375  8.82783e-312
from 4 to 1 matchnode 5653

5653 2985 3  0.603825  0.525084  0.79  8.82856e-312
from 4 to 2 matchnode 5653

5653 5145 3  0.750816  0.805266  0.8425  6.95135e-310
5653 15635 3  0.6633  0.5076  0.59  6.95135e-310
from 4 to 3 matchnode 5653

5653 1067 3  0.6358  0.758912  0.5675  8.82838e-312
5653 2413 3  0.553632  0.539649  0.7325  8.82783e-312

pattern answer13:
vertex1: 节点个数 1
3161 1 0.54
vertex2: 节点个数 2
4323 2 0.94
5203 2 0.88
vertex3: 节点个数 2
94 3 0.96
154 3 0.64
vertex4: 节点个数 2
118 4 0.84
4741 4 0.62
edge_match: 
from 1 to 3 matchnode 3161

3161 94 3  0.565166  0.653184  0.615  8.82851e-312
3161 154 3  0.67712  0.658812  0.6775  8.82851e-312
from 1 to 4 matchnode 3161

3161 118 2  0.5082  0.6888  0.603333  0
3161 4741 3  0.619927  0.69258  0.595  0
edge_match: 
from 2 to 1 matchnode 4323

4323 3161 2  0.7663  0.6675  0.603333  0
from 2 to 3 matchnode 4323

4323 94 2  0.6111  0.7476  0.743333  6.95135e-310
4323 154 3  0.656696  0.685503  0.6475  8.82837e-312
from 2 to 1 matchnode 5203

5203 3161 3  0.687792  0.578592  0.615  0
from 2 to 3 matchnode 5203

5203 94 3  0.53352  0.620136  0.705  6.95135e-310
5203 154 2  0.688  0.6188  0.72  8.82837e-312
edge_match: 
from 3 to 4 matchnode 94

94 118 2  0.696  0.66  0.903333  8.82783e-312
94 4741 3  0.74448  0.70992  0.6275  8.82783e-312
from 3 to 4 matchnode 154

154 118 3  0.922082  0.6142  0.655  8.82837e-312
154 4741 3  0.9118  0.730701  0.63  8.82837e-312
edge_match: 
from 4 to 1 matchnode 118

118 3161 2  0.7332  0.9016  0.716667  8.82835e-312
from 4 to 2 matchnode 118

118 4323 3  0.902682  0.674926  0.835  6.95135e-310
118 5203 3  0.5244  0.700608  0.785  6.95135e-310
from 4 to 3 matchnode 118

118 94 3  0.504576  0.51408  0.755  8.82818e-312
118 154 3  0.536544  0.69984  0.54  8.82861e-312
from 4 to 1 matchnode 4741

4741 3161 2  0.5096  0.7104  0.713333  8.82835e-312
from 4 to 2 matchnode 4741

4741 4323 3  0.725868  0.667755  0.83  8.8283e-312
4741 5203 3  0.856152  0.56826  0.7275  8.8283e-312
from 4 to 3 matchnode 4741

4741 94 3  0.557232  0.731025  0.7475  8.82818e-312
4741 154 2  0.6532  0.6231  0.67  8.82861e-312

pattern answer14:
vertex1: 节点个数 1
3729 1 0.68
vertex2: 节点个数 2
2386 2 0.79
3245 2 0.63
vertex3: 节点个数 2
154 3 0.64
286 3 0.64
vertex4: 节点个数 2
82 4 0.9
706 4 0.52
edge_match: 
from 1 to 3 matchnode 3729

3729 154 3  0.570459  0.6688  0.5625  8.82791e-312
3729 286 3  0.556072  0.62468  0.7725  8.82791e-312
from 1 to 4 matchnode 3729

3729 82 3  0.60192  0.665898  0.775  0
3729 706 3  0.523776  0.5928  0.6  0
edge_match: 
from 2 to 1 matchnode 2386

2386 3729 3  0.52377  0.82935  0.735  8.83807e-312
from 2 to 3 matchnode 2386

2386 154 3  0.57942  0.83  0.72  8.82837e-312
2386 286 2  0.8811  0.5846  0.696667  8.82825e-312
from 2 to 1 matchnode 3245

3245 3729 2  0.8008  0.5246  0.703333  8.83807e-312
from 2 to 3 matchnode 3245

3245 154 3  0.573252  0.581348  0.5625  8.82837e-312
3245 286 3  0.77517  0.575029  0.5675  8.82825e-312
edge_match: 
from 3 to 4 matchnode 154

154 82 1  0.68  0.93  0.77  8.82837e-312
154 706 3  0.569712  0.63936  0.59  8.82837e-312
from 3 to 4 matchnode 286

286 82 3  0.588392  0.562391  0.855  8.82808e-312
286 706 3  0.51128  0.677376  0.5525  8.82808e-312
edge_match: 
from 4 to 1 matchnode 82

82 3729 3  0.57749  0.79443  0.7625  8.82791e-312
from 4 to 2 matchnode 82

82 2386 3  0.529932  0.535808  0.66  6.95135e-310
82 3245 3  0.510324  0.8463  0.6275  6.95135e-310
from 4 to 3 matchnode 82

82 154 3  0.508776  0.634725  0.7125  8.82861e-312
82 286 3  0.60372  0.744744  0.7725  8.82791e-312
from 4 to 1 matchnode 706

706 3729 3  0.6138  0.51086  0.6275  8.82791e-312
from 4 to 2 matchnode 706

706 2386 2  0.5187  0.5256  0.71  6.95135e-310
706 3245 2  0.5088  0.5475  0.573333  6.95135e-310
from 4 to 3 matchnode 706

706 154 3  0.84816  0.640584  0.6075  8.82861e-312
706 286 3  0.585  0.743328  0.575  8.82791e-312

pattern answer15:
vertex1: 节点个数 1
4140 1 0.53
vertex2: 节点个数 2
1834 2 0.81
2386 2 0.79
vertex3: 节点个数 2
96 3 0.69
154 3 0.64
vertex4: 节点个数 2
118 4 0.84
5706 4 0.64
edge_match: 
from 1 to 3 matchnode 4140

4140 96 2  0.6532  0.5418  0.59  8.82791e-312
4140 154 3  0.72036  0.86  0.655  8.82791e-312
from 1 to 4 matchnode 4140

4140 118 2  0.8372  0.5676  0.64  0
4140 5706 3  0.821376  0.58394  0.66  0
edge_match: 
from 2 to 1 matchnode 1834

1834 4140 3  0.517592  0.7138  0.725  3.16098e-313
from 2 to 3 matchnode 1834

1834 96 3  0.6642  0.60431  0.855  6.95135e-310
1834 154 3  0.648  0.61789  0.675  8.82837e-312
from 2 to 1 matchnode 2386

2386 4140 2  0.7178  0.6225  0.623333  3.16098e-313
from 2 to 3 matchnode 2386

2386 96 2  0.7326  0.6156  0.813333  6.95135e-310
2386 154 3  0.57942  0.83  0.72  8.82837e-312
edge_match: 
from 3 to 4 matchnode 96

96 118 3  0.679776  0.6308  0.665  8.82792e-312
96 5706 3  0.62415  0.5187  0.7025  8.82792e-312
from 3 to 4 matchnode 154

154 118 3  0.922082  0.6142  0.655  8.82837e-312
154 5706 2  0.6984  0.7068  0.613333  8.82837e-312
edge_match: 
from 4 to 1 matchnode 118

118 4140 3  0.72459  0.5451  0.645  8.82813e-312
from 4 to 2 matchnode 118

118 1834 3  0.931491  0.731962  0.8025  6.95135e-310
118 2386 3  0.777843  0.76048  0.7975  6.95135e-310
from 4 to 3 matchnode 118

118 96 3  0.58905  0.54945  0.5075  8.82837e-312
118 154 3  0.536544  0.69984  0.54  8.82861e-312
from 4 to 1 matchnode 5706

5706 4140 3  0.640872  0.76608  0.56  8.82813e-312
from 4 to 2 matchnode 5706

5706 1834 2  0.7178  0.7546  0.81  8.82794e-312
5706 2386 2  0.5994  0.784  0.803333  8.82794e-312
from 4 to 3 matchnode 5706

5706 96 2  0.5148  0.7452  0.763333  8.82837e-312
5706 154 3  0.5328  0.62426  0.6325  8.82861e-312

pattern answer16:
vertex1: 节点个数 1
4829 1 0.96
vertex2: 节点个数 2
84 2 0.72
1834 2 0.81
vertex3: 节点个数 2
154 3 0.64
286 3 0.64
vertex4: 节点个数 2
2583 4 0.71
4741 4 0.62
edge_match: 
from 1 to 3 matchnode 4829

4829 154 3  0.56448  0.6175  0.755  8.82813e-312
4829 286 3  0.620024  0.75272  0.7825  8.82813e-312
from 1 to 4 matchnode 4829

4829 2583 3  0.667368  0.7161  0.63  0
4829 4741 3  0.64728  0.645408  0.6975  0
edge_match: 
from 2 to 1 matchnode 84

84 4829 3  0.5776  0.67032  0.535  8.82813e-312
from 2 to 3 matchnode 84

84 154 3  0.674926  0.628452  0.8025  8.82837e-312
84 286 3  0.6532  0.534006  0.75  8.82825e-312
from 2 to 1 matchnode 1834

1834 4829 3  0.72036  0.515592  0.7025  8.82813e-312
from 2 to 3 matchnode 1834

1834 154 3  0.648  0.61789  0.675  8.82837e-312
1834 286 2  0.6552  0.616  0.77  8.82825e-312
edge_match: 
from 3 to 4 matchnode 154

154 2583 3  0.513324  0.752928  0.805  8.82837e-312
154 4741 3  0.9118  0.730701  0.63  8.82837e-312
from 3 to 4 matchnode 286

286 2583 3  0.602454  0.538005  0.675  8.82808e-312
286 4741 2  0.9118  0.7857  0.626667  8.82808e-312
edge_match: 
from 4 to 1 matchnode 2583

2583 4829 3  0.58608  0.803985  0.7075  8.82791e-312
from 4 to 2 matchnode 2583

2583 84 2  0.6  0.5487  0.723333  8.82793e-312
2583 1834 3  0.73656  0.541728  0.5325  8.82793e-312
from 4 to 3 matchnode 2583

2583 154 3  0.6992  0.736281  0.745  8.82861e-312
2583 286 3  0.571896  0.80316  0.7  8.82791e-312
from 4 to 1 matchnode 4741

4741 4829 3  0.639952  0.67797  0.6925  8.82791e-312
from 4 to 2 matchnode 4741

4741 84 3  0.7176  0.839325  0.715  8.8283e-312
4741 1834 3  0.749034  0.724185  0.7975  8.8283e-312
from 4 to 3 matchnode 4741

4741 154 2  0.6532  0.6231  0.67  8.82861e-312
4741 286 2  0.5796  0.6912  0.663333  8.82791e-312

pattern answer17:
vertex1: 节点个数 1
4913 1 0.58
vertex2: 节点个数 2
5203 2 0.88
12853 2 0.85
vertex3: 节点个数 2
154 3 0.64
1067 3 0.61
vertex4: 节点个数 2
5552 4 0.7
8593 4 0.92
edge_match: 
from 1 to 3 matchnode 4913

4913 154 3  0.648  0.71344  0.555  8.82813e-312
4913 1067 3  0.7476  0.50778  0.59  8.82813e-312
from 1 to 4 matchnode 4913

4913 5552 3  0.52992  0.586628  0.605  0
4913 8593 3  0.65268  0.53508  0.7275  0
edge_match: 
from 2 to 1 matchnode 5203

5203 4913 3  0.610906  0.817344  0.6525  8.8282e-312
from 2 to 3 matchnode 5203

5203 154 2  0.688  0.6188  0.72  8.82837e-312
5203 1067 3  0.775376  0.720099  0.77  8.82837e-312
from 2 to 1 matchnode 12853

12853 4913 3  0.715204  0.6264  0.6075  8.8282e-312
from 2 to 3 matchnode 12853

12853 154 3  0.526613  0.634926  0.75  8.82837e-312
12853 1067 2  0.5185  0.7216  0.67  8.82837e-312
edge_match: 
from 3 to 4 matchnode 154

154 5552 3  0.875425  0.589632  0.7275  8.82837e-312
154 8593 3  0.799765  0.6882  0.65  8.82837e-312
from 3 to 4 matchnode 1067

1067 5552 3  0.749034  0.507408  0.7275  8.82836e-312
1067 8593 3  0.58212  0.588588  0.735  8.82836e-312
edge_match: 
from 4 to 1 matchnode 5552

5552 4913 3  0.529254  0.518848  0.7375  8.82791e-312
from 4 to 2 matchnode 5552

5552 5203 3  0.555632  0.636706  0.59  8.82846e-312
5552 12853 3  0.7144  0.61446  0.5775  8.82846e-312
from 4 to 3 matchnode 5552

5552 154 3  0.567644  0.610944  0.5825  8.82861e-312
5552 1067 3  0.873873  0.55328  0.7  8.82838e-312
from 4 to 1 matchnode 8593

8593 4913 3  0.58905  0.588  0.5625  8.82791e-312
from 4 to 2 matchnode 8593

8593 5203 3  0.613785  0.8075  0.81  8.82846e-312
8593 12853 3  0.56202  0.5022  0.795  8.82846e-312
from 4 to 3 matchnode 8593

8593 154 3  0.70805  0.504735  0.745  8.82861e-312
8593 1067 3  0.830208  0.69445  0.6575  8.82838e-312

pattern answer18:
vertex1: 节点个数 1
5013 1 0.62
vertex2: 节点个数 2
84 2 0.72
2386 2 0.79
vertex3: 节点个数 2
286 3 0.64
533 3 0.99
vertex4: 节点个数 2
2583 4 0.71
5706 4 0.64
edge_match: 
from 1 to 3 matchnode 5013

5013 286 2  0.783  0.6237  0.543333  8.82847e-312
5013 533 2  0.5822  0.7912  0.836667  8.82847e-312
from 1 to 4 matchnode 5013

5013 2583 3  0.658854  0.642048  0.62  0
5013 5706 3  0.61677  0.828234  0.505  0
edge_match: 
from 2 to 1 matchnode 84

84 5013 3  0.523412  0.810612  0.7975  3.16098e-313
from 2 to 3 matchnode 84

84 286 3  0.6532  0.534006  0.75  8.82825e-312
84 533 3  0.608256  0.688644  0.7375  8.82809e-312
from 2 to 1 matchnode 2386

2386 5013 3  0.729828  0.515844  0.815  3.16098e-313
from 2 to 3 matchnode 2386

2386 286 2  0.8811  0.5846  0.696667  8.82825e-312
2386 533 3  0.534204  0.515844  0.92  8.82809e-312
edge_match: 
from 3 to 4 matchnode 286

286 2583 3  0.602454  0.538005  0.675  8.82808e-312
286 5706 3  0.684  0.574028  0.69  8.82808e-312
from 3 to 4 matchnode 533

533 2583 3  0.660672  0.6789  0.715  8.82809e-312
533 5706 3  0.558256  0.7392  0.7725  8.82809e-312
edge_match: 
from 4 to 1 matchnode 2583

2583 5013 3  0.53544  0.649344  0.62  8.8287e-312
from 4 to 2 matchnode 2583

2583 84 2  0.6  0.5487  0.723333  8.82793e-312
2583 2386 3  0.8554  0.50778  0.735  8.82793e-312
from 4 to 3 matchnode 2583

2583 286 3  0.571896  0.80316  0.7  8.82791e-312
2583 533 3  0.618552  0.536544  0.7725  8.83807e-312
from 4 to 1 matchnode 5706

5706 5013 2  0.5985  0.578  0.533333  8.8287e-312
from 4 to 2 matchnode 5706

5706 84 3  0.65682  0.57408  0.54  8.82794e-312
5706 2386 2  0.5994  0.784  0.803333  8.82794e-312
from 4 to 3 matchnode 5706

5706 286 2  0.6966  0.5772  0.7  8.82791e-312
5706 533 3  0.673134  0.667368  0.525  8.83807e-312

pattern answer19:
vertex1: 节点个数 1
5014 1 0.54
vertex2: 节点个数 2
2242 2 0.58
2386 2 0.79
vertex3: 节点个数 2
96 3 0.69
154 3 0.64
vertex4: 节点个数 2
118 4 0.84
2305 4 0.71
edge_match: 
from 1 to 3 matchnode 5014

5014 96 3  0.51264  0.67716  0.515  8.82861e-312
5014 154 3  0.640677  0.574938  0.56  8.82861e-312
from 1 to 4 matchnode 5014

5014 118 3  0.702429  0.530712  0.61  0
5014 2305 3  0.73656  0.687148  0.72  0
edge_match: 
from 2 to 1 matchnode 2242

2242 5014 3  0.706266  0.749112  0.565  3.16098e-313
from 2 to 3 matchnode 2242

2242 96 2  0.6208  0.6336  0.573333  6.95135e-310
2242 154 3  0.578411  0.535424  0.6575  8.82837e-312
from 2 to 1 matchnode 2386

2386 5014 3  0.671814  0.78204  0.6175  3.16098e-313
from 2 to 3 matchnode 2386

2386 96 2  0.7326  0.6156  0.813333  6.95135e-310
2386 154 3  0.57942  0.83  0.72  8.82837e-312
edge_match: 
from 3 to 4 matchnode 96

96 118 3  0.679776  0.6308  0.665  8.82792e-312
96 2305 3  0.79002  0.606624  0.73  8.82792e-312
from 3 to 4 matchnode 154

154 118 3  0.922082  0.6142  0.655  8.82837e-312
154 2305 2  0.83  0.6696  0.663333  8.82837e-312
edge_match: 
from 4 to 1 matchnode 118

118 5014 3  0.628366  0.614592  0.6025  8.82875e-312
from 4 to 2 matchnode 118

118 2242 3  0.51408  0.522  0.535  6.95135e-310
118 2386 3  0.777843  0.76048  0.7975  6.95135e-310
from 4 to 3 matchnode 118

118 96 3  0.58905  0.54945  0.5075  8.82837e-312
118 154 3  0.536544  0.69984  0.54  8.82861e-312
from 4 to 1 matchnode 2305

2305 5014 3  0.5236  0.61304  0.7375  8.82875e-312
from 4 to 2 matchnode 2305

2305 2242 3  0.5831  0.52668  0.695  8.83807e-312
2305 2386 3  0.66  0.679604  0.805  8.83807e-312
from 4 to 3 matchnode 2305

2305 96 3  0.58905  0.664741  0.8125  8.82837e-312
2305 154 3  0.72171  0.611  0.6425  8.82861e-312

pattern answer20:
vertex1: 节点个数 1
5360 1 0.75
vertex2: 节点个数 2
2386 2 0.79
3183 2 0.63
vertex3: 节点个数 2
96 3 0.69
154 3 0.64
vertex4: 节点个数 2
2305 4 0.71
5538 4 0.75
edge_match: 
from 1 to 3 matchnode 5360

5360 96 3  0.50052  0.622468  0.62  8.82773e-312
5360 154 3  0.507892  0.514368  0.53  8.82773e-312
from 1 to 4 matchnode 5360

5360 2305 2  0.7885  0.528  0.723333  0
5360 5538 2  0.6882  0.6622  0.633333  0
edge_match: 
from 2 to 1 matchnode 2386

2386 5360 2  0.693  0.7636  0.72  8.8282e-312
from 2 to 3 matchnode 2386

2386 96 2  0.7326  0.6156  0.813333  6.95135e-310
2386 154 3  0.57942  0.83  0.72  8.82837e-312
from 2 to 1 matchnode 3183

3183 5360 3  0.50787  0.638685  0.535  8.8282e-312
from 2 to 3 matchnode 3183

3183 96 2  0.9801  0.7776  0.76  6.95135e-310
3183 154 3  0.765072  0.5688  0.5625  8.82837e-312
edge_match: 
from 3 to 4 matchnode 96

96 2305 3  0.79002  0.606624  0.73  8.82792e-312
96 5538 3  0.71344  0.5427  0.63  8.82792e-312
from 3 to 4 matchnode 154

154 2305 2  0.83  0.6696  0.663333  8.82837e-312
154 5538 3  0.582912  0.670596  0.7925  8.82837e-312
edge_match: 
from 4 to 1 matchnode 2305

2305 5360 3  0.646866  0.616358  0.725  8.82773e-312
from 4 to 2 matchnode 2305

2305 2386 3  0.66  0.679604  0.805  8.83807e-312
2305 3183 3  0.55803  0.7742  0.7825  8.83807e-312
from 4 to 3 matchnode 2305

2305 96 3  0.58905  0.664741  0.8125  8.82837e-312
2305 154 3  0.72171  0.611  0.6425  8.82861e-312
from 4 to 1 matchnode 5538

5538 5360 3  0.537962  0.64974  0.6025  8.82773e-312
from 4 to 2 matchnode 5538

5538 2386 2  0.6424  0.6174  0.783333  6.95135e-310
5538 3183 3  0.712264  0.699732  0.665  6.95135e-310
from 4 to 3 matchnode 5538

5538 96 3  0.667755  0.6859  0.5425  8.82837e-312
5538 154 2  0.6912  0.5265  0.553333  8.82861e-312

pattern answer21:
vertex1: 节点个数 1
5562 1 0.72
vertex2: 节点个数 2
2850 2 0.9
5641 2 0.8
vertex3: 节点个数 2
2413 3 0.81
2487 3 0.9
vertex4: 节点个数 2
118 4 0.84
19298 4 0.93
edge_match: 
from 1 to 3 matchnode 5562

5562 2413 3  0.510326  0.51264  0.5325  8.82773e-312
5562 2487 3  0.6106  0.5796  0.5775  8.82773e-312
from 1 to 4 matchnode 5562

5562 118 3  0.54735  0.838953  0.5475  0
5562 19298 3  0.657384  0.5568  0.5  0
edge_match: 
from 2 to 1 matchnode 2850

2850 5562 3  0.550368  0.82935  0.6675  0
from 2 to 3 matchnode 2850

2850 2413 3  0.642096  0.761024  0.6475  8.82829e-312
2850 2487 3  0.564676  0.549666  0.655  8.82837e-312
from 2 to 1 matchnode 5641

5641 5562 3  0.761852  0.62622  0.5075  0
from 2 to 3 matchnode 5641

5641 2413 2  0.6192  0.8051  0.706667  8.82829e-312
5641 2487 3  0.72369  0.6864  0.7425  8.82837e-312
edge_match: 
from 3 to 4 matchnode 2413

2413 118 3  0.633216  0.626688  0.695  8.82846e-312
2413 19298 3  0.59976  0.54464  0.745  8.82846e-312
from 3 to 4 matchnode 2487

2487 118 3  0.76032  0.586154  0.62  8.82837e-312
2487 19298 3  0.50193  0.586176  0.7125  8.82837e-312
edge_match: 
from 4 to 1 matchnode 118

118 5562 3  0.50232  0.76095  0.655  8.82773e-312
from 4 to 2 matchnode 118

118 2850 3  0.532818  0.6327  0.745  6.95135e-310
118 5641 2  0.5984  0.6468  0.876667  6.95135e-310
from 4 to 3 matchnode 118

118 2413 2  0.8118  0.6402  0.743333  8.82783e-312
118 2487 2  0.6336  0.567  0.776667  8.82797e-312
from 4 to 1 matchnode 19298

19298 5562 3  0.544563  0.64974  0.6325  8.82773e-312
from 4 to 2 matchnode 19298

19298 2850 3  0.621  0.634452  0.87  8.83807e-312
19298 5641 3  0.71982  0.714987  0.8075  8.83807e-312
from 4 to 3 matchnode 19298

19298 2413 3  0.70965  0.567648  0.8775  8.82783e-312
19298 2487 3  0.651744  0.551088  0.5625  8.82797e-312

pattern answer22:
vertex1: 节点个数 1
5818 1 0.77
vertex2: 节点个数 2
2386 2 0.79
3245 2 0.63
vertex3: 节点个数 2
1067 3 0.61
2413 3 0.81
vertex4: 节点个数 2
2583 4 0.71
8064 4 0.73
edge_match: 
from 1 to 3 matchnode 5818

5818 1067 2  0.7826  0.5766  0.736667  8.82773e-312
5818 2413 3  0.757944  0.626808  0.655  8.82773e-312
from 1 to 4 matchnode 5818

5818 2583 3  0.7505  0.7482  0.67  0
5818 8064 3  0.506944  0.623844  0.5375  0
edge_match: 
from 2 to 1 matchnode 2386

2386 5818 3  0.742995  0.562464  0.7825  0
from 2 to 3 matchnode 2386

2386 1067 2  0.6003  0.9118  0.793333  8.82837e-312
2386 2413 2  0.5694  0.9506  0.783333  8.82829e-312
from 2 to 1 matchnode 3245

3245 5818 3  0.612498  0.597168  0.685  0
from 2 to 3 matchnode 3245

3245 1067 3  0.643104  0.56648  0.6025  8.82837e-312
3245 2413 3  0.549909  0.665322  0.69  8.82829e-312
edge_match: 
from 3 to 4 matchnode 1067

1067 2583 2  0.9603  0.8184  0.736667  8.82836e-312
1067 8064 2  0.7565  0.57  0.56  8.82836e-312
from 3 to 4 matchnode 2413

2413 2583 3  0.64152  0.769986  0.7325  8.82846e-312
2413 8064 3  0.801801  0.820911  0.54  8.82846e-312
edge_match: 
from 4 to 1 matchnode 2583

2583 5818 3  0.729828  0.793702  0.6175  8.82773e-312
from 4 to 2 matchnode 2583

2583 2386 3  0.8554  0.50778  0.735  8.82793e-312
2583 3245 3  0.55366  0.53808  0.7475  8.82793e-312
from 4 to 3 matchnode 2583

2583 1067 3  0.836352  0.63504  0.5175  8.82838e-312
2583 2413 3  0.718536  0.58968  0.74  8.82783e-312
from 4 to 1 matchnode 8064

8064 5818 2  0.5772  0.5135  0.763333  8.82773e-312
from 4 to 2 matchnode 8064

8064 2386 3  0.6396  0.52992  0.625  8.83807e-312
8064 3245 3  0.74  0.76032  0.5975  8.83807e-312
from 4 to 3 matchnode 8064

8064 1067 3  0.55131  0.71896  0.7  8.82838e-312
8064 2413 3  0.516672  0.51597  0.6075  8.82783e-312

pattern answer23:
vertex1: 节点个数 1
5831 1 0.69
vertex2: 节点个数 2
2386 2 0.79
5203 2 0.88
vertex3: 节点个数 2
96 3 0.69
286 3 0.64
vertex4: 节点个数 2
2305 4 0.71
5538 4 0.75
edge_match: 
from 1 to 3 matchnode 5831

5831 96 3  0.594297  0.6308  0.7  8.82773e-312
5831 286 3  0.620994  0.539649  0.515  8.82773e-312
from 1 to 4 matchnode 5831

5831 2305 3  0.731808  0.573496  0.63  0
5831 5538 2  0.5148  0.6499  0.743333  0
edge_match: 
from 2 to 1 matchnode 2386

2386 5831 3  0.54033  0.719992  0.765  3.16098e-313
from 2 to 3 matchnode 2386

2386 96 2  0.7326  0.6156  0.813333  6.95135e-310
2386 286 2  0.8811  0.5846  0.696667  8.82825e-312
from 2 to 1 matchnode 5203

5203 5831 3  0.71712  0.66248  0.85  3.16098e-313
from 2 to 3 matchnode 5203

5203 96 3  0.6579  0.65504  0.6625  6.95135e-310
5203 286 1  0.8  0.91  0.76  8.82825e-312
edge_match: 
from 3 to 4 matchnode 96

96 2305 3  0.79002  0.606624  0.73  8.82792e-312
96 5538 3  0.71344  0.5427  0.63  8.82792e-312
from 3 to 4 matchnode 286

286 2305 1  0.83  0.72  0.675  8.82808e-312
286 5538 3  0.658752  0.553472  0.775  8.82808e-312
edge_match: 
from 4 to 1 matchnode 2305

2305 5831 3  0.701428  0.675024  0.63  8.82773e-312
from 4 to 2 matchnode 2305

2305 2386 3  0.66  0.679604  0.805  8.83807e-312
2305 5203 1  0.92  0.82  0.795  8.83807e-312
from 4 to 3 matchnode 2305

2305 96 3  0.58905  0.664741  0.8125  8.82837e-312
2305 286 2  0.736  0.7462  0.743333  8.82791e-312
from 4 to 1 matchnode 5538

5538 5831 3  0.569546  0.642096  0.8025  8.82773e-312
from 4 to 2 matchnode 5538

5538 2386 2  0.6424  0.6174  0.783333  6.95135e-310
5538 5203 2  0.657  0.588  0.813333  6.95135e-310
from 4 to 3 matchnode 5538

5538 96 3  0.667755  0.6859  0.5425  8.82837e-312
5538 286 3  0.552318  0.912576  0.665  8.82791e-312

pattern answer24:
vertex1: 节点个数 1
5939 1 0.75
vertex2: 节点个数 2
2386 2 0.79
2850 2 0.9
vertex3: 节点个数 2
96 3 0.69
154 3 0.64
vertex4: 节点个数 2
2305 4 0.71
5538 4 0.75
edge_match: 
from 1 to 3 matchnode 5939

5939 96 2  0.729  0.8188  0.793333  8.82773e-312
5939 154 3  0.76912  0.781704  0.5825  8.82773e-312
from 1 to 4 matchnode 5939

5939 2305 3  0.803225  0.580041  0.5525  0
5939 5538 3  0.60021  0.816255  0.5825  0
edge_match: 
from 2 to 1 matchnode 2386

2386 5939 3  0.561834  0.53784  0.625  0
from 2 to 3 matchnode 2386

2386 96 2  0.7326  0.6156  0.813333  6.95135e-310
2386 154 3  0.57942  0.83  0.72  8.82837e-312
from 2 to 1 matchnode 2850

2850 5939 3  0.74088  0.5076  0.7375  0
from 2 to 3 matchnode 2850

2850 96 3  0.715176  0.563436  0.735  6.95135e-310
2850 154 1  0.92  0.84  0.77  8.82837e-312
edge_match: 
from 3 to 4 matchnode 96

96 2305 3  0.79002  0.606624  0.73  8.82792e-312
96 5538 3  0.71344  0.5427  0.63  8.82792e-312
from 3 to 4 matchnode 154

154 2305 2  0.83  0.6696  0.663333  8.82837e-312
154 5538 3  0.582912  0.670596  0.7925  8.82837e-312
edge_match: 
from 4 to 1 matchnode 2305

2305 5939 2  0.7546  0.6984  0.79  8.82773e-312
from 4 to 2 matchnode 2305

2305 2386 3  0.66  0.679604  0.805  8.83807e-312
2305 2850 3  0.517132  0.7566  0.87  8.83807e-312
from 4 to 3 matchnode 2305

2305 96 3  0.58905  0.664741  0.8125  8.82837e-312
2305 154 3  0.72171  0.611  0.6425  8.82861e-312
from 4 to 1 matchnode 5538

5538 5939 3  0.513324  0.503424  0.81  8.82773e-312
from 4 to 2 matchnode 5538

5538 2386 2  0.6424  0.6174  0.783333  6.95135e-310
5538 2850 3  0.660376  0.509496  0.795  6.95135e-310
from 4 to 3 matchnode 5538

5538 96 3  0.667755  0.6859  0.5425  8.82837e-312
5538 154 2  0.6912  0.5265  0.553333  8.82861e-312

pattern answer25:
vertex1: 节点个数 1
5971 1 0.87
vertex2: 节点个数 2
2850 2 0.9
5203 2 0.88
vertex3: 节点个数 2
94 3 0.96
154 3 0.64
vertex4: 节点个数 2
118 4 0.84
1283 4 0.52
edge_match: 
from 1 to 3 matchnode 5971

5971 94 3  0.717024  0.614592  0.685  8.82773e-312
5971 154 3  0.769672  0.81189  0.63  8.82773e-312
from 1 to 4 matchnode 5971

5971 118 3  0.562716  0.5049  0.675  0
5971 1283 2  0.819  0.504  0.776667  0
edge_match: 
from 2 to 1 matchnode 2850

2850 5971 3  0.613872  0.663264  0.6375  3.16098e-313
from 2 to 3 matchnode 2850

2850 94 3  0.51744  0.790356  0.745  6.95135e-310
2850 154 1  0.92  0.84  0.77  8.82837e-312
from 2 to 1 matchnode 5203

5203 5971 3  0.748743  0.70176  0.5075  3.16098e-313
from 2 to 3 matchnode 5203

5203 94 3  0.53352  0.620136  0.705  6.95135e-310
5203 154 2  0.688  0.6188  0.72  8.82837e-312
edge_match: 
from 3 to 4 matchnode 94

94 118 2  0.696  0.66  0.903333  8.82783e-312
94 1283 3  0.537674  0.637925  0.52  8.82783e-312
from 3 to 4 matchnode 154

154 118 3  0.922082  0.6142  0.655  8.82837e-312
154 1283 2  0.8924  0.6068  0.72  8.82837e-312
edge_match: 
from 4 to 1 matchnode 118

118 5971 3  0.57942  0.505448  0.6975  8.82773e-312
from 4 to 2 matchnode 118

118 2850 3  0.532818  0.6327  0.745  6.95135e-310
118 5203 3  0.5244  0.700608  0.785  6.95135e-310
from 4 to 3 matchnode 118

118 94 3  0.504576  0.51408  0.755  8.82818e-312
118 154 3  0.536544  0.69984  0.54  8.82861e-312
from 4 to 1 matchnode 1283

1283 5971 2  0.6248  0.9506  0.576667  8.82773e-312
from 4 to 2 matchnode 1283

1283 2850 3  0.592614  0.673794  0.615  8.82896e-312
1283 5203 3  0.748743  0.611065  0.68  8.82896e-312
from 4 to 3 matchnode 1283

1283 94 3  0.801705  0.502848  0.6675  8.82818e-312
1283 154 3  0.556974  0.829374  0.5575  8.82861e-312

pattern answer26:
vertex1: 节点个数 1
5992 1 0.9
vertex2: 节点个数 2
2386 2 0.79
2850 2 0.9
vertex3: 节点个数 2
154 3 0.64
1067 3 0.61
vertex4: 节点个数 2
118 4 0.84
5552 4 0.7
edge_match: 
from 1 to 3 matchnode 5992

5992 154 2  0.9016  0.5313  0.796667  8.82812e-312
5992 1067 1  0.88  0.65  0.755  8.82812e-312
from 1 to 4 matchnode 5992

5992 118 2  0.6633  0.6942  0.82  0
5992 5552 2  0.8091  0.6231  0.573333  0
edge_match: 
from 2 to 1 matchnode 2386

2386 5992 3  0.7047  0.598752  0.6575  3.16098e-313
from 2 to 3 matchnode 2386

2386 154 3  0.57942  0.83  0.72  8.82837e-312
2386 1067 2  0.6003  0.9118  0.793333  8.82837e-312
from 2 to 1 matchnode 2850

2850 5992 3  0.6552  0.62567  0.8225  3.16098e-313
from 2 to 3 matchnode 2850

2850 154 1  0.92  0.84  0.77  8.82837e-312
2850 1067 3  0.595944  0.660726  0.7525  8.82837e-312
edge_match: 
from 3 to 4 matchnode 154

154 118 3  0.922082  0.6142  0.655  8.82837e-312
154 5552 3  0.875425  0.589632  0.7275  8.82837e-312
from 3 to 4 matchnode 1067

1067 118 2  0.551  0.5084  0.746667  8.82836e-312
1067 5552 3  0.749034  0.507408  0.7275  8.82836e-312
edge_match: 
from 4 to 1 matchnode 118

118 5992 3  0.52992  0.537471  0.7325  8.82859e-312
from 4 to 2 matchnode 118

118 2386 3  0.777843  0.76048  0.7975  6.95135e-310
118 2850 3  0.532818  0.6327  0.745  6.95135e-310
from 4 to 3 matchnode 118

118 154 3  0.536544  0.69984  0.54  8.82861e-312
118 1067 3  0.662607  0.893564  0.7525  8.82838e-312
from 4 to 1 matchnode 5552

5552 5992 3  0.508128  0.56248  0.5  8.82859e-312
from 4 to 2 matchnode 5552

5552 2386 3  0.68526  0.51992  0.82  8.82846e-312
5552 2850 3  0.642528  0.656656  0.7  8.82846e-312
from 4 to 3 matchnode 5552

5552 154 3  0.567644  0.610944  0.5825  8.82861e-312
5552 1067 3  0.873873  0.55328  0.7  8.82838e-312

pattern answer27:
vertex1: 节点个数 1
6562 1 0.99
vertex2: 节点个数 2
1834 2 0.81
2386 2 0.79
vertex3: 节点个数 2
154 3 0.64
6169 3 0.97
vertex4: 节点个数 2
118 4 0.84
2583 4 0.71
edge_match: 
from 1 to 3 matchnode 6562

6562 154 3  0.521074  0.670852  0.6225  8.8281e-312
6562 6169 2  0.5358  0.5922  0.98  8.8281e-312
from 1 to 4 matchnode 6562

6562 118 3  0.688644  0.532665  0.8825  0
6562 2583 3  0.550572  0.836  0.835  0
edge_match: 
from 2 to 1 matchnode 1834

1834 6562 3  0.61965  0.604504  0.825  0
from 2 to 3 matchnode 1834

1834 154 3  0.648  0.61789  0.675  8.82837e-312
1834 6169 3  0.62748  0.820224  0.7325  8.82837e-312
from 2 to 1 matchnode 2386

2386 6562 3  0.598995  0.604504  0.82  0
from 2 to 3 matchnode 2386

2386 154 3  0.57942  0.83  0.72  8.82837e-312
2386 6169 3  0.710424  0.74404  0.73  8.82837e-312
edge_match: 
from 3 to 4 matchnode 154

154 118 3  0.922082  0.6142  0.655  8.82837e-312
154 2583 3  0.513324  0.752928  0.805  8.82837e-312
from 3 to 4 matchnode 6169

6169 118 2  0.7098  0.6318  0.78  8.82846e-312
6169 2583 2  0.6885  0.5776  0.87  8.82846e-312
edge_match: 
from 4 to 1 matchnode 118

118 6562 3  0.62856  0.611064  0.6325  8.8281e-312
from 4 to 2 matchnode 118

118 1834 3  0.931491  0.731962  0.8025  6.95135e-310
118 2386 3  0.777843  0.76048  0.7975  6.95135e-310
from 4 to 3 matchnode 118

118 154 3  0.536544  0.69984  0.54  8.82861e-312
118 6169 3  0.71136  0.61074  0.8425  8.82852e-312
from 4 to 1 matchnode 2583

2583 6562 2  0.8019  0.6642  0.74  8.8281e-312
from 4 to 2 matchnode 2583

2583 1834 3  0.73656  0.541728  0.5325  8.82793e-312
2583 2386 3  0.8554  0.50778  0.735  8.82793e-312
from 4 to 3 matchnode 2583

2583 154 3  0.6992  0.736281  0.745  8.82861e-312
2583 6169 3  0.69654  0.704168  0.7875  8.82852e-312

pattern answer28:
vertex1: 节点个数 1
6746 1 0.71
vertex2: 节点个数 2
1834 2 0.81
2346 2 0.93
vertex3: 节点个数 2
96 3 0.69
1067 3 0.61
vertex4: 节点个数 2
118 4 0.84
5706 4 0.64
edge_match: 
from 1 to 3 matchnode 6746

6746 96 3  0.551232  0.542376  0.72  8.8282e-312
6746 1067 3  0.811008  0.56448  0.5175  8.8282e-312
from 1 to 4 matchnode 6746

6746 118 3  0.903264  0.50796  0.5525  0
6746 5706 3  0.693216  0.66348  0.595  0
edge_match: 
from 2 to 1 matchnode 1834

1834 6746 3  0.68085  0.619248  0.755  3.16098e-313
from 2 to 3 matchnode 1834

1834 96 3  0.6642  0.60431  0.855  6.95135e-310
1834 1067 2  0.621  0.9118  0.8  8.82837e-312
from 2 to 1 matchnode 2346

2346 6746 2  0.6675  0.546  0.72  3.16098e-313
from 2 to 3 matchnode 2346

2346 96 3  0.8036  0.572908  0.5225  6.95135e-310
2346 1067 3  0.5016  0.720322  0.5975  8.82837e-312
edge_match: 
from 3 to 4 matchnode 96

96 118 3  0.679776  0.6308  0.665  8.82792e-312
96 5706 3  0.62415  0.5187  0.7025  8.82792e-312
from 3 to 4 matchnode 1067

1067 118 2  0.551  0.5084  0.746667  8.82836e-312
1067 5706 3  0.574992  0.64512  0.52  8.82836e-312
edge_match: 
from 4 to 1 matchnode 118

118 6746 3  0.69064  0.625968  0.5625  8.8282e-312
from 4 to 2 matchnode 118

118 1834 3  0.931491  0.731962  0.8025  6.95135e-310
118 2346 3  0.550528  0.60368  0.8025  6.95135e-310
from 4 to 3 matchnode 118

118 96 3  0.58905  0.54945  0.5075  8.82837e-312
118 1067 3  0.662607  0.893564  0.7525  8.82838e-312
from 4 to 1 matchnode 5706

5706 6746 1  0.93  0.58  0.675  8.8282e-312
from 4 to 2 matchnode 5706

5706 1834 2  0.7178  0.7546  0.81  8.82794e-312
5706 2346 1  0.9  0.85  0.785  8.82794e-312
from 4 to 3 matchnode 5706

5706 96 2  0.5148  0.7452  0.763333  8.82837e-312
5706 1067 2  0.5106  0.9212  0.743333  8.82838e-312

pattern answer29:
vertex1: 节点个数 1
7311 1 0.6
vertex2: 节点个数 2
2386 2 0.79
2850 2 0.9
vertex3: 节点个数 2
96 3 0.69
154 3 0.64
vertex4: 节点个数 2
2305 4 0.71
2583 4 0.71
edge_match: 
from 1 to 3 matchnode 7311

7311 96 3  0.707168  0.647094  0.64  8.8281e-312
7311 154 3  0.7429  0.512904  0.7475  8.8281e-312
from 1 to 4 matchnode 7311

7311 2305 3  0.70224  0.633888  0.7075  0
7311 2583 3  0.52272  0.65472  0.61  0
edge_match: 
from 2 to 1 matchnode 2386

2386 7311 2  0.6072  0.5852  0.783333  8.8281e-312
from 2 to 3 matchnode 2386

2386 96 2  0.7326  0.6156  0.813333  6.95135e-310
2386 154 3  0.57942  0.83  0.72  8.82837e-312
from 2 to 1 matchnode 2850

2850 7311 1  0.54  0.79  0.75  8.8281e-312
from 2 to 3 matchnode 2850

2850 96 3  0.715176  0.563436  0.735  6.95135e-310
2850 154 1  0.92  0.84  0.77  8.82837e-312
edge_match: 
from 3 to 4 matchnode 96

96 2305 3  0.79002  0.606624  0.73  8.82792e-312
96 2583 3  0.58806  0.62656  0.6325  8.82792e-312
from 3 to 4 matchnode 154

154 2305 2  0.83  0.6696  0.663333  8.82837e-312
154 2583 3  0.513324  0.752928  0.805  8.82837e-312
edge_match: 
from 4 to 1 matchnode 2305

2305 7311 3  0.72036  0.642224  0.635  8.8281e-312
from 4 to 2 matchnode 2305

2305 2386 3  0.66  0.679604  0.805  8.83807e-312
2305 2850 3  0.517132  0.7566  0.87  8.83807e-312
from 4 to 3 matchnode 2305

2305 96 3  0.58905  0.664741  0.8125  8.82837e-312
2305 154 3  0.72171  0.611  0.6425  8.82861e-312
from 4 to 1 matchnode 2583

2583 7311 3  0.706266  0.619974  0.545  8.8281e-312
from 4 to 2 matchnode 2583

2583 2386 3  0.8554  0.50778  0.735  8.82793e-312
2583 2850 3  0.55176  0.830208  0.63  8.82793e-312
from 4 to 3 matchnode 2583

2583 96 3  0.921294  0.6561  0.8375  8.82837e-312
2583 154 3  0.6992  0.736281  0.745  8.82861e-312

pattern answer30:
vertex1: 节点个数 1
8145 1 0.63
vertex2: 节点个数 2
2850 2 0.9
5203 2 0.88
vertex3: 节点个数 2
94 3 0.96
154 3 0.64
vertex4: 节点个数 2
118 4 0.84
1283 4 0.52
edge_match: 
from 1 to 3 matchnode 8145

8145 94 3  0.58482  0.548208  0.785  8.8281e-312
8145 154 3  0.509124  0.652228  0.7025  8.8281e-312
from 1 to 4 matchnode 8145

8145 118 3  0.768645  0.591712  0.77  0
8145 1283 3  0.775866  0.656328  0.645  0
edge_match: 
from 2 to 1 matchnode 2850

2850 8145 3  0.5976  0.77503  0.7275  0
from 2 to 3 matchnode 2850

2850 94 3  0.51744  0.790356  0.745  6.95135e-310
2850 154 1  0.92  0.84  0.77  8.82837e-312
from 2 to 1 matchnode 5203

5203 8145 2  0.6745  0.62  0.533333  0
from 2 to 3 matchnode 5203

5203 94 3  0.53352  0.620136  0.705  6.95135e-310
5203 154 2  0.688  0.6188  0.72  8.82837e-312
edge_match: 
from 3 to 4 matchnode 94

94 118 2  0.696  0.66  0.903333  8.82783e-312
94 1283 3  0.537674  0.637925  0.52  8.82783e-312
from 3 to 4 matchnode 154

154 118 3  0.922082  0.6142  0.655  8.82837e-312
154 1283 2  0.8924  0.6068  0.72  8.82837e-312
edge_match: 
from 4 to 1 matchnode 118

118 8145 3  0.747  0.704996  0.67  8.8281e-312
from 4 to 2 matchnode 118

118 2850 3  0.532818  0.6327  0.745  6.95135e-310
118 5203 3  0.5244  0.700608  0.785  6.95135e-310
from 4 to 3 matchnode 118

118 94 3  0.504576  0.51408  0.755  8.82818e-312
118 154 3  0.536544  0.69984  0.54  8.82861e-312
from 4 to 1 matchnode 1283

1283 8145 3  0.7425  0.528747  0.5925  8.8281e-312
from 4 to 2 matchnode 1283

1283 2850 3  0.592614  0.673794  0.615  8.82896e-312
1283 5203 3  0.748743  0.611065  0.68  8.82896e-312
from 4 to 3 matchnode 1283

1283 94 3  0.801705  0.502848  0.6675  8.82818e-312
1283 154 3  0.556974  0.829374  0.5575  8.82861e-312

pattern answer31:
vertex1: 节点个数 1
8557 1 0.89
vertex2: 节点个数 2
1834 2 0.81
2386 2 0.79
vertex3: 节点个数 2
154 3 0.64
847 3 0.73
vertex4: 节点个数 2
2305 4 0.71
8196 4 0.82
edge_match: 
from 1 to 3 matchnode 8557

8557 154 3  0.708488  0.576576  0.6825  8.8281e-312
8557 847 3  0.70907  0.7106  0.785  8.8281e-312
from 1 to 4 matchnode 8557

8557 2305 3  0.502751  0.56012  0.7825  0
8557 8196 3  0.5529  0.65736  0.615  0
edge_match: 
from 2 to 1 matchnode 1834

1834 8557 3  0.61479  0.847974  0.8225  3.16098e-313
from 2 to 3 matchnode 1834

1834 154 3  0.648  0.61789  0.675  8.82837e-312
1834 847 3  0.602688  0.57  0.7925  8.8287e-312
from 2 to 1 matchnode 2386

2386 8557 3  0.594297  0.847974  0.8175  3.16098e-313
from 2 to 3 matchnode 2386

2386 154 3  0.57942  0.83  0.72  8.82837e-312
2386 847 3  0.699524  0.648375  0.615  8.8287e-312
edge_match: 
from 3 to 4 matchnode 154

154 2305 2  0.83  0.6696  0.663333  8.82837e-312
154 8196 2  0.8  0.6324  0.7  8.82837e-312
from 3 to 4 matchnode 847

847 2305 3  0.607334  0.654265  0.8125  8.82824e-312
847 8196 3  0.734328  0.661152  0.81  8.82824e-312
edge_match: 
from 4 to 1 matchnode 2305

2305 8557 3  0.8019  0.550095  0.6325  8.8281e-312
from 4 to 2 matchnode 2305

2305 1834 3  0.52256  0.7216  0.6225  8.83807e-312
2305 2386 3  0.66  0.679604  0.805  8.83807e-312
from 4 to 3 matchnode 2305

2305 154 3  0.72171  0.611  0.6425  8.82861e-312
2305 847 3  0.783804  0.580545  0.735  8.82892e-312
from 4 to 1 matchnode 8196

8196 8557 3  0.56448  0.52065  0.6275  8.8281e-312
from 4 to 2 matchnode 8196

8196 1834 3  0.71424  0.665808  0.6  8.82783e-312
8196 2386 2  0.74  0.5518  0.686667  8.82783e-312
from 4 to 3 matchnode 8196

8196 154 3  0.616032  0.612846  0.5575  8.82861e-312
8196 847 2  0.8084  0.532  0.786667  8.82892e-312

pattern answer32:
vertex1: 节点个数 1
9012 1 0.87
vertex2: 节点个数 2
2101 2 0.5
5203 2 0.88
vertex3: 节点个数 2
154 3 0.64
6169 3 0.97
vertex4: 节点个数 2
5538 4 0.75
14187 4 0.86
edge_match: 
from 1 to 3 matchnode 9012

9012 154 3  0.557428  0.632016  0.7  8.8281e-312
9012 6169 3  0.701316  0.650056  0.75  8.8281e-312
from 1 to 4 matchnode 9012

9012 5538 3  0.518584  0.5776  0.5475  0
9012 14187 2  0.6391  0.83  0.806667  0
edge_match: 
from 2 to 1 matchnode 2101

2101 9012 3  0.53599  0.53667  0.62  3.16098e-313
from 2 to 3 matchnode 2101

2101 154 2  0.6278  0.578  0.593333  8.82837e-312
2101 6169 3  0.561216  0.569296  0.6975  8.82837e-312
from 2 to 1 matchnode 5203

5203 9012 3  0.563472  0.76167  0.7525  3.16098e-313
from 2 to 3 matchnode 5203

5203 154 2  0.688  0.6188  0.72  8.82837e-312
5203 6169 3  0.51408  0.53222  0.8075  8.82837e-312
edge_match: 
from 3 to 4 matchnode 154

154 5538 3  0.582912  0.670596  0.7925  8.82837e-312
154 14187 3  0.84778  0.616275  0.515  8.82837e-312
from 3 to 4 matchnode 6169

6169 5538 2  0.532  0.7469  0.706667  8.82846e-312
6169 14187 3  0.68034  0.562875  0.67  8.82846e-312
edge_match: 
from 4 to 1 matchnode 5538

5538 9012 3  0.688415  0.77616  0.64  8.8281e-312
from 4 to 2 matchnode 5538

5538 2101 1  0.55  0.58  0.625  6.95135e-310
5538 5203 2  0.657  0.588  0.813333  6.95135e-310
from 4 to 3 matchnode 5538

5538 154 2  0.6912  0.5265  0.553333  8.82861e-312
5538 6169 2  0.7134  0.5148  0.776667  8.82852e-312
from 4 to 1 matchnode 14187

14187 9012 3  0.71162  0.7857  0.79  8.8281e-312
from 4 to 2 matchnode 14187

14187 2101 2  0.5096  0.5084  0.683333  8.82786e-312
14187 5203 3  0.62909  0.54531  0.7625  8.82786e-312
from 4 to 3 matchnode 14187

14187 154 3  0.538356  0.57195  0.7025  8.82861e-312
14187 6169 3  0.828828  0.642224  0.7475  8.82852e-312

pattern answer33:
vertex1: 节点个数 1
10011 1 0.94
vertex2: 节点个数 2
1451 2 0.78
2101 2 0.5
vertex3: 节点个数 2
96 3 0.69
154 3 0.64
vertex4: 节点个数 2
2305 4 0.71
5538 4 0.75
edge_match: 
from 1 to 3 matchnode 10011

10011 96 3  0.642114  0.667845  0.66  8.8281e-312
10011 154 2  0.6468  0.5775  0.533333  8.8281e-312
from 1 to 4 matchnode 10011

10011 2305 3  0.662418  0.686375  0.66  0
10011 5538 3  0.73568  0.53312  0.5475  0
edge_match: 
from 2 to 1 matchnode 1451

1451 10011 3  0.58006  0.557108  0.675  3.16098e-313
from 2 to 3 matchnode 1451

1451 96 2  0.6435  0.6642  0.81  6.95135e-310
1451 154 2  0.5727  0.5913  0.503333  8.82837e-312
from 2 to 1 matchnode 2101

2101 10011 3  0.549408  0.712166  0.5525  3.16098e-313
from 2 to 3 matchnode 2101

2101 96 3  0.61617  0.527424  0.7125  6.95135e-310
2101 154 2  0.6278  0.578  0.593333  8.82837e-312
edge_match: 
from 3 to 4 matchnode 96

96 2305 3  0.79002  0.606624  0.73  8.82792e-312
96 5538 3  0.71344  0.5427  0.63  8.82792e-312
from 3 to 4 matchnode 154

154 2305 2  0.83  0.6696  0.663333  8.82837e-312
154 5538 3  0.582912  0.670596  0.7925  8.82837e-312
edge_match: 
from 4 to 1 matchnode 2305

2305 10011 3  0.658854  0.8037  0.6075  8.8281e-312
from 4 to 2 matchnode 2305

2305 1451 3  0.65736  0.65934  0.6125  8.83807e-312
2305 2101 3  0.643968  0.56525  0.66  8.83807e-312
from 4 to 3 matchnode 2305

2305 96 3  0.58905  0.664741  0.8125  8.82837e-312
2305 154 3  0.72171  0.611  0.6425  8.82861e-312
from 4 to 1 matchnode 5538

5538 10011 2  0.5723  0.7826  0.57  8.8281e-312
from 4 to 2 matchnode 5538

5538 1451 3  0.8712  0.853776  0.6175  6.95135e-310
5538 2101 1  0.55  0.58  0.625  6.95135e-310
from 4 to 3 matchnode 5538

5538 96 3  0.667755  0.6859  0.5425  8.82837e-312
5538 154 2  0.6912  0.5265  0.553333  8.82861e-312

pattern answer34:
vertex1: 节点个数 1
11341 1 0.78
vertex2: 节点个数 2
2101 2 0.5
3183 2 0.63
vertex3: 节点个数 2
96 3 0.69
286 3 0.64
vertex4: 节点个数 2
2583 4 0.71
5538 4 0.75
edge_match: 
from 1 to 3 matchnode 11341

11341 96 3  0.610944  0.528612  0.52  8.8281e-312
11341 286 3  0.557442  0.52332  0.53  8.8281e-312
from 1 to 4 matchnode 11341

11341 2583 3  0.581418  0.63308  0.7275  0
11341 5538 3  0.630924  0.586628  0.6625  0
edge_match: 
from 2 to 1 matchnode 2101

2101 11341 3  0.517824  0.5226  0.57  8.8282e-312
from 2 to 3 matchnode 2101

2101 96 3  0.61617  0.527424  0.7125  6.95135e-310
2101 286 1  0.73  0.85  0.57  8.82825e-312
from 2 to 1 matchnode 3183

3183 11341 1  0.51  0.98  0.705  8.8282e-312
from 2 to 3 matchnode 3183

3183 96 2  0.9801  0.7776  0.76  6.95135e-310
3183 286 3  0.5256  0.525915  0.545  8.82825e-312
edge_match: 
from 3 to 4 matchnode 96

96 2583 3  0.58806  0.62656  0.6325  8.82792e-312
96 5538 3  0.71344  0.5427  0.63  8.82792e-312
from 3 to 4 matchnode 286

286 2583 3  0.602454  0.538005  0.675  8.82808e-312
286 5538 3  0.658752  0.553472  0.775  8.82808e-312
edge_match: 
from 4 to 1 matchnode 2583

2583 11341 3  0.542004  0.76095  0.82  8.8281e-312
from 4 to 2 matchnode 2583

2583 2101 3  0.595386  0.52955  0.52  8.82793e-312
2583 3183 3  0.777216  0.670032  0.59  8.82793e-312
from 4 to 3 matchnode 2583

2583 96 3  0.921294  0.6561  0.8375  8.82837e-312
2583 286 3  0.571896  0.80316  0.7  8.82791e-312
from 4 to 1 matchnode 5538

5538 11341 3  0.565248  0.516375  0.55  8.8281e-312
from 4 to 2 matchnode 5538

5538 2101 1  0.55  0.58  0.625  6.95135e-310
5538 3183 3  0.712264  0.699732  0.665  6.95135e-310
from 4 to 3 matchnode 5538

5538 96 3  0.667755  0.6859  0.5425  8.82837e-312
5538 286 3  0.552318  0.912576  0.665  8.82791e-312

pattern answer35:
vertex1: 节点个数 1
11490 1 0.54
vertex2: 节点个数 2
2101 2 0.5
2386 2 0.79
vertex3: 节点个数 2
533 3 0.99
1067 3 0.61
vertex4: 节点个数 2
118 4 0.84
2583 4 0.71
edge_match: 
from 1 to 3 matchnode 11490

11490 533 3  0.5472  0.57967  0.845  8.8281e-312
11490 1067 3  0.613785  0.591624  0.675  8.8281e-312
from 1 to 4 matchnode 11490

11490 118 3  0.9108  0.649344  0.7075  0
11490 2583 3  0.523218  0.883872  0.675  0
edge_match: 
from 2 to 1 matchnode 2101

2101 11490 3  0.54684  0.527592  0.545  8.83807e-312
from 2 to 3 matchnode 2101

2101 533 3  0.633888  0.573252  0.6725  8.82809e-312
2101 1067 3  0.500544  0.580944  0.6525  8.82837e-312
from 2 to 1 matchnode 2386

2386 11490 2  0.6956  0.5644  0.626667  8.83807e-312
from 2 to 3 matchnode 2386

2386 533 3  0.534204  0.515844  0.92  8.82809e-312
2386 1067 2  0.6003  0.9118  0.793333  8.82837e-312
edge_match: 
from 3 to 4 matchnode 533

533 118 3  0.509712  0.5893  0.6875  8.82809e-312
533 2583 3  0.660672  0.6789  0.715  8.82809e-312
from 3 to 4 matchnode 1067

1067 118 2  0.551  0.5084  0.746667  8.82836e-312
1067 2583 2  0.9603  0.8184  0.736667  8.82836e-312
edge_match: 
from 4 to 1 matchnode 118

118 11490 3  0.5372  0.809088  0.515  8.8281e-312
from 4 to 2 matchnode 118

118 2101 3  0.538628  0.754272  0.615  6.95135e-310
118 2386 3  0.777843  0.76048  0.7975  6.95135e-310
from 4 to 3 matchnode 118

118 533 3  0.67716  0.572688  0.8025  8.83807e-312
118 1067 3  0.662607  0.893564  0.7525  8.82838e-312
from 4 to 1 matchnode 2583

2583 11490 3  0.667392  0.663264  0.5675  8.8281e-312
from 4 to 2 matchnode 2583

2583 2101 3  0.595386  0.52955  0.52  8.82793e-312
2583 2386 3  0.8554  0.50778  0.735  8.82793e-312
from 4 to 3 matchnode 2583

2583 533 3  0.618552  0.536544  0.7725  8.83807e-312
2583 1067 3  0.836352  0.63504  0.5175  8.82838e-312

pattern answer36:
vertex1: 节点个数 1
11788 1 0.9
vertex2: 节点个数 2
2101 2 0.5
2386 2 0.79
vertex3: 节点个数 2
96 3 0.69
100 3 0.97
vertex4: 节点个数 2
118 4 0.84
2583 4 0.71
edge_match: 
from 1 to 3 matchnode 11788

11788 96 3  0.59655  0.740194  0.535  8.82843e-312
11788 100 3  0.529092  0.5313  0.855  8.82843e-312
from 1 to 4 matchnode 11788

11788 118 2  0.5696  0.7954  0.663333  0
11788 2583 2  0.5808  0.664  0.643333  0
edge_match: 
from 2 to 1 matchnode 2101

2101 11788 3  0.519552  0.519156  0.645  0
from 2 to 3 matchnode 2101

2101 96 3  0.61617  0.527424  0.7125  6.95135e-310
2101 100 3  0.7296  0.79443  0.6325  8.82833e-312
from 2 to 1 matchnode 2386

2386 11788 2  0.5544  0.7315  0.883333  0
from 2 to 3 matchnode 2386

2386 96 2  0.7326  0.6156  0.813333  6.95135e-310
2386 100 3  0.656328  0.679  0.92  8.82833e-312
edge_match: 
from 3 to 4 matchnode 96

96 118 3  0.679776  0.6308  0.665  8.82792e-312
96 2583 3  0.58806  0.62656  0.6325  8.82792e-312
from 3 to 4 matchnode 100

100 118 3  0.9603  0.503562  0.8725  8.83807e-312
100 2583 3  0.667554  0.658812  0.765  8.83807e-312
edge_match: 
from 4 to 1 matchnode 118

118 11788 2  0.8448  0.7332  0.736667  8.82881e-312
from 4 to 2 matchnode 118

118 2101 3  0.538628  0.754272  0.615  6.95135e-310
118 2386 3  0.777843  0.76048  0.7975  6.95135e-310
from 4 to 3 matchnode 118

118 96 3  0.58905  0.54945  0.5075  8.82837e-312
118 100 3  0.57132  0.5168  0.755  8.82843e-312
from 4 to 1 matchnode 2583

2583 11788 3  0.846  0.76986  0.855  8.82881e-312
from 4 to 2 matchnode 2583

2583 2101 3  0.595386  0.52955  0.52  8.82793e-312
2583 2386 3  0.8554  0.50778  0.735  8.82793e-312
from 4 to 3 matchnode 2583

2583 96 3  0.921294  0.6561  0.8375  8.82837e-312
2583 100 3  0.7296  0.81216  0.715  8.82843e-312

pattern answer37:
vertex1: 节点个数 1
12050 1 0.97
vertex2: 节点个数 2
2346 2 0.93
2386 2 0.79
vertex3: 节点个数 2
286 3 0.64
533 3 0.99
vertex4: 节点个数 2
2583 4 0.71
5781 4 0.71
edge_match: 
from 1 to 3 matchnode 12050

12050 286 3  0.688644  0.561255  0.8475  8.82801e-312
12050 533 3  0.56259  0.657384  0.7825  8.82801e-312
from 1 to 4 matchnode 12050

12050 2583 3  0.74119  0.563472  0.5325  0
12050 5781 3  0.586278  0.759122  0.7125  0
edge_match: 
from 2 to 1 matchnode 2346

2346 12050 3  0.549  0.596687  0.6025  6.95335e-310
from 2 to 3 matchnode 2346

2346 286 2  0.68  0.5551  0.816667  8.82825e-312
2346 533 2  0.8075  0.5124  0.933333  8.82809e-312
from 2 to 1 matchnode 2386

2386 12050 3  0.656502  0.574574  0.58  6.95335e-310
from 2 to 3 matchnode 2386

2386 286 2  0.8811  0.5846  0.696667  8.82825e-312
2386 533 3  0.534204  0.515844  0.92  8.82809e-312
edge_match: 
from 3 to 4 matchnode 286

286 2583 3  0.602454  0.538005  0.675  8.82808e-312
286 5781 2  0.7722  0.7954  0.743333  8.82808e-312
from 3 to 4 matchnode 533

533 2583 3  0.660672  0.6789  0.715  8.82809e-312
533 5781 3  0.57519  0.628366  0.8625  8.82809e-312
edge_match: 
from 4 to 1 matchnode 2583

2583 12050 3  0.6402  0.678774  0.655  8.82801e-312
from 4 to 2 matchnode 2583

2583 2346 3  0.581672  0.80262  0.77  8.82793e-312
2583 2386 3  0.8554  0.50778  0.735  8.82793e-312
from 4 to 3 matchnode 2583

2583 286 3  0.571896  0.80316  0.7  8.82791e-312
2583 533 3  0.618552  0.536544  0.7725  8.83807e-312
from 4 to 1 matchnode 5781

5781 12050 3  0.53802  0.717535  0.5475  8.82801e-312
from 4 to 2 matchnode 5781

5781 2346 2  0.8624  0.608  0.55  8.82809e-312
5781 2386 3  0.588708  0.750974  0.7  8.82809e-312
from 4 to 3 matchnode 5781

5781 286 2  0.8019  0.5609  0.746667  8.82791e-312
5781 533 3  0.614304  0.727748  0.75  8.83807e-312

pattern answer38:
vertex1: 节点个数 1
13522 1 0.77
vertex2: 节点个数 2
2850 2 0.9
3183 2 0.63
vertex3: 节点个数 2
154 3 0.64
286 3 0.64
vertex4: 节点个数 2
4741 4 0.62
5706 4 0.64
edge_match: 
from 1 to 3 matchnode 13522

13522 154 3  0.67338  0.77  0.715  8.8281e-312
13522 286 3  0.7038  0.70794  0.6725  8.8281e-312
from 1 to 4 matchnode 13522

13522 4741 3  0.7654  0.596288  0.6275  0
13522 5706 3  0.767808  0.52283  0.72  0
edge_match: 
from 2 to 1 matchnode 2850

2850 13522 3  0.5767  0.765765  0.7725  8.82802e-312
from 2 to 3 matchnode 2850

2850 154 1  0.92  0.84  0.77  8.82837e-312
2850 286 2  0.92  0.7812  0.726667  8.82825e-312
from 2 to 1 matchnode 3183

3183 13522 3  0.50232  0.52461  0.675  8.82802e-312
from 2 to 3 matchnode 3183

3183 154 3  0.765072  0.5688  0.5625  8.82837e-312
3183 286 3  0.5256  0.525915  0.545  8.82825e-312
edge_match: 
from 3 to 4 matchnode 154

154 4741 3  0.9118  0.730701  0.63  8.82837e-312
154 5706 2  0.6984  0.7068  0.613333  8.82837e-312
from 3 to 4 matchnode 286

286 4741 2  0.9118  0.7857  0.626667  8.82808e-312
286 5706 3  0.684  0.574028  0.69  8.82808e-312
edge_match: 
from 4 to 1 matchnode 4741

4741 13522 3  0.547456  0.63504  0.545  8.8281e-312
from 4 to 2 matchnode 4741

4741 2850 3  0.51744  0.58491  0.76  8.8283e-312
4741 3183 3  0.642224  0.544  0.71  8.8283e-312
from 4 to 3 matchnode 4741

4741 154 2  0.6532  0.6231  0.67  8.82861e-312
4741 286 2  0.5796  0.6912  0.663333  8.82791e-312
from 4 to 1 matchnode 5706

5706 13522 3  0.68904  0.777504  0.5325  8.8281e-312
from 4 to 2 matchnode 5706

5706 2850 3  0.503424  0.57152  0.7825  8.82794e-312
5706 3183 3  0.668656  0.742995  0.6975  8.82794e-312
from 4 to 3 matchnode 5706

5706 154 3  0.5328  0.62426  0.6325  8.82861e-312
5706 286 2  0.6966  0.5772  0.7  8.82791e-312

pattern answer39:
vertex1: 节点个数 1
13616 1 0.67
vertex2: 节点个数 2
1834 2 0.81
2850 2 0.9
vertex3: 节点个数 2
96 3 0.69
154 3 0.64
vertex4: 节点个数 2
5706 4 0.64
8196 4 0.82
edge_match: 
from 1 to 3 matchnode 13616

13616 96 3  0.61983  0.580545  0.565  8.8281e-312
13616 154 3  0.548625  0.57618  0.5725  8.8281e-312
from 1 to 4 matchnode 13616

13616 5706 3  0.71478  0.582912  0.5025  0
13616 8196 3  0.510384  0.523392  0.635  0
edge_match: 
from 2 to 1 matchnode 1834

1834 13616 2  0.6003  0.549  0.753333  3.16098e-313
from 2 to 3 matchnode 1834

1834 96 3  0.6642  0.60431  0.855  6.95135e-310
1834 154 3  0.648  0.61789  0.675  8.82837e-312
from 2 to 1 matchnode 2850

2850 13616 3  0.506232  0.6137  0.6875  3.16098e-313
from 2 to 3 matchnode 2850

2850 96 3  0.715176  0.563436  0.735  6.95135e-310
2850 154 1  0.92  0.84  0.77  8.82837e-312
edge_match: 
from 3 to 4 matchnode 96

96 5706 3  0.62415  0.5187  0.7025  8.82792e-312
96 8196 2  0.6972  0.7392  0.736667  8.82792e-312
from 3 to 4 matchnode 154

154 5706 2  0.6984  0.7068  0.613333  8.82837e-312
154 8196 2  0.8  0.6324  0.7  8.82837e-312
edge_match: 
from 4 to 1 matchnode 5706

5706 13616 3  0.551544  0.507213  0.59  8.8281e-312
from 4 to 2 matchnode 5706

5706 1834 2  0.7178  0.7546  0.81  8.82794e-312
5706 2850 3  0.503424  0.57152  0.7825  8.82794e-312
from 4 to 3 matchnode 5706

5706 96 2  0.5148  0.7452  0.763333  8.82837e-312
5706 154 3  0.5328  0.62426  0.6325  8.82861e-312
from 4 to 1 matchnode 8196

8196 13616 3  0.8544  0.6669  0.6325  8.8281e-312
from 4 to 2 matchnode 8196

8196 1834 3  0.71424  0.665808  0.6  8.82783e-312
8196 2850 3  0.5112  0.526848  0.5625  8.82783e-312
from 4 to 3 matchnode 8196

8196 96 2  0.5904  0.9114  0.656667  8.82837e-312
8196 154 3  0.616032  0.612846  0.5575  8.82861e-312

pattern answer40:
vertex1: 节点个数 1
13774 1 0.59
vertex2: 节点个数 2
1834 2 0.81
2850 2 0.9
vertex3: 节点个数 2
1294 3 0.95
2413 3 0.81
vertex4: 节点个数 2
118 4 0.84
2305 4 0.71
edge_match: 
from 1 to 3 matchnode 13774

13774 1294 3  0.570768  0.534296  0.605  8.8281e-312
13774 2413 3  0.729729  0.508956  0.6175  8.8281e-312
from 1 to 4 matchnode 13774

13774 118 2  0.528  0.588  0.593333  0
13774 2305 3  0.769824  0.575652  0.57  0
edge_match: 
from 2 to 1 matchnode 1834

1834 13774 3  0.6696  0.680064  0.565  0
from 2 to 3 matchnode 1834

1834 1294 2  0.7396  0.7189  0.596667  8.82837e-312
1834 2413 3  0.629552  0.76048  0.6375  8.82829e-312
from 2 to 1 matchnode 2850

2850 13774 3  0.610638  0.648324  0.5775  0
from 2 to 3 matchnode 2850

2850 1294 3  0.715176  0.573118  0.5675  8.82837e-312
2850 2413 3  0.642096  0.761024  0.6475  8.82829e-312
edge_match: 
from 3 to 4 matchnode 1294

1294 118 3  0.541696  0.554064  0.755  8.82783e-312
1294 2305 3  0.525616  0.792232  0.515  8.82783e-312
from 3 to 4 matchnode 2413

2413 118 3  0.633216  0.626688  0.695  8.82846e-312
2413 2305 3  0.581064  0.66215  0.8075  8.82846e-312
edge_match: 
from 4 to 1 matchnode 118

118 13774 3  0.604407  0.685584  0.5625  8.8281e-312
from 4 to 2 matchnode 118

118 1834 3  0.931491  0.731962  0.8025  6.95135e-310
118 2850 3  0.532818  0.6327  0.745  6.95135e-310
from 4 to 3 matchnode 118

118 1294 2  0.9  0.5152  0.816667  8.82823e-312
118 2413 2  0.8118  0.6402  0.743333  8.82783e-312
from 4 to 1 matchnode 2305

2305 13774 3  0.551397  0.633604  0.7125  8.8281e-312
from 4 to 2 matchnode 2305

2305 1834 3  0.52256  0.7216  0.6225  8.83807e-312
2305 2850 3  0.517132  0.7566  0.87  8.83807e-312
from 4 to 3 matchnode 2305

2305 1294 3  0.804076  0.773808  0.695  8.82823e-312
2305 2413 2  0.6532  0.779  0.8  8.82783e-312

pattern answer41:
vertex1: 节点个数 1
16851 1 1
vertex2: 节点个数 2
2850 2 0.9
3245 2 0.63
vertex3: 节点个数 2
154 3 0.64
286 3 0.64
vertex4: 节点个数 2
1283 4 0.52
2583 4 0.71
edge_match: 
from 1 to 3 matchnode 16851

16851 154 3  0.569296  0.51992  0.665  8.8281e-312
16851 286 3  0.648  0.52488  0.75  8.8281e-312
from 1 to 4 matchnode 16851

16851 1283 3  0.801  0.738558  0.625  0
16851 2583 3  0.7254  0.690618  0.6175  0
edge_match: 
from 2 to 1 matchnode 2850

2850 16851 3  0.50274  0.68967  0.6375  0
from 2 to 3 matchnode 2850

2850 154 1  0.92  0.84  0.77  8.82837e-312
2850 286 2  0.92  0.7812  0.726667  8.82825e-312
from 2 to 1 matchnode 3245

3245 16851 3  0.6762  0.776388  0.55  0
from 2 to 3 matchnode 3245

3245 154 3  0.573252  0.581348  0.5625  8.82837e-312
3245 286 3  0.77517  0.575029  0.5675  8.82825e-312
edge_match: 
from 3 to 4 matchnode 154

154 1283 2  0.8924  0.6068  0.72  8.82837e-312
154 2583 3  0.513324  0.752928  0.805  8.82837e-312
from 3 to 4 matchnode 286

286 1283 3  0.712264  0.518158  0.76  8.82808e-312
286 2583 3  0.602454  0.538005  0.675  8.82808e-312
edge_match: 
from 4 to 1 matchnode 1283

1283 16851 3  0.764845  0.504504  0.68  8.8281e-312
from 4 to 2 matchnode 1283

1283 2850 3  0.592614  0.673794  0.615  8.82896e-312
1283 3245 2  0.7315  0.81  0.503333  8.82896e-312
from 4 to 3 matchnode 1283

1283 154 3  0.556974  0.829374  0.5575  8.82861e-312
1283 286 3  0.673374  0.8827  0.5175  8.82791e-312
from 4 to 1 matchnode 2583

2583 16851 2  0.684  0.6336  0.86  8.8281e-312
from 4 to 2 matchnode 2583

2583 2850 3  0.55176  0.830208  0.63  8.82793e-312
2583 3245 3  0.55366  0.53808  0.7475  8.82793e-312
from 4 to 3 matchnode 2583

2583 154 3  0.6992  0.736281  0.745  8.82861e-312
2583 286 3  0.571896  0.80316  0.7  8.82791e-312

pattern answer42:
vertex1: 节点个数 1
16864 1 0.84
vertex2: 节点个数 2
3245 2 0.63
5966 2 0.69
vertex3: 节点个数 2
286 3 0.64
2413 3 0.81
vertex4: 节点个数 2
4741 4 0.62
5846 4 0.9
edge_match: 
from 1 to 3 matchnode 16864

16864 286 2  0.5049  0.7656  0.746667  8.8281e-312
16864 2413 3  0.67811  0.588468  0.59  8.8281e-312
from 1 to 4 matchnode 16864

16864 4741 3  0.688644  0.54954  0.6175  0
16864 5846 1  0.61  0.98  0.87  0
edge_match: 
from 2 to 1 matchnode 3245

3245 16864 3  0.525312  0.5265  0.6325  3.16098e-313
from 2 to 3 matchnode 3245

3245 286 3  0.77517  0.575029  0.5675  8.82825e-312
3245 2413 3  0.549909  0.665322  0.69  8.82829e-312
from 2 to 1 matchnode 5966

5966 16864 2  0.6912  0.5525  0.543333  3.16098e-313
from 2 to 3 matchnode 5966

5966 286 3  0.792232  0.555  0.635  8.82825e-312
5966 2413 3  0.749112  0.6072  0.595  8.82829e-312
edge_match: 
from 3 to 4 matchnode 286

286 4741 2  0.9118  0.7857  0.626667  8.82808e-312
286 5846 3  0.56115  0.573852  0.7025  8.82808e-312
from 3 to 4 matchnode 2413

2413 4741 3  0.744372  0.64881  0.635  8.82846e-312
2413 5846 2  0.6762  0.5428  0.823333  8.82846e-312
edge_match: 
from 4 to 1 matchnode 4741

4741 16864 3  0.6912  0.56648  0.745  8.8281e-312
from 4 to 2 matchnode 4741

4741 3245 2  0.7332  0.9025  0.676667  8.8283e-312
4741 5966 2  0.776  0.6512  0.703333  8.8283e-312
from 4 to 3 matchnode 4741

4741 286 2  0.5796  0.6912  0.663333  8.82791e-312
4741 2413 3  0.649152  0.68967  0.7375  8.82783e-312
from 4 to 1 matchnode 5846

5846 16864 1  0.62  0.57  0.87  8.8281e-312
from 4 to 2 matchnode 5846

5846 3245 2  0.5952  0.6643  0.52  8.82821e-312
5846 5966 3  0.59976  0.52668  0.725  8.82821e-312
from 4 to 3 matchnode 5846

5846 286 3  0.712356  0.555588  0.5925  8.82791e-312
5846 2413 3  0.537399  0.592515  0.6475  8.82783e-312

pattern answer43:
vertex1: 节点个数 1
25583 1 0.81
vertex2: 节点个数 2
2242 2 0.58
2850 2 0.9
vertex3: 节点个数 2
96 3 0.69
1067 3 0.61
vertex4: 节点个数 2
118 4 0.84
2305 4 0.71
edge_match: 
from 1 to 3 matchnode 25583

25583 96 3  0.506  0.538265  0.6425  8.82801e-312
25583 1067 3  0.54  0.661388  0.6675  8.82801e-312
from 1 to 4 matchnode 25583

25583 118 2  0.92  0.8554  0.823333  0
25583 2305 3  0.81263  0.621504  0.675  0
edge_match: 
from 2 to 1 matchnode 2242

2242 25583 2  0.7304  0.7565  0.636667  3.16098e-313
from 2 to 3 matchnode 2242

2242 96 2  0.6208  0.6336  0.573333  6.95135e-310
2242 1067 3  0.533984  0.585585  0.6675  8.82837e-312
from 2 to 1 matchnode 2850

2850 25583 3  0.640584  0.505908  0.77  3.16098e-313
from 2 to 3 matchnode 2850

2850 96 3  0.715176  0.563436  0.735  6.95135e-310
2850 1067 3  0.595944  0.660726  0.7525  8.82837e-312
edge_match: 
from 3 to 4 matchnode 96

96 118 3  0.679776  0.6308  0.665  8.82792e-312
96 2305 3  0.79002  0.606624  0.73  8.82792e-312
from 3 to 4 matchnode 1067

1067 118 2  0.551  0.5084  0.746667  8.82836e-312
1067 2305 2  0.594  0.7007  0.673333  8.82836e-312
edge_match: 
from 4 to 1 matchnode 118

118 25583 3  0.54126  0.673374  0.835  8.82839e-312
from 4 to 2 matchnode 118

118 2242 3  0.51408  0.522  0.535  6.95135e-310
118 2850 3  0.532818  0.6327  0.745  6.95135e-310
from 4 to 3 matchnode 118

118 96 3  0.58905  0.54945  0.5075  8.82837e-312
118 1067 3  0.662607  0.893564  0.7525  8.82838e-312
from 4 to 1 matchnode 2305

2305 25583 2  0.8556  0.6786  0.833333  8.82839e-312
from 4 to 2 matchnode 2305

2305 2242 3  0.5831  0.52668  0.695  8.83807e-312
2305 2850 3  0.517132  0.7566  0.87  8.83807e-312
from 4 to 3 matchnode 2305

2305 96 3  0.58905  0.664741  0.8125  8.82837e-312
2305 1067 3  0.67228  0.9212  0.6375  8.82838e-312

