pattern answer1:
vertex1: 节点个数 1
41 1 0.57
vertex2: 节点个数 2
100 2 0.89
1283 2 0.59
vertex3: 节点个数 2
49 3 0.97
74 3 0.81
vertex4: 节点个数 2
67 4 0.78
89 4 0.77
edge_match: 
from 1 to 3 matchnode 41

41 49 3  0.52822  0.614916  0.8125  8.12763e-312
41 74 1  0.97  0.65  0.69  8.12763e-312
edge_match: 
from 2 to 1 matchnode 100

100 41 3  0.74784  0.785664  0.625  0
from 2 to 3 matchnode 100

100 49 3  0.707712  0.795708  0.6825  6.95126e-310
100 74 2  0.836  0.8036  0.893333  8.12766e-312
from 2 to 4 matchnode 100

100 67 3  0.6916  0.517275  0.705  6.95126e-310
100 89 3  0.810216  0.723814  0.6125  6.95126e-310
from 2 to 1 matchnode 1283

1283 41 3  0.710892  0.500337  0.54  0
from 2 to 3 matchnode 1283

1283 49 2  0.819  0.7476  0.766667  6.95126e-310
1283 74 3  0.589358  0.775806  0.6175  8.12766e-312
from 2 to 4 matchnode 1283

1283 67 3  0.747747  0.661248  0.64  8.12806e-312
1283 89 3  0.525045  0.65379  0.7425  8.12806e-312
edge_match: 
from 3 to 2 matchnode 49

49 100 3  0.511  0.500714  0.7975  8.12744e-312
49 1283 3  0.660182  0.564696  0.82  8.12744e-312
from 3 to 2 matchnode 74

74 100 3  0.90307  0.67704  0.7925  8.12841e-312
74 1283 3  0.588064  0.547008  0.6325  8.12841e-312
edge_match: 
from 4 to 1 matchnode 67

67 41 3  0.9408  0.62415  0.5675  8.12763e-312
from 4 to 1 matchnode 89

89 41 3  0.632772  0.712356  0.6825  8.12763e-312

pattern answer2:
vertex1: 节点个数 1
44 1 0.9
vertex2: 节点个数 2
100 2 0.89
187 2 0.54
vertex3: 节点个数 2
49 3 0.97
74 3 0.81
vertex4: 节点个数 2
67 4 0.78
89 4 0.77
edge_match: 
from 1 to 3 matchnode 44

44 49 1  0.53  0.83  0.935  8.12775e-312
44 74 1  0.97  0.5  0.855  8.12775e-312
edge_match: 
from 2 to 1 matchnode 100

100 44 2  0.912  0.7298  0.923333  6.95335e-310
from 2 to 3 matchnode 100

100 49 3  0.707712  0.795708  0.6825  6.95126e-310
100 74 2  0.836  0.8036  0.893333  8.12766e-312
from 2 to 4 matchnode 100

100 67 3  0.6916  0.517275  0.705  6.95126e-310
100 89 3  0.810216  0.723814  0.6125  6.95126e-310
from 2 to 1 matchnode 187

187 44 3  0.564676  0.776776  0.85  6.95335e-310
from 2 to 3 matchnode 187

187 49 3  0.688842  0.649803  0.8625  6.95126e-310
187 74 3  0.82467  0.536313  0.805  8.12766e-312
from 2 to 4 matchnode 187

187 67 3  0.566636  0.702086  0.5925  8.12811e-312
187 89 3  0.874944  0.922082  0.6625  8.12811e-312
edge_match: 
from 3 to 2 matchnode 49

49 100 3  0.511  0.500714  0.7975  8.12744e-312
49 187 3  0.528808  0.695826  0.805  8.12744e-312
from 3 to 2 matchnode 74

74 100 3  0.90307  0.67704  0.7925  8.12841e-312
74 187 3  0.656115  0.699524  0.585  8.12841e-312
edge_match: 
from 4 to 1 matchnode 67

67 44 3  0.8736  0.56867  0.65  8.12819e-312
from 4 to 1 matchnode 89

89 44 3  0.709218  0.707256  0.685  8.12819e-312

pattern answer3:
vertex1: 节点个数 1
46 1 0.8
vertex2: 节点个数 2
100 2 0.89
192 2 0.62
vertex3: 节点个数 2
49 3 0.97
74 3 0.81
vertex4: 节点个数 2
89 4 0.77
122 4 1
edge_match: 
from 1 to 3 matchnode 46

46 49 3  0.728376  0.666432  0.85  8.12768e-312
46 74 3  0.72864  0.565728  0.6  8.12768e-312
edge_match: 
from 2 to 1 matchnode 100

100 46 2  0.6808  0.5934  0.746667  6.95335e-310
from 2 to 3 matchnode 100

100 49 3  0.707712  0.795708  0.6825  6.95126e-310
100 74 2  0.836  0.8036  0.893333  8.12766e-312
from 2 to 4 matchnode 100

100 89 3  0.810216  0.723814  0.6125  6.95126e-310
100 122 1  0.85  0.68  0.945  6.95126e-310
from 2 to 1 matchnode 192

192 46 3  0.856716  0.555093  0.5375  6.95335e-310
from 2 to 3 matchnode 192

192 49 2  0.7857  0.7068  0.69  6.95126e-310
192 74 3  0.777568  0.544824  0.64  8.12766e-312
from 2 to 4 matchnode 192

192 89 3  0.633906  0.575016  0.685  8.12797e-312
192 122 2  0.6324  0.836  0.826667  8.12797e-312
edge_match: 
from 3 to 2 matchnode 49

49 100 3  0.511  0.500714  0.7975  8.12744e-312
49 192 3  0.61304  0.64881  0.58  8.12744e-312
from 3 to 2 matchnode 74

74 100 3  0.90307  0.67704  0.7925  8.12841e-312
74 192 3  0.750974  0.55269  0.54  8.12841e-312
edge_match: 
from 4 to 1 matchnode 89

89 46 2  0.53  0.5208  0.663333  8.12829e-312
from 4 to 1 matchnode 122

122 46 3  0.648736  0.61776  0.84  8.12829e-312

pattern answer4:
vertex1: 节点个数 1
83 1 0.86
vertex2: 节点个数 2
100 2 0.89
187 2 0.54
vertex3: 节点个数 2
49 3 0.97
74 3 0.81
vertex4: 节点个数 2
67 4 0.78
89 4 0.77
edge_match: 
from 1 to 3 matchnode 83

83 49 3  0.691488  0.6336  0.745  8.12822e-312
83 74 2  0.5082  0.6745  0.706667  8.12822e-312
edge_match: 
from 2 to 1 matchnode 100

100 83 2  0.9306  0.6336  0.746667  6.95335e-310
from 2 to 3 matchnode 100

100 49 3  0.707712  0.795708  0.6825  6.95126e-310
100 74 2  0.836  0.8036  0.893333  8.12766e-312
from 2 to 4 matchnode 100

100 67 3  0.6916  0.517275  0.705  6.95126e-310
100 89 3  0.810216  0.723814  0.6125  6.95126e-310
from 2 to 1 matchnode 187

187 83 3  0.78498  0.66348  0.75  6.95335e-310
from 2 to 3 matchnode 187

187 49 3  0.688842  0.649803  0.8625  6.95126e-310
187 74 3  0.82467  0.536313  0.805  8.12766e-312
from 2 to 4 matchnode 187

187 67 3  0.566636  0.702086  0.5925  8.12811e-312
187 89 3  0.874944  0.922082  0.6625  8.12811e-312
edge_match: 
from 3 to 2 matchnode 49

49 100 3  0.511  0.500714  0.7975  8.12744e-312
49 187 3  0.528808  0.695826  0.805  8.12744e-312
from 3 to 2 matchnode 74

74 100 3  0.90307  0.67704  0.7925  8.12841e-312
74 187 3  0.656115  0.699524  0.585  8.12841e-312
edge_match: 
from 4 to 1 matchnode 67

67 83 3  0.567858  0.632316  0.5125  8.12825e-312
from 4 to 1 matchnode 89

89 83 3  0.68085  0.80262  0.68  8.12825e-312

pattern answer5:
vertex1: 节点个数 1
203 1 0.97
vertex2: 节点个数 2
42 2 0.51
918 2 0.6
vertex3: 节点个数 2
74 3 0.81
3932 3 0.94
vertex4: 节点个数 2
413 4 0.64
1173 4 0.88
edge_match: 
from 1 to 3 matchnode 203

203 74 3  0.66348  0.803985  0.8  8.12774e-312
203 3932 3  0.57942  0.594594  0.9675  8.12774e-312
edge_match: 
from 2 to 1 matchnode 42

42 203 3  0.521136  0.66082  0.5925  6.95335e-310
from 2 to 3 matchnode 42

42 74 2  0.7332  0.5293  0.73  8.12766e-312
42 3932 3  0.72944  0.506922  0.6675  8.12762e-312
from 2 to 4 matchnode 42

42 413 3  0.607992  0.548596  0.5275  6.95126e-310
42 1173 3  0.55272  0.579215  0.78  6.95126e-310
from 2 to 1 matchnode 918

918 203 2  0.714  0.6768  0.77  6.95335e-310
from 2 to 3 matchnode 918

918 74 3  0.504504  0.743232  0.6275  8.12766e-312
918 3932 3  0.55811  0.506464  0.59  8.12762e-312
from 2 to 4 matchnode 918

918 413 3  0.70756  0.677768  0.5925  8.12744e-312
918 1173 3  0.59584  0.829374  0.6525  8.12744e-312
edge_match: 
from 3 to 2 matchnode 74

74 42 2  0.836  0.7998  0.603333  8.12841e-312
74 918 3  0.810656  0.785664  0.8  8.12841e-312
from 3 to 2 matchnode 3932

3932 42 3  0.828234  0.5544  0.615  8.12762e-312
3932 918 3  0.669465  0.598347  0.7425  8.12762e-312
edge_match: 
from 4 to 1 matchnode 413

413 203 3  0.834372  0.5184  0.7  8.12774e-312
from 4 to 1 matchnode 1173

1173 203 3  0.703248  0.579416  0.8325  8.12774e-312

pattern answer6:
vertex1: 节点个数 1
443 1 0.87
vertex2: 节点个数 2
100 2 0.89
187 2 0.54
vertex3: 节点个数 2
49 3 0.97
74 3 0.81
vertex4: 节点个数 2
89 4 0.77
155 4 0.76
edge_match: 
from 1 to 3 matchnode 443

443 49 3  0.742632  0.715204  0.7225  8.12806e-312
443 74 3  0.912  0.749034  0.7325  8.12806e-312
edge_match: 
from 2 to 1 matchnode 100

100 443 3  0.9306  0.874665  0.64  6.95335e-310
from 2 to 3 matchnode 100

100 49 3  0.707712  0.795708  0.6825  6.95126e-310
100 74 2  0.836  0.8036  0.893333  8.12766e-312
from 2 to 4 matchnode 100

100 89 3  0.810216  0.723814  0.6125  6.95126e-310
100 155 3  0.606816  0.68796  0.775  6.95126e-310
from 2 to 1 matchnode 187

187 443 3  0.7938  0.643401  0.745  6.95335e-310
from 2 to 3 matchnode 187

187 49 3  0.688842  0.649803  0.8625  6.95126e-310
187 74 3  0.82467  0.536313  0.805  8.12766e-312
from 2 to 4 matchnode 187

187 89 3  0.874944  0.922082  0.6625  8.12811e-312
187 155 3  0.780864  0.592767  0.6175  8.12811e-312
edge_match: 
from 3 to 2 matchnode 49

49 100 3  0.511  0.500714  0.7975  8.12744e-312
49 187 3  0.528808  0.695826  0.805  8.12744e-312
from 3 to 2 matchnode 74

74 100 3  0.90307  0.67704  0.7925  8.12841e-312
74 187 3  0.656115  0.699524  0.585  8.12841e-312
edge_match: 
from 4 to 1 matchnode 89

89 443 2  0.85  0.8645  0.703333  8.1282e-312
from 4 to 1 matchnode 155

155 443 3  0.61425  0.597872  0.8575  8.1282e-312

pattern answer7:
vertex1: 节点个数 1
444 1 0.54
vertex2: 节点个数 2
63 2 0.52
918 2 0.6
vertex3: 节点个数 2
2227 3 0.94
3932 3 0.94
vertex4: 节点个数 2
210 4 0.82
354 4 0.99
edge_match: 
from 1 to 3 matchnode 444

444 2227 3  0.72459  0.693504  0.7125  8.1279e-312
444 3932 3  0.67221  0.63726  0.675  8.1279e-312
edge_match: 
from 2 to 1 matchnode 63

63 444 3  0.703638  0.51604  0.575  6.95335e-310
from 2 to 3 matchnode 63

63 2227 3  0.6612  0.613428  0.74  8.12762e-312
63 3932 3  0.707658  0.642334  0.745  8.12762e-312
from 2 to 4 matchnode 63

63 210 3  0.511784  0.549054  0.745  6.95126e-310
63 354 3  0.625048  0.621504  0.5025  6.95126e-310
from 2 to 1 matchnode 918

918 444 3  0.64974  0.65664  0.5775  6.95335e-310
from 2 to 3 matchnode 918

918 2227 2  0.63  0.6048  0.696667  8.12762e-312
918 3932 3  0.55811  0.506464  0.59  8.12762e-312
from 2 to 4 matchnode 918

918 210 2  0.8148  0.6528  0.803333  8.12744e-312
918 354 3  0.58515  0.77273  0.67  8.12744e-312
edge_match: 
from 3 to 2 matchnode 2227

2227 63 3  0.766785  0.591008  0.805  8.12744e-312
2227 918 2  0.5576  0.93  0.746667  8.12744e-312
from 3 to 2 matchnode 3932

3932 63 3  0.756756  0.647976  0.6625  8.12762e-312
3932 918 3  0.669465  0.598347  0.7425  8.12762e-312
edge_match: 
from 4 to 1 matchnode 210

210 444 3  0.656208  0.7144  0.7225  8.1279e-312
from 4 to 1 matchnode 354

354 444 3  0.5538  0.81225  0.7375  8.1279e-312

pattern answer8:
vertex1: 节点个数 1
549 1 0.53
vertex2: 节点个数 2
100 2 0.89
187 2 0.54
vertex3: 节点个数 2
49 3 0.97
74 3 0.81
vertex4: 节点个数 2
67 4 0.78
89 4 0.77
edge_match: 
from 1 to 3 matchnode 549

549 49 1  0.98  0.8  0.75  8.128e-312
549 74 1  1  0.78  0.67  8.128e-312
edge_match: 
from 2 to 1 matchnode 100

100 549 3  0.724185  0.68816  0.7275  6.95335e-310
from 2 to 3 matchnode 100

100 49 3  0.707712  0.795708  0.6825  6.95126e-310
100 74 2  0.836  0.8036  0.893333  8.12766e-312
from 2 to 4 matchnode 100

100 67 3  0.6916  0.517275  0.705  6.95126e-310
100 89 3  0.810216  0.723814  0.6125  6.95126e-310
from 2 to 1 matchnode 187

187 549 3  0.654052  0.784827  0.7525  6.95335e-310
from 2 to 3 matchnode 187

187 49 3  0.688842  0.649803  0.8625  6.95126e-310
187 74 3  0.82467  0.536313  0.805  8.12766e-312
from 2 to 4 matchnode 187

187 67 3  0.566636  0.702086  0.5925  8.12811e-312
187 89 3  0.874944  0.922082  0.6625  8.12811e-312
edge_match: 
from 3 to 2 matchnode 49

49 100 3  0.511  0.500714  0.7975  8.12744e-312
49 187 3  0.528808  0.695826  0.805  8.12744e-312
from 3 to 2 matchnode 74

74 100 3  0.90307  0.67704  0.7925  8.12841e-312
74 187 3  0.656115  0.699524  0.585  8.12841e-312
edge_match: 
from 4 to 1 matchnode 67

67 549 3  0.67032  0.70308  0.6925  8.12835e-312
from 4 to 1 matchnode 89

89 549 3  0.685584  0.50048  0.5825  8.12835e-312

pattern answer9:
vertex1: 节点个数 1
665 1 0.71
vertex2: 节点个数 2
63 2 0.52
429 2 0.51
vertex3: 节点个数 2
74 3 0.81
942 3 0.58
vertex4: 节点个数 2
210 4 0.82
289 4 0.5
edge_match: 
from 1 to 3 matchnode 665

665 74 2  0.6536  0.5336  0.603333  8.12775e-312
665 942 3  0.684  0.527058  0.5875  8.12775e-312
edge_match: 
from 2 to 1 matchnode 63

63 665 2  0.7885  0.7392  0.573333  8.12825e-312
from 2 to 3 matchnode 63

63 74 3  0.695268  0.6586  0.68  8.12766e-312
63 942 3  0.71208  0.665028  0.57  8.12762e-312
from 2 to 4 matchnode 63

63 210 3  0.511784  0.549054  0.745  6.95126e-310
63 289 3  0.767949  0.75078  0.6225  6.95126e-310
from 2 to 1 matchnode 429

429 665 2  0.552  0.693  0.506667  8.12825e-312
from 2 to 3 matchnode 429

429 74 2  0.83  0.567  0.52  8.12766e-312
429 942 3  0.57456  0.645028  0.5075  8.12762e-312
from 2 to 4 matchnode 429

429 210 3  0.521157  0.660726  0.73  8.12788e-312
429 289 3  0.583947  0.601506  0.51  8.12788e-312
edge_match: 
from 3 to 2 matchnode 74

74 63 2  0.7905  0.8134  0.6  8.12841e-312
74 429 2  0.5415  0.874  0.74  8.12841e-312
from 3 to 2 matchnode 942

942 63 2  0.5002  0.6734  0.673333  8.12787e-312
942 429 2  0.837  0.5624  0.63  8.12787e-312
edge_match: 
from 4 to 1 matchnode 210

210 665 3  0.598436  0.681296  0.5125  8.12821e-312
from 4 to 1 matchnode 289

289 665 3  0.6384  0.649194  0.6575  8.12821e-312

pattern answer10:
vertex1: 节点个数 1
745 1 0.67
vertex2: 节点个数 2
100 2 0.89
719 2 0.98
vertex3: 节点个数 2
49 3 0.97
751 3 0.98
vertex4: 节点个数 2
67 4 0.78
89 4 0.77
edge_match: 
from 1 to 3 matchnode 745

745 49 3  0.555093  0.650256  0.5725  8.12796e-312
745 751 3  0.801  0.526516  0.655  8.12796e-312
edge_match: 
from 2 to 1 matchnode 100

100 745 3  0.53504  0.658952  0.8375  2.14511e-312
from 2 to 3 matchnode 100

100 49 3  0.707712  0.795708  0.6825  6.95126e-310
100 751 1  0.95  0.82  0.935  8.12762e-312
from 2 to 4 matchnode 100

100 67 3  0.6916  0.517275  0.705  6.95126e-310
100 89 3  0.810216  0.723814  0.6125  6.95126e-310
from 2 to 1 matchnode 719

719 745 3  0.5412  0.717948  0.6125  2.14511e-312
from 2 to 3 matchnode 719

719 49 3  0.634392  0.602217  0.8325  6.95126e-310
719 751 3  0.60075  0.651355  0.805  8.12762e-312
from 2 to 4 matchnode 719

719 67 3  0.509454  0.523488  0.7775  8.1279e-312
719 89 2  0.6402  0.9108  0.813333  8.1279e-312
edge_match: 
from 3 to 2 matchnode 49

49 100 3  0.511  0.500714  0.7975  8.12744e-312
49 719 3  0.513912  0.663462  0.915  8.12744e-312
from 3 to 2 matchnode 751

751 100 2  0.7452  0.6497  0.87  8.12815e-312
751 719 3  0.636944  0.72324  0.8325  8.12815e-312
edge_match: 
from 4 to 1 matchnode 67

67 745 3  0.53802  0.564975  0.5875  8.12785e-312
from 4 to 1 matchnode 89

89 745 3  0.663  0.62244  0.695  8.12785e-312

pattern answer11:
vertex1: 节点个数 1
768 1 0.96
vertex2: 节点个数 2
100 2 0.89
1903 2 1
vertex3: 节点个数 2
49 3 0.97
74 3 0.81
vertex4: 节点个数 2
354 4 0.99
357 4 0.84
edge_match: 
from 1 to 3 matchnode 768

768 49 3  0.618552  0.67914  0.7825  8.12825e-312
768 74 3  0.8448  0.6156  0.6125  8.12825e-312
edge_match: 
from 2 to 1 matchnode 100

100 768 3  0.86621  0.5015  0.875  6.95335e-310
from 2 to 3 matchnode 100

100 49 3  0.707712  0.795708  0.6825  6.95126e-310
100 74 2  0.836  0.8036  0.893333  8.12766e-312
from 2 to 4 matchnode 100

100 354 3  0.605625  0.679604  0.77  6.95126e-310
100 357 2  0.665  0.6642  0.903333  6.95126e-310
from 2 to 1 matchnode 1903

1903 768 3  0.653376  0.606528  0.7075  6.95335e-310
from 2 to 3 matchnode 1903

1903 49 3  0.820911  0.526613  0.785  6.95126e-310
1903 74 3  0.648648  0.727748  0.7475  8.12766e-312
from 2 to 4 matchnode 1903

1903 354 2  0.72  0.7968  0.833333  8.12771e-312
1903 357 3  0.672606  0.665665  0.7625  8.12771e-312
edge_match: 
from 3 to 2 matchnode 49

49 100 3  0.511  0.500714  0.7975  8.12744e-312
49 1903 3  0.554484  0.592368  0.7725  8.12744e-312
from 3 to 2 matchnode 74

74 100 3  0.90307  0.67704  0.7925  8.12841e-312
74 1903 3  0.564102  0.515361  0.685  8.12841e-312
edge_match: 
from 4 to 1 matchnode 354

354 768 2  0.657  0.5612  0.93  8.12825e-312
from 4 to 1 matchnode 357

357 768 3  0.506798  0.588588  0.7425  8.12825e-312

pattern answer12:
vertex1: 节点个数 1
789 1 0.87
vertex2: 节点个数 2
100 2 0.89
187 2 0.54
vertex3: 节点个数 2
49 3 0.97
74 3 0.81
vertex4: 节点个数 2
67 4 0.78
89 4 0.77
edge_match: 
from 1 to 3 matchnode 789

789 49 3  0.519726  0.802869  0.795  8.1283e-312
789 74 2  0.8736  0.5607  0.806667  8.1283e-312
edge_match: 
from 2 to 1 matchnode 100

100 789 2  0.8036  0.833  0.833333  2.14511e-312
from 2 to 3 matchnode 100

100 49 3  0.707712  0.795708  0.6825  6.95126e-310
100 74 2  0.836  0.8036  0.893333  8.12766e-312
from 2 to 4 matchnode 100

100 67 3  0.6916  0.517275  0.705  6.95126e-310
100 89 3  0.810216  0.723814  0.6125  6.95126e-310
from 2 to 1 matchnode 187

187 789 3  0.758814  0.642334  0.8325  2.14511e-312
from 2 to 3 matchnode 187

187 49 3  0.688842  0.649803  0.8625  6.95126e-310
187 74 3  0.82467  0.536313  0.805  8.12766e-312
from 2 to 4 matchnode 187

187 67 3  0.566636  0.702086  0.5925  8.12811e-312
187 89 3  0.874944  0.922082  0.6625  8.12811e-312
edge_match: 
from 3 to 2 matchnode 49

49 100 3  0.511  0.500714  0.7975  8.12744e-312
49 187 3  0.528808  0.695826  0.805  8.12744e-312
from 3 to 2 matchnode 74

74 100 3  0.90307  0.67704  0.7925  8.12841e-312
74 187 3  0.656115  0.699524  0.585  8.12841e-312
edge_match: 
from 4 to 1 matchnode 67

67 789 3  0.70713  0.578411  0.7925  8.12772e-312
from 4 to 1 matchnode 89

89 789 3  0.53568  0.635816  0.735  8.12772e-312

pattern answer13:
vertex1: 节点个数 1
846 1 0.89
vertex2: 节点个数 2
719 2 0.98
918 2 0.6
vertex3: 节点个数 2
49 3 0.97
74 3 0.81
vertex4: 节点个数 2
354 4 0.99
413 4 0.64
edge_match: 
from 1 to 3 matchnode 846

846 49 3  0.558  0.51798  0.7725  8.12823e-312
846 74 3  0.59976  0.51566  0.72  8.12823e-312
edge_match: 
from 2 to 1 matchnode 719

719 846 3  0.66785  0.549976  0.7375  2.14511e-312
from 2 to 3 matchnode 719

719 49 3  0.634392  0.602217  0.8325  6.95126e-310
719 74 3  0.678447  0.510972  0.625  8.12766e-312
from 2 to 4 matchnode 719

719 354 3  0.51034  0.602082  0.7625  8.1279e-312
719 413 3  0.603876  0.67811  0.725  8.1279e-312
from 2 to 1 matchnode 918

918 846 2  0.8272  0.594  0.66  2.14511e-312
from 2 to 3 matchnode 918

918 49 3  0.566048  0.52136  0.65  6.95126e-310
918 74 3  0.504504  0.743232  0.6275  8.12766e-312
from 2 to 4 matchnode 918

918 354 3  0.58515  0.77273  0.67  8.12744e-312
918 413 3  0.70756  0.677768  0.5925  8.12744e-312
edge_match: 
from 3 to 2 matchnode 49

49 719 3  0.513912  0.663462  0.915  8.12744e-312
49 918 3  0.603345  0.699273  0.75  8.12744e-312
from 3 to 2 matchnode 74

74 719 2  0.7238  0.738  0.783333  8.12841e-312
74 918 3  0.810656  0.785664  0.8  8.12841e-312
edge_match: 
from 4 to 1 matchnode 354

354 846 2  0.6745  0.6474  0.79  8.12829e-312
from 4 to 1 matchnode 413

413 846 3  0.576114  0.5135  0.5075  8.12829e-312

pattern answer14:
vertex1: 节点个数 1
1167 1 0.91
vertex2: 节点个数 2
100 2 0.89
187 2 0.54
vertex3: 节点个数 2
49 3 0.97
74 3 0.81
vertex4: 节点个数 2
67 4 0.78
89 4 0.77
edge_match: 
from 1 to 3 matchnode 1167

1167 49 2  0.7275  0.5022  0.786667  8.12822e-312
1167 74 2  0.6975  0.6586  0.886667  8.12822e-312
edge_match: 
from 2 to 1 matchnode 100

100 1167 2  0.6586  0.6256  0.856667  6.95335e-310
from 2 to 3 matchnode 100

100 49 3  0.707712  0.795708  0.6825  6.95126e-310
100 74 2  0.836  0.8036  0.893333  8.12766e-312
from 2 to 4 matchnode 100

100 67 3  0.6916  0.517275  0.705  6.95126e-310
100 89 3  0.810216  0.723814  0.6125  6.95126e-310
from 2 to 1 matchnode 187

187 1167 3  0.585648  0.767949  0.7025  6.95335e-310
from 2 to 3 matchnode 187

187 49 3  0.688842  0.649803  0.8625  6.95126e-310
187 74 3  0.82467  0.536313  0.805  8.12766e-312
from 2 to 4 matchnode 187

187 67 3  0.566636  0.702086  0.5925  8.12811e-312
187 89 3  0.874944  0.922082  0.6625  8.12811e-312
edge_match: 
from 3 to 2 matchnode 49

49 100 3  0.511  0.500714  0.7975  8.12744e-312
49 187 3  0.528808  0.695826  0.805  8.12744e-312
from 3 to 2 matchnode 74

74 100 3  0.90307  0.67704  0.7925  8.12841e-312
74 187 3  0.656115  0.699524  0.585  8.12841e-312
edge_match: 
from 4 to 1 matchnode 67

67 1167 3  0.5917  0.59094  0.7775  8.12828e-312
from 4 to 1 matchnode 89

89 1167 3  0.548208  0.636272  0.7275  8.12828e-312

pattern answer15:
vertex1: 节点个数 1
1227 1 0.75
vertex2: 节点个数 2
100 2 0.89
1283 2 0.59
vertex3: 节点个数 2
49 3 0.97
74 3 0.81
vertex4: 节点个数 2
354 4 0.99
410 4 0.88
edge_match: 
from 1 to 3 matchnode 1227

1227 49 3  0.5733  0.5184  0.655  8.12825e-312
1227 74 3  0.585  0.50544  0.615  8.12825e-312
edge_match: 
from 2 to 1 matchnode 100

100 1227 3  0.51984  0.523488  0.7525  2.14511e-312
from 2 to 3 matchnode 100

100 49 3  0.707712  0.795708  0.6825  6.95126e-310
100 74 2  0.836  0.8036  0.893333  8.12766e-312
from 2 to 4 matchnode 100

100 354 3  0.605625  0.679604  0.77  6.95126e-310
100 410 2  0.8924  0.5376  0.903333  6.95126e-310
from 2 to 1 matchnode 1283

1283 1227 3  0.667968  0.603288  0.5475  2.14511e-312
from 2 to 3 matchnode 1283

1283 49 2  0.819  0.7476  0.766667  6.95126e-310
1283 74 3  0.589358  0.775806  0.6175  8.12766e-312
from 2 to 4 matchnode 1283

1283 354 2  0.6664  0.5529  0.663333  8.12806e-312
1283 410 2  0.5074  0.8051  0.746667  8.12806e-312
edge_match: 
from 3 to 2 matchnode 49

49 100 3  0.511  0.500714  0.7975  8.12744e-312
49 1283 3  0.660182  0.564696  0.82  8.12744e-312
from 3 to 2 matchnode 74

74 100 3  0.90307  0.67704  0.7925  8.12841e-312
74 1283 3  0.588064  0.547008  0.6325  8.12841e-312
edge_match: 
from 4 to 1 matchnode 354

354 1227 3  0.76032  0.622288  0.7425  8.12825e-312
from 4 to 1 matchnode 410

410 1227 3  0.59136  0.629052  0.715  8.12825e-312

pattern answer16:
vertex1: 节点个数 1
1272 1 0.97
vertex2: 节点个数 2
100 2 0.89
918 2 0.6
vertex3: 节点个数 2
49 3 0.97
74 3 0.81
vertex4: 节点个数 2
89 4 0.77
210 4 0.82
edge_match: 
from 1 to 3 matchnode 1272

1272 49 2  0.8019  0.5673  0.82  8.12827e-312
1272 74 3  0.51759  0.69654  0.665  8.12827e-312
edge_match: 
from 2 to 1 matchnode 100

100 1272 2  0.6052  0.6188  0.876667  2.14511e-312
from 2 to 3 matchnode 100

100 49 3  0.707712  0.795708  0.6825  6.95126e-310
100 74 2  0.836  0.8036  0.893333  8.12766e-312
from 2 to 4 matchnode 100

100 89 3  0.810216  0.723814  0.6125  6.95126e-310
100 210 2  0.8281  0.5445  0.813333  6.95126e-310
from 2 to 1 matchnode 918

918 1272 3  0.603244  0.63308  0.7025  2.14511e-312
from 2 to 3 matchnode 918

918 49 3  0.566048  0.52136  0.65  6.95126e-310
918 74 3  0.504504  0.743232  0.6275  8.12766e-312
from 2 to 4 matchnode 918

918 89 3  0.588588  0.912576  0.6175  8.12744e-312
918 210 2  0.8148  0.6528  0.803333  8.12744e-312
edge_match: 
from 3 to 2 matchnode 49

49 100 3  0.511  0.500714  0.7975  8.12744e-312
49 918 3  0.603345  0.699273  0.75  8.12744e-312
from 3 to 2 matchnode 74

74 100 3  0.90307  0.67704  0.7925  8.12841e-312
74 918 3  0.810656  0.785664  0.8  8.12841e-312
edge_match: 
from 4 to 1 matchnode 89

89 1272 3  0.765576  0.70218  0.6925  8.12764e-312
from 4 to 1 matchnode 210

210 1272 3  0.568512  0.607145  0.73  8.12764e-312

pattern answer17:
vertex1: 节点个数 1
1359 1 0.99
vertex2: 节点个数 2
63 2 0.52
1903 2 1
vertex3: 节点个数 2
620 3 0.79
2227 3 0.94
vertex4: 节点个数 2
210 4 0.82
410 4 0.88
edge_match: 
from 1 to 3 matchnode 1359

1359 620 2  0.6006  0.7268  0.613333  8.12825e-312
1359 2227 3  0.683559  0.512244  0.9075  8.12825e-312
edge_match: 
from 2 to 1 matchnode 63

63 1359 2  0.5082  0.7396  0.59  2.14511e-312
from 2 to 3 matchnode 63

63 620 3  0.712712  0.523032  0.5325  8.12762e-312
63 2227 3  0.6612  0.613428  0.74  8.12762e-312
from 2 to 4 matchnode 63

63 210 3  0.511784  0.549054  0.745  6.95126e-310
63 410 3  0.568284  0.820456  0.6125  6.95126e-310
from 2 to 1 matchnode 1903

1903 1359 3  0.58212  0.681688  0.7925  2.14511e-312
from 2 to 3 matchnode 1903

1903 620 3  0.509496  0.534672  0.655  8.12762e-312
1903 2227 2  0.7954  0.6624  0.696667  8.12762e-312
from 2 to 4 matchnode 1903

1903 210 2  0.69  0.6192  0.863333  8.12771e-312
1903 410 2  0.7912  0.5976  0.883333  8.12771e-312
edge_match: 
from 3 to 2 matchnode 620

620 63 3  0.701778  0.51336  0.575  8.12787e-312
620 1903 3  0.73656  0.57375  0.535  8.12787e-312
from 3 to 2 matchnode 2227

2227 63 3  0.766785  0.591008  0.805  8.12744e-312
2227 1903 2  0.7031  0.5022  0.893333  8.12744e-312
edge_match: 
from 4 to 1 matchnode 210

210 1359 2  0.504  0.703  0.893333  8.12825e-312
from 4 to 1 matchnode 410

410 1359 2  0.6204  0.5332  0.71  8.12825e-312

pattern answer18:
vertex1: 节点个数 1
1400 1 0.64
vertex2: 节点个数 2
63 2 0.52
137 2 0.75
vertex3: 节点个数 2
74 3 0.81
2034 3 0.74
vertex4: 节点个数 2
89 4 0.77
155 4 0.76
edge_match: 
from 1 to 3 matchnode 1400

1400 74 3  0.544272  0.50049  0.51  8.12821e-312
1400 2034 3  0.610906  0.6137  0.535  8.12821e-312
edge_match: 
from 2 to 1 matchnode 63

63 1400 3  0.6174  0.539055  0.665  2.14511e-312
from 2 to 3 matchnode 63

63 74 3  0.695268  0.6586  0.68  8.12766e-312
63 2034 3  0.595056  0.503139  0.5975  8.12762e-312
from 2 to 4 matchnode 63

63 89 3  0.561792  0.541728  0.645  6.95126e-310
63 155 3  0.63945  0.902682  0.6825  6.95126e-310
from 2 to 1 matchnode 137

137 1400 3  0.66176  0.517824  0.75  2.14511e-312
from 2 to 3 matchnode 137

137 74 2  0.8455  0.54  0.806667  8.12766e-312
137 2034 2  0.7896  0.9312  0.793333  8.12762e-312
from 2 to 4 matchnode 137

137 89 3  0.830304  0.827022  0.715  8.1284e-312
137 155 3  0.741024  0.531657  0.67  8.1284e-312
edge_match: 
from 3 to 2 matchnode 74

74 63 2  0.7905  0.8134  0.6  8.12841e-312
74 137 3  0.54188  0.564696  0.6975  8.12841e-312
from 3 to 2 matchnode 2034

2034 63 3  0.526613  0.543576  0.5475  8.12772e-312
2034 137 3  0.737748  0.552552  0.675  8.12772e-312
edge_match: 
from 4 to 1 matchnode 89

89 1400 3  0.811146  0.82908  0.61  8.12803e-312
from 4 to 1 matchnode 155

155 1400 3  0.580336  0.616047  0.505  8.12803e-312

pattern answer19:
vertex1: 节点个数 1
1428 1 0.61
vertex2: 节点个数 2
918 2 0.6
1472 2 0.88
vertex3: 节点个数 2
49 3 0.97
1613 3 0.68
vertex4: 节点个数 2
1520 4 0.59
1523 4 0.74
edge_match: 
from 1 to 3 matchnode 1428

1428 49 3  0.516186  0.539539  0.7425  8.12789e-312
1428 1613 3  0.64125  0.57159  0.675  8.12789e-312
edge_match: 
from 2 to 1 matchnode 918

918 1428 3  0.588392  0.642096  0.585  2.14511e-312
from 2 to 3 matchnode 918

918 49 3  0.566048  0.52136  0.65  6.95126e-310
918 1613 3  0.57722  0.622398  0.535  8.12787e-312
from 2 to 4 matchnode 918

918 1520 3  0.530299  0.613088  0.61  8.12744e-312
918 1523 2  0.7938  0.5978  0.523333  8.12744e-312
from 2 to 1 matchnode 1472

1472 1428 3  0.516344  0.537264  0.655  2.14511e-312
from 2 to 3 matchnode 1472

1472 49 2  0.8099  0.623  0.863333  6.95126e-310
1472 1613 3  0.524472  0.514976  0.84  8.12787e-312
from 2 to 4 matchnode 1472

1472 1520 2  0.693  0.9114  0.576667  8.12825e-312
1472 1523 2  0.6966  0.5002  0.616667  8.12825e-312
edge_match: 
from 3 to 2 matchnode 49

49 918 3  0.603345  0.699273  0.75  8.12744e-312
49 1472 3  0.731808  0.777568  0.5725  8.12744e-312
from 3 to 2 matchnode 1613

1613 918 2  0.9306  0.5775  0.553333  8.12787e-312
1613 1472 2  0.7832  0.752  0.596667  8.12787e-312
edge_match: 
from 4 to 1 matchnode 1520

1520 1428 3  0.6256  0.61776  0.67  8.12789e-312
from 4 to 1 matchnode 1523

1523 1428 3  0.541387  0.52992  0.6075  8.12789e-312

pattern answer20:
vertex1: 节点个数 1
1483 1 0.6
vertex2: 节点个数 2
137 2 0.75
1283 2 0.59
vertex3: 节点个数 2
74 3 0.81
3932 3 0.94
vertex4: 节点个数 2
354 4 0.99
2751 4 0.93
edge_match: 
from 1 to 3 matchnode 1483

1483 74 3  0.7644  0.642096  0.5975  8.12789e-312
1483 3932 2  0.5481  0.6237  0.84  8.12789e-312
edge_match: 
from 2 to 1 matchnode 137

137 1483 3  0.801444  0.513216  0.57  2.14511e-312
from 2 to 3 matchnode 137

137 74 2  0.8455  0.54  0.806667  8.12766e-312
137 3932 2  0.8091  0.6699  0.89  8.12762e-312
from 2 to 4 matchnode 137

137 354 2  0.8277  0.6  0.866667  8.1284e-312
137 2751 3  0.56544  0.79344  0.6775  8.1284e-312
from 2 to 1 matchnode 1283

1283 1483 3  0.53505  0.591744  0.56  2.14511e-312
from 2 to 3 matchnode 1283

1283 74 3  0.589358  0.775806  0.6175  8.12766e-312
1283 3932 3  0.54912  0.608256  0.6475  8.12762e-312
from 2 to 4 matchnode 1283

1283 354 2  0.6664  0.5529  0.663333  8.12806e-312
1283 2751 3  0.69552  0.59752  0.73  8.12806e-312
edge_match: 
from 3 to 2 matchnode 74

74 137 3  0.54188  0.564696  0.6975  8.12841e-312
74 1283 3  0.588064  0.547008  0.6325  8.12841e-312
from 3 to 2 matchnode 3932

3932 137 1  0.65  0.83  0.845  8.12762e-312
3932 1283 3  0.583395  0.574992  0.635  8.12762e-312
edge_match: 
from 4 to 1 matchnode 354

354 1483 3  0.5544  0.50876  0.635  8.12789e-312
from 4 to 1 matchnode 2751

2751 1483 3  0.59049  0.811008  0.61  8.12789e-312

pattern answer21:
vertex1: 节点个数 1
1754 1 0.84
vertex2: 节点个数 2
100 2 0.89
187 2 0.54
vertex3: 节点个数 2
49 3 0.97
74 3 0.81
vertex4: 节点个数 2
67 4 0.78
89 4 0.77
edge_match: 
from 1 to 3 matchnode 1754

1754 49 2  0.8134  0.64  0.78  8.12772e-312
1754 74 2  0.83  0.624  0.726667  8.12772e-312
edge_match: 
from 2 to 1 matchnode 100

100 1754 3  0.55594  0.663872  0.7775  2.14511e-312
from 2 to 3 matchnode 100

100 49 3  0.707712  0.795708  0.6825  6.95126e-310
100 74 2  0.836  0.8036  0.893333  8.12766e-312
from 2 to 4 matchnode 100

100 67 3  0.6916  0.517275  0.705  6.95126e-310
100 89 3  0.810216  0.723814  0.6125  6.95126e-310
from 2 to 1 matchnode 187

187 1754 3  0.63308  0.837401  0.8125  2.14511e-312
from 2 to 3 matchnode 187

187 49 3  0.688842  0.649803  0.8625  6.95126e-310
187 74 3  0.82467  0.536313  0.805  8.12766e-312
from 2 to 4 matchnode 187

187 67 3  0.566636  0.702086  0.5925  8.12811e-312
187 89 3  0.874944  0.922082  0.6625  8.12811e-312
edge_match: 
from 3 to 2 matchnode 49

49 100 3  0.511  0.500714  0.7975  8.12744e-312
49 187 3  0.528808  0.695826  0.805  8.12744e-312
from 3 to 2 matchnode 74

74 100 3  0.90307  0.67704  0.7925  8.12841e-312
74 187 3  0.656115  0.699524  0.585  8.12841e-312
edge_match: 
from 4 to 1 matchnode 67

67 1754 3  0.66816  0.679338  0.6  8.12822e-312
from 4 to 1 matchnode 89

89 1754 3  0.65518  0.63973  0.59  8.12822e-312

pattern answer22:
vertex1: 节点个数 1
2043 1 0.54
vertex2: 节点个数 2
100 2 0.89
187 2 0.54
vertex3: 节点个数 2
49 3 0.97
74 3 0.81
vertex4: 节点个数 2
67 4 0.78
89 4 0.77
edge_match: 
from 1 to 3 matchnode 2043

2043 49 2  0.7656  0.5518  0.773333  8.12777e-312
2043 74 3  0.63495  0.50445  0.605  8.12777e-312
edge_match: 
from 2 to 1 matchnode 100

100 2043 2  0.8316  0.912  0.64  6.95335e-310
from 2 to 3 matchnode 100

100 49 3  0.707712  0.795708  0.6825  6.95126e-310
100 74 2  0.836  0.8036  0.893333  8.12766e-312
from 2 to 4 matchnode 100

100 67 3  0.6916  0.517275  0.705  6.95126e-310
100 89 3  0.810216  0.723814  0.6125  6.95126e-310
from 2 to 1 matchnode 187

187 2043 3  0.715008  0.76048  0.605  6.95335e-310
from 2 to 3 matchnode 187

187 49 3  0.688842  0.649803  0.8625  6.95126e-310
187 74 3  0.82467  0.536313  0.805  8.12766e-312
from 2 to 4 matchnode 187

187 67 3  0.566636  0.702086  0.5925  8.12811e-312
187 89 3  0.874944  0.922082  0.6625  8.12811e-312
edge_match: 
from 3 to 2 matchnode 49

49 100 3  0.511  0.500714  0.7975  8.12744e-312
49 187 3  0.528808  0.695826  0.805  8.12744e-312
from 3 to 2 matchnode 74

74 100 3  0.90307  0.67704  0.7925  8.12841e-312
74 187 3  0.656115  0.699524  0.585  8.12841e-312
edge_match: 
from 4 to 1 matchnode 67

67 2043 3  0.8633  0.59697  0.685  8.12775e-312
from 4 to 1 matchnode 89

89 2043 2  0.9207  0.517  0.693333  8.12775e-312

pattern answer23:
vertex1: 节点个数 1
2075 1 0.89
vertex2: 节点个数 2
187 2 0.54
192 2 0.62
vertex3: 节点个数 2
49 3 0.97
74 3 0.81
vertex4: 节点个数 2
210 4 0.82
289 4 0.5
edge_match: 
from 1 to 3 matchnode 2075

2075 49 3  0.665614  0.66216  0.8  8.12785e-312
2075 74 3  0.667368  0.51128  0.7675  8.12785e-312
edge_match: 
from 2 to 1 matchnode 187

187 2075 3  0.703444  0.5529  0.6675  6.95335e-310
from 2 to 3 matchnode 187

187 49 3  0.688842  0.649803  0.8625  6.95126e-310
187 74 3  0.82467  0.536313  0.805  8.12766e-312
from 2 to 4 matchnode 187

187 210 3  0.57036  0.9215  0.65  8.12811e-312
187 289 3  0.80801  0.9021  0.57  8.12811e-312
from 2 to 1 matchnode 192

192 2075 3  0.72171  0.6498  0.6425  6.95335e-310
from 2 to 3 matchnode 192

192 49 2  0.7857  0.7068  0.69  6.95126e-310
192 74 3  0.777568  0.544824  0.64  8.12766e-312
from 2 to 4 matchnode 192

192 210 2  0.564  0.5985  0.566667  8.12797e-312
192 289 3  0.55965  0.661344  0.6725  8.12797e-312
edge_match: 
from 3 to 2 matchnode 49

49 187 3  0.528808  0.695826  0.805  8.12744e-312
49 192 3  0.61304  0.64881  0.58  8.12744e-312
from 3 to 2 matchnode 74

74 187 3  0.656115  0.699524  0.585  8.12841e-312
74 192 3  0.750974  0.55269  0.54  8.12841e-312
edge_match: 
from 4 to 1 matchnode 210

210 2075 3  0.769296  0.65664  0.8475  8.12785e-312
from 4 to 1 matchnode 289

289 2075 3  0.51183  0.707952  0.69  8.12785e-312

pattern answer24:
vertex1: 节点个数 1
2218 1 0.73
vertex2: 节点个数 2
100 2 0.89
187 2 0.54
vertex3: 节点个数 2
49 3 0.97
74 3 0.81
vertex4: 节点个数 2
67 4 0.78
89 4 0.77
edge_match: 
from 1 to 3 matchnode 2218

2218 49 3  0.6498  0.50589  0.745  8.12821e-312
2218 74 3  0.69597  0.5508  0.655  8.12821e-312
edge_match: 
from 2 to 1 matchnode 100

100 2218 1  0.97  0.85  0.81  2.14511e-312
from 2 to 3 matchnode 100

100 49 3  0.707712  0.795708  0.6825  6.95126e-310
100 74 2  0.836  0.8036  0.893333  8.12766e-312
from 2 to 4 matchnode 100

100 67 3  0.6916  0.517275  0.705  6.95126e-310
100 89 3  0.810216  0.723814  0.6125  6.95126e-310
from 2 to 1 matchnode 187

187 2218 3  0.903168  0.846034  0.7625  2.14511e-312
from 2 to 3 matchnode 187

187 49 3  0.688842  0.649803  0.8625  6.95126e-310
187 74 3  0.82467  0.536313  0.805  8.12766e-312
from 2 to 4 matchnode 187

187 67 3  0.566636  0.702086  0.5925  8.12811e-312
187 89 3  0.874944  0.922082  0.6625  8.12811e-312
edge_match: 
from 3 to 2 matchnode 49

49 100 3  0.511  0.500714  0.7975  8.12744e-312
49 187 3  0.528808  0.695826  0.805  8.12744e-312
from 3 to 2 matchnode 74

74 100 3  0.90307  0.67704  0.7925  8.12841e-312
74 187 3  0.656115  0.699524  0.585  8.12841e-312
edge_match: 
from 4 to 1 matchnode 67

67 2218 3  0.543744  0.543996  0.755  8.12791e-312
from 4 to 1 matchnode 89

89 2218 2  0.8544  0.5586  0.766667  8.12791e-312

pattern answer25:
vertex1: 节点个数 1
2285 1 0.6
vertex2: 节点个数 2
100 2 0.89
1283 2 0.59
vertex3: 节点个数 2
49 3 0.97
74 3 0.81
vertex4: 节点个数 2
354 4 0.99
1762 4 0.79
edge_match: 
from 1 to 3 matchnode 2285

2285 49 3  0.702086  0.802869  0.7275  8.12785e-312
2285 74 1  0.88  1  0.705  8.12785e-312
edge_match: 
from 2 to 1 matchnode 100

100 2285 3  0.5928  0.535624  0.69  6.95335e-310
from 2 to 3 matchnode 100

100 49 3  0.707712  0.795708  0.6825  6.95126e-310
100 74 2  0.836  0.8036  0.893333  8.12766e-312
from 2 to 4 matchnode 100

100 354 3  0.605625  0.679604  0.77  6.95126e-310
100 1762 3  0.66975  0.634844  0.6625  6.95126e-310
from 2 to 1 matchnode 1283

1283 2285 2  0.578  0.5643  0.59  6.95335e-310
from 2 to 3 matchnode 1283

1283 49 2  0.819  0.7476  0.766667  6.95126e-310
1283 74 3  0.589358  0.775806  0.6175  8.12766e-312
from 2 to 4 matchnode 1283

1283 354 2  0.6664  0.5529  0.663333  8.12806e-312
1283 1762 3  0.90307  0.620703  0.63  8.12806e-312
edge_match: 
from 3 to 2 matchnode 49

49 100 3  0.511  0.500714  0.7975  8.12744e-312
49 1283 3  0.660182  0.564696  0.82  8.12744e-312
from 3 to 2 matchnode 74

74 100 3  0.90307  0.67704  0.7925  8.12841e-312
74 1283 3  0.588064  0.547008  0.6325  8.12841e-312
edge_match: 
from 4 to 1 matchnode 354

354 2285 2  0.6525  0.7007  0.67  8.12785e-312
from 4 to 1 matchnode 1762

1762 2285 2  0.7098  0.6674  0.656667  8.12785e-312

pattern answer26:
vertex1: 节点个数 1
2655 1 1
vertex2: 节点个数 2
192 2 0.62
1903 2 1
vertex3: 节点个数 2
74 3 0.81
805 3 0.63
vertex4: 节点个数 2
67 4 0.78
210 4 0.82
edge_match: 
from 1 to 3 matchnode 2655

2655 74 3  0.81144  0.62748  0.685  8.12785e-312
2655 805 3  0.545664  0.544824  0.5875  8.12785e-312
edge_match: 
from 2 to 1 matchnode 192

192 2655 3  0.515484  0.545376  0.7425  6.95335e-310
from 2 to 3 matchnode 192

192 74 3  0.777568  0.544824  0.64  8.12766e-312
192 805 3  0.588294  0.540144  0.57  8.12762e-312
from 2 to 4 matchnode 192

192 67 3  0.6408  0.57519  0.72  8.12797e-312
192 210 2  0.564  0.5985  0.566667  8.12797e-312
from 2 to 1 matchnode 1903

1903 2655 3  0.615384  0.847504  0.795  6.95335e-310
from 2 to 3 matchnode 1903

1903 74 3  0.648648  0.727748  0.7475  8.12766e-312
1903 805 3  0.688344  0.591624  0.82  8.12762e-312
from 2 to 4 matchnode 1903

1903 67 3  0.733305  0.690228  0.7725  8.12771e-312
1903 210 2  0.69  0.6192  0.863333  8.12771e-312
edge_match: 
from 3 to 2 matchnode 74

74 192 3  0.750974  0.55269  0.54  8.12841e-312
74 1903 3  0.564102  0.515361  0.685  8.12841e-312
from 3 to 2 matchnode 805

805 192 2  0.5767  0.6408  0.503333  8.12803e-312
805 1903 3  0.695604  0.715084  0.66  8.12803e-312
edge_match: 
from 4 to 1 matchnode 67

67 2655 3  0.51901  0.585144  0.59  8.12785e-312
from 4 to 1 matchnode 210

210 2655 2  0.5328  0.874  0.896667  8.12785e-312

pattern answer27:
vertex1: 节点个数 1
2700 1 0.59
vertex2: 节点个数 2
918 2 0.6
1903 2 1
vertex3: 节点个数 2
1613 3 0.68
2227 3 0.94
vertex4: 节点个数 2
210 4 0.82
2255 4 0.75
edge_match: 
from 1 to 3 matchnode 2700

2700 1613 3  0.592614  0.569492  0.7375  8.12825e-312
2700 2227 3  0.607068  0.501552  0.76  8.12825e-312
edge_match: 
from 2 to 1 matchnode 918

918 2700 3  0.601524  0.630336  0.5725  2.14511e-312
from 2 to 3 matchnode 918

918 1613 3  0.57722  0.622398  0.535  8.12787e-312
918 2227 2  0.63  0.6048  0.696667  8.12762e-312
from 2 to 4 matchnode 918

918 210 2  0.8148  0.6528  0.803333  8.12744e-312
918 2255 3  0.509012  0.519792  0.535  8.12744e-312
from 2 to 1 matchnode 1903

1903 2700 3  0.773388  0.617204  0.6925  2.14511e-312
from 2 to 3 matchnode 1903

1903 1613 2  0.5551  0.6561  0.806667  8.12787e-312
1903 2227 2  0.7954  0.6624  0.696667  8.12762e-312
from 2 to 4 matchnode 1903

1903 210 2  0.69  0.6192  0.863333  8.12771e-312
1903 2255 3  0.751296  0.501984  0.62  8.12771e-312
edge_match: 
from 3 to 2 matchnode 1613

1613 918 2  0.9306  0.5775  0.553333  8.12787e-312
1613 1903 3  0.526848  0.625152  0.6  8.12787e-312
from 3 to 2 matchnode 2227

2227 918 2  0.5576  0.93  0.746667  8.12744e-312
2227 1903 2  0.7031  0.5022  0.893333  8.12744e-312
edge_match: 
from 4 to 1 matchnode 210

210 2700 2  0.6696  0.6365  0.76  8.12825e-312
from 4 to 1 matchnode 2255

2255 2700 2  0.5312  0.8536  0.603333  8.12825e-312

pattern answer28:
vertex1: 节点个数 1
2960 1 0.86
vertex2: 节点个数 2
100 2 0.89
719 2 0.98
vertex3: 节点个数 2
49 3 0.97
74 3 0.81
vertex4: 节点个数 2
67 4 0.78
122 4 1
edge_match: 
from 1 to 3 matchnode 2960

2960 49 3  0.663936  0.605912  0.6575  8.12785e-312
2960 74 2  0.6174  0.5766  0.843333  8.12785e-312
edge_match: 
from 2 to 1 matchnode 100

100 2960 3  0.793408  0.655776  0.785  8.12785e-312
from 2 to 3 matchnode 100

100 49 3  0.707712  0.795708  0.6825  6.95126e-310
100 74 2  0.836  0.8036  0.893333  8.12766e-312
from 2 to 4 matchnode 100

100 67 3  0.6916  0.517275  0.705  6.95126e-310
100 122 1  0.85  0.68  0.945  6.95126e-310
from 2 to 1 matchnode 719

719 2960 3  0.5874  0.664785  0.775  8.12785e-312
from 2 to 3 matchnode 719

719 49 3  0.634392  0.602217  0.8325  6.95126e-310
719 74 3  0.678447  0.510972  0.625  8.12766e-312
from 2 to 4 matchnode 719

719 67 3  0.509454  0.523488  0.7775  8.1279e-312
719 122 2  0.5402  0.6612  0.98  8.1279e-312
edge_match: 
from 3 to 2 matchnode 49

49 100 3  0.511  0.500714  0.7975  8.12744e-312
49 719 3  0.513912  0.663462  0.915  8.12744e-312
from 3 to 2 matchnode 74

74 100 3  0.90307  0.67704  0.7925  8.12841e-312
74 719 2  0.7238  0.738  0.783333  8.12841e-312
edge_match: 
from 4 to 1 matchnode 67

67 2960 3  0.504592  0.604989  0.7325  8.12785e-312
from 4 to 1 matchnode 122

122 2960 3  0.750288  0.583704  0.735  8.12785e-312

pattern answer29:
vertex1: 节点个数 1
3180 1 0.6
vertex2: 节点个数 2
100 2 0.89
719 2 0.98
vertex3: 节点个数 2
729 3 0.94
2096 3 0.84
vertex4: 节点个数 2
354 4 0.99
410 4 0.88
edge_match: 
from 1 to 3 matchnode 3180

3180 729 3  0.667755  0.7315  0.64  8.12825e-312
3180 2096 2  0.665  0.5624  0.663333  8.12825e-312
edge_match: 
from 2 to 1 matchnode 100

100 3180 2  0.6808  0.6693  0.68  6.95335e-310
from 2 to 3 matchnode 100

100 729 3  0.676875  0.724416  0.6425  8.12762e-312
100 2096 3  0.62118  0.51982  0.7275  8.12787e-312
from 2 to 4 matchnode 100

100 354 3  0.605625  0.679604  0.77  6.95126e-310
100 410 2  0.8924  0.5376  0.903333  6.95126e-310
from 2 to 1 matchnode 719

719 3180 3  0.552552  0.52452  0.8575  6.95335e-310
from 2 to 3 matchnode 719

719 729 2  0.5304  0.6014  0.93  8.12762e-312
719 2096 3  0.577885  0.543704  0.7625  8.12787e-312
from 2 to 4 matchnode 719

719 354 3  0.51034  0.602082  0.7625  8.1279e-312
719 410 3  0.516028  0.865536  0.87  8.1279e-312
edge_match: 
from 3 to 2 matchnode 729

729 100 3  0.544364  0.66928  0.7475  8.12822e-312
729 719 3  0.54285  0.65682  0.8225  8.12822e-312
from 3 to 2 matchnode 2096

2096 100 3  0.542256  0.6975  0.68  8.128e-312
2096 719 3  0.619164  0.602454  0.6625  8.128e-312
edge_match: 
from 4 to 1 matchnode 354

354 3180 3  0.69597  0.54999  0.55  8.12825e-312
from 4 to 1 matchnode 410

410 3180 2  0.6142  0.7372  0.676667  8.12825e-312

pattern answer30:
vertex1: 节点个数 1
3277 1 0.71
vertex2: 节点个数 2
446 2 0.67
918 2 0.6
vertex3: 节点个数 2
49 3 0.97
2227 3 0.94
vertex4: 节点个数 2
210 4 0.82
354 4 0.99
edge_match: 
from 1 to 3 matchnode 3277

3277 49 3  0.625443  0.583929  0.84  8.12785e-312
3277 2227 1  0.87  0.81  0.825  8.12785e-312
edge_match: 
from 2 to 1 matchnode 446

446 3277 3  0.510972  0.52896  0.5825  2.14511e-312
from 2 to 3 matchnode 446

446 49 3  0.634865  0.564696  0.7  6.95126e-310
446 2227 2  0.6468  0.5589  0.763333  8.12762e-312
from 2 to 4 matchnode 446

446 210 3  0.534276  0.55728  0.6175  6.95126e-310
446 354 3  0.72192  0.708876  0.7525  6.95126e-310
from 2 to 1 matchnode 918

918 3277 3  0.5355  0.62208  0.5275  2.14511e-312
from 2 to 3 matchnode 918

918 49 3  0.566048  0.52136  0.65  6.95126e-310
918 2227 2  0.63  0.6048  0.696667  8.12762e-312
from 2 to 4 matchnode 918

918 210 2  0.8148  0.6528  0.803333  8.12744e-312
918 354 3  0.58515  0.77273  0.67  8.12744e-312
edge_match: 
from 3 to 2 matchnode 49

49 446 2  0.6424  0.7081  0.733333  8.12744e-312
49 918 3  0.603345  0.699273  0.75  8.12744e-312
from 3 to 2 matchnode 2227

2227 446 3  0.793408  0.534798  0.6175  8.12744e-312
2227 918 2  0.5576  0.93  0.746667  8.12744e-312
edge_match: 
from 4 to 1 matchnode 210

210 3277 3  0.628992  0.59204  0.665  8.12785e-312
from 4 to 1 matchnode 354

354 3277 1  0.81  0.93  0.85  8.12785e-312

pattern answer31:
vertex1: 节点个数 1
3281 1 0.71
vertex2: 节点个数 2
918 2 0.6
1903 2 1
vertex3: 节点个数 2
1613 3 0.68
2227 3 0.94
vertex4: 节点个数 2
210 4 0.82
413 4 0.64
edge_match: 
from 1 to 3 matchnode 3281

3281 1613 3  0.538156  0.5688  0.6375  8.12793e-312
3281 2227 3  0.715008  0.7614  0.82  8.12793e-312
edge_match: 
from 2 to 1 matchnode 918

918 3281 3  0.505344  0.598216  0.5825  2.14511e-312
from 2 to 3 matchnode 918

918 1613 3  0.57722  0.622398  0.535  8.12787e-312
918 2227 2  0.63  0.6048  0.696667  8.12762e-312
from 2 to 4 matchnode 918

918 210 2  0.8148  0.6528  0.803333  8.12744e-312
918 413 3  0.70756  0.677768  0.5925  8.12744e-312
from 2 to 1 matchnode 1903

1903 3281 3  0.626336  0.563112  0.81  2.14511e-312
from 2 to 3 matchnode 1903

1903 1613 2  0.5551  0.6561  0.806667  8.12787e-312
1903 2227 2  0.7954  0.6624  0.696667  8.12762e-312
from 2 to 4 matchnode 1903

1903 210 2  0.69  0.6192  0.863333  8.12771e-312
1903 413 3  0.627264  0.630336  0.5925  8.12771e-312
edge_match: 
from 3 to 2 matchnode 1613

1613 918 2  0.9306  0.5775  0.553333  8.12787e-312
1613 1903 3  0.526848  0.625152  0.6  8.12787e-312
from 3 to 2 matchnode 2227

2227 918 2  0.5576  0.93  0.746667  8.12744e-312
2227 1903 2  0.7031  0.5022  0.893333  8.12744e-312
edge_match: 
from 4 to 1 matchnode 210

210 3281 3  0.55614  0.661248  0.705  8.128e-312
from 4 to 1 matchnode 413

413 3281 3  0.520674  0.608  0.625  8.128e-312

pattern answer32:
vertex1: 节点个数 1
3718 1 0.67
vertex2: 节点个数 2
719 2 0.98
918 2 0.6
vertex3: 节点个数 2
49 3 0.97
1613 3 0.68
vertex4: 节点个数 2
413 4 0.64
420 4 0.71
edge_match: 
from 1 to 3 matchnode 3718

3718 49 2  0.7546  0.722  0.766667  8.12764e-312
3718 1613 3  0.557326  0.5472  0.5225  8.12764e-312
edge_match: 
from 2 to 1 matchnode 719

719 3718 3  0.52725  0.549976  0.6825  6.95335e-310
from 2 to 3 matchnode 719

719 49 3  0.634392  0.602217  0.8325  6.95126e-310
719 1613 3  0.609917  0.583968  0.5525  8.12787e-312
from 2 to 4 matchnode 719

719 413 3  0.603876  0.67811  0.725  8.1279e-312
719 420 3  0.65016  0.59013  0.7875  8.1279e-312
from 2 to 1 matchnode 918

918 3718 3  0.662872  0.784784  0.6  6.95335e-310
from 2 to 3 matchnode 918

918 49 3  0.566048  0.52136  0.65  6.95126e-310
918 1613 3  0.57722  0.622398  0.535  8.12787e-312
from 2 to 4 matchnode 918

918 413 3  0.70756  0.677768  0.5925  8.12744e-312
918 420 3  0.655424  0.740194  0.61  8.12744e-312
edge_match: 
from 3 to 2 matchnode 49

49 719 3  0.513912  0.663462  0.915  8.12744e-312
49 918 3  0.603345  0.699273  0.75  8.12744e-312
from 3 to 2 matchnode 1613

1613 719 3  0.598752  0.5616  0.7875  8.12787e-312
1613 918 2  0.9306  0.5775  0.553333  8.12787e-312
edge_match: 
from 4 to 1 matchnode 413

413 3718 3  0.55872  0.70616  0.5725  8.12764e-312
from 4 to 1 matchnode 420

420 3718 3  0.534534  0.720544  0.615  8.12764e-312

pattern answer33:
vertex1: 节点个数 1
4219 1 0.59
vertex2: 节点个数 2
100 2 0.89
187 2 0.54
vertex3: 节点个数 2
49 3 0.97
74 3 0.81
vertex4: 节点个数 2
357 4 0.84
410 4 0.88
edge_match: 
from 1 to 3 matchnode 4219

4219 49 3  0.5824  0.769672  0.78  8.12796e-312
4219 74 3  0.5994  0.68526  0.595  8.12796e-312
edge_match: 
from 2 to 1 matchnode 100

100 4219 3  0.64152  0.612943  0.62  6.95335e-310
from 2 to 3 matchnode 100

100 49 3  0.707712  0.795708  0.6825  6.95126e-310
100 74 2  0.836  0.8036  0.893333  8.12766e-312
from 2 to 4 matchnode 100

100 357 2  0.665  0.6642  0.903333  6.95126e-310
100 410 2  0.8924  0.5376  0.903333  6.95126e-310
from 2 to 1 matchnode 187

187 4219 2  0.784  0.8633  0.703333  6.95335e-310
from 2 to 3 matchnode 187

187 49 3  0.688842  0.649803  0.8625  6.95126e-310
187 74 3  0.82467  0.536313  0.805  8.12766e-312
from 2 to 4 matchnode 187

187 357 3  0.627102  0.657272  0.775  8.12811e-312
187 410 3  0.743232  0.621576  0.8  8.12811e-312
edge_match: 
from 3 to 2 matchnode 49

49 100 3  0.511  0.500714  0.7975  8.12744e-312
49 187 3  0.528808  0.695826  0.805  8.12744e-312
from 3 to 2 matchnode 74

74 100 3  0.90307  0.67704  0.7925  8.12841e-312
74 187 3  0.656115  0.699524  0.585  8.12841e-312
edge_match: 
from 4 to 1 matchnode 357

357 4219 3  0.66216  0.516912  0.675  8.12796e-312
from 4 to 1 matchnode 410

410 4219 2  0.584  0.623  0.816667  8.12796e-312

pattern answer34:
vertex1: 节点个数 1
4345 1 0.86
vertex2: 节点个数 2
63 2 0.52
1903 2 1
vertex3: 节点个数 2
74 3 0.81
653 3 0.8
vertex4: 节点个数 2
289 4 0.5
410 4 0.88
edge_match: 
from 1 to 3 matchnode 4345

4345 74 2  0.828  0.5063  0.713333  8.12825e-312
4345 653 2  0.6612  0.5104  0.853333  8.12825e-312
edge_match: 
from 2 to 1 matchnode 63

63 4345 3  0.729729  0.5621  0.7  6.95335e-310
from 2 to 3 matchnode 63

63 74 3  0.695268  0.6586  0.68  8.12766e-312
63 653 2  0.5544  0.8  0.58  8.12762e-312
from 2 to 4 matchnode 63

63 289 3  0.767949  0.75078  0.6225  6.95126e-310
63 410 3  0.568284  0.820456  0.6125  6.95126e-310
from 2 to 1 matchnode 1903

1903 4345 3  0.792576  0.69825  0.63  6.95335e-310
from 2 to 3 matchnode 1903

1903 74 3  0.648648  0.727748  0.7475  8.12766e-312
1903 653 3  0.506368  0.54093  0.7025  8.12762e-312
from 2 to 4 matchnode 1903

1903 289 3  0.6693  0.537768  0.77  8.12771e-312
1903 410 2  0.7912  0.5976  0.883333  8.12771e-312
edge_match: 
from 3 to 2 matchnode 74

74 63 2  0.7905  0.8134  0.6  8.12841e-312
74 1903 3  0.564102  0.515361  0.685  8.12841e-312
from 3 to 2 matchnode 653

653 63 3  0.592704  0.551232  0.7825  8.12792e-312
653 1903 2  0.5313  0.7568  0.776667  8.12792e-312
edge_match: 
from 4 to 1 matchnode 289

289 4345 3  0.576576  0.59136  0.5075  8.12825e-312
from 4 to 1 matchnode 410

410 4345 3  0.57936  0.5355  0.53  8.12825e-312

pattern answer35:
vertex1: 节点个数 1
4564 1 0.72
vertex2: 节点个数 2
100 2 0.89
1903 2 1
vertex3: 节点个数 2
49 3 0.97
653 3 0.8
vertex4: 节点个数 2
354 4 0.99
410 4 0.88
edge_match: 
from 1 to 3 matchnode 4564

4564 49 2  0.5278  0.5607  0.81  8.12764e-312
4564 653 3  0.819423  0.54672  0.69  8.12764e-312
edge_match: 
from 2 to 1 matchnode 100

100 4564 2  0.828  0.6486  0.72  2.14511e-312
from 2 to 3 matchnode 100

100 49 3  0.707712  0.795708  0.6825  6.95126e-310
100 653 2  0.9405  0.782  0.793333  8.12762e-312
from 2 to 4 matchnode 100

100 354 3  0.605625  0.679604  0.77  6.95126e-310
100 410 2  0.8924  0.5376  0.903333  6.95126e-310
from 2 to 1 matchnode 1903

1903 4564 3  0.684  0.614196  0.7025  2.14511e-312
from 2 to 3 matchnode 1903

1903 49 3  0.820911  0.526613  0.785  6.95126e-310
1903 653 3  0.506368  0.54093  0.7025  8.12762e-312
from 2 to 4 matchnode 1903

1903 354 2  0.72  0.7968  0.833333  8.12771e-312
1903 410 2  0.7912  0.5976  0.883333  8.12771e-312
edge_match: 
from 3 to 2 matchnode 49

49 100 3  0.511  0.500714  0.7975  8.12744e-312
49 1903 3  0.554484  0.592368  0.7725  8.12744e-312
from 3 to 2 matchnode 653

653 100 3  0.63612  0.771538  0.67  8.12792e-312
653 1903 2  0.5313  0.7568  0.776667  8.12792e-312
edge_match: 
from 4 to 1 matchnode 354

354 4564 3  0.84645  0.53298  0.58  8.12764e-312
from 4 to 1 matchnode 410

410 4564 2  0.747  0.7144  0.716667  8.12764e-312

pattern answer36:
vertex1: 节点个数 1
5415 1 0.54
vertex2: 节点个数 2
100 2 0.89
719 2 0.98
vertex3: 节点个数 2
49 3 0.97
74 3 0.81
vertex4: 节点个数 2
122 4 1
354 4 0.99
edge_match: 
from 1 to 3 matchnode 5415

5415 49 3  0.52416  0.51086  0.645  8.12764e-312
5415 74 2  0.616  0.5063  0.776667  8.12764e-312
edge_match: 
from 2 to 1 matchnode 100

100 5415 3  0.57834  0.53956  0.6525  2.41224e-310
from 2 to 3 matchnode 100

100 49 3  0.707712  0.795708  0.6825  6.95126e-310
100 74 2  0.836  0.8036  0.893333  8.12766e-312
from 2 to 4 matchnode 100

100 122 1  0.85  0.68  0.945  6.95126e-310
100 354 3  0.605625  0.679604  0.77  6.95126e-310
from 2 to 1 matchnode 719

719 5415 2  0.6318  0.5084  0.796667  2.41224e-310
from 2 to 3 matchnode 719

719 49 3  0.634392  0.602217  0.8325  6.95126e-310
719 74 3  0.678447  0.510972  0.625  8.12766e-312
from 2 to 4 matchnode 719

719 122 2  0.5402  0.6612  0.98  8.1279e-312
719 354 3  0.51034  0.602082  0.7625  8.1279e-312
edge_match: 
from 3 to 2 matchnode 49

49 100 3  0.511  0.500714  0.7975  8.12744e-312
49 719 3  0.513912  0.663462  0.915  8.12744e-312
from 3 to 2 matchnode 74

74 100 3  0.90307  0.67704  0.7925  8.12841e-312
74 719 2  0.7238  0.738  0.783333  8.12841e-312
edge_match: 
from 4 to 1 matchnode 122

122 5415 3  0.530472  0.569184  0.6675  8.12764e-312
from 4 to 1 matchnode 354

354 5415 3  0.57288  0.774144  0.605  8.12764e-312

pattern answer37:
vertex1: 节点个数 1
6084 1 0.54
vertex2: 节点个数 2
918 2 0.6
1283 2 0.59
vertex3: 节点个数 2
49 3 0.97
74 3 0.81
vertex4: 节点个数 2
89 4 0.77
210 4 0.82
edge_match: 
from 1 to 3 matchnode 6084

6084 49 3  0.520125  0.76048  0.6175  8.12764e-312
6084 74 3  0.829374  0.63495  0.595  8.12764e-312
edge_match: 
from 2 to 1 matchnode 918

918 6084 3  0.543704  0.570752  0.5675  2.41224e-310
from 2 to 3 matchnode 918

918 49 3  0.566048  0.52136  0.65  6.95126e-310
918 74 3  0.504504  0.743232  0.6275  8.12766e-312
from 2 to 4 matchnode 918

918 89 3  0.588588  0.912576  0.6175  8.12744e-312
918 210 2  0.8148  0.6528  0.803333  8.12744e-312
from 2 to 1 matchnode 1283

1283 6084 3  0.76095  0.515592  0.7175  2.41224e-310
from 2 to 3 matchnode 1283

1283 49 2  0.819  0.7476  0.766667  6.95126e-310
1283 74 3  0.589358  0.775806  0.6175  8.12766e-312
from 2 to 4 matchnode 1283

1283 89 3  0.525045  0.65379  0.7425  8.12806e-312
1283 210 1  0.57  0.86  0.705  8.12806e-312
edge_match: 
from 3 to 2 matchnode 49

49 918 3  0.603345  0.699273  0.75  8.12744e-312
49 1283 3  0.660182  0.564696  0.82  8.12744e-312
from 3 to 2 matchnode 74

74 918 3  0.810656  0.785664  0.8  8.12841e-312
74 1283 3  0.588064  0.547008  0.6325  8.12841e-312
edge_match: 
from 4 to 1 matchnode 89

89 6084 3  0.5301  0.772398  0.77  8.12764e-312
from 4 to 1 matchnode 210

210 6084 3  0.57646  0.583704  0.675  8.12764e-312

pattern answer38:
vertex1: 节点个数 1
8158 1 0.55
vertex2: 节点个数 2
63 2 0.52
719 2 0.98
vertex3: 节点个数 2
2034 3 0.74
2054 3 0.93
vertex4: 节点个数 2
354 4 0.99
410 4 0.88
edge_match: 
from 1 to 3 matchnode 8158

8158 2034 3  0.54473  0.545664  0.5825  8.12764e-312
8158 2054 2  0.5978  0.6762  0.583333  8.12764e-312
edge_match: 
from 2 to 1 matchnode 63

63 8158 3  0.54528  0.52731  0.6375  2.14511e-312
from 2 to 3 matchnode 63

63 2034 3  0.595056  0.503139  0.5975  8.12762e-312
63 2054 3  0.61272  0.585858  0.6575  8.12762e-312
from 2 to 4 matchnode 63

63 354 3  0.625048  0.621504  0.5025  6.95126e-310
63 410 3  0.568284  0.820456  0.6125  6.95126e-310
from 2 to 1 matchnode 719

719 8158 3  0.569712  0.571392  0.735  2.14511e-312
from 2 to 3 matchnode 719

719 2034 3  0.563112  0.647976  0.8475  8.12762e-312
719 2054 3  0.588432  0.54188  0.7275  8.12762e-312
from 2 to 4 matchnode 719

719 354 3  0.51034  0.602082  0.7625  8.1279e-312
719 410 3  0.516028  0.865536  0.87  8.1279e-312
edge_match: 
from 3 to 2 matchnode 2034

2034 63 3  0.526613  0.543576  0.5475  8.12772e-312
2034 719 2  0.6958  0.6068  0.676667  8.12772e-312
from 3 to 2 matchnode 2054

2054 63 3  0.556698  0.627396  0.5775  8.12762e-312
2054 719 3  0.6138  0.506943  0.7225  8.12762e-312
edge_match: 
from 4 to 1 matchnode 354

354 8158 3  0.55632  0.56357  0.6775  8.12764e-312
from 4 to 1 matchnode 410

410 8158 3  0.603244  0.76608  0.645  8.12764e-312

