pattern answer1:
vertex1: 节点个数 1
32722 1 0.95
vertex2: 节点个数 2
62676 2 0.6
68257 2 0.96
vertex3: 节点个数 2
109944 3 0.69
138443 3 0.86
vertex4: 节点个数 2
71744 4 0.95
92854 4 0.5
edge_match: 
from 1 to 2 matchnode 32722

32722 62676 2  0.6364  0.6723  0.656667  9.46219e-312
32722 68257 3  0.78432  0.564898  0.725  9.46219e-312
from 1 to 4 matchnode 32722

32722 71744 2  0.7826  0.7221  0.773333  9.467e-312
32722 92854 2  0.5762  0.5976  0.623333  9.467e-312
edge_match: 
from 2 to 1 matchnode 62676

62676 32722 2  0.8051  0.6916  0.656667  9.46701e-312
from 2 to 3 matchnode 62676

62676 109944 2  0.8439  0.8463  0.57  9.46547e-312
62676 138443 2  0.7372  0.5642  0.626667  9.46547e-312
from 2 to 4 matchnode 62676

62676 71744 2  0.8827  0.7917  0.656667  6.95162e-310
62676 92854 2  0.6499  0.6552  0.506667  9.46219e-312
from 2 to 1 matchnode 68257

68257 32722 2  0.7304  0.6992  0.776667  9.46701e-312
from 2 to 3 matchnode 68257

68257 109944 2  0.7656  0.8556  0.69  9.46646e-312
68257 138443 2  0.6688  0.5704  0.746667  9.46646e-312
from 2 to 4 matchnode 68257

68257 71744 2  0.8008  0.8004  0.776667  6.95162e-310
68257 92854 2  0.5896  0.6624  0.626667  9.46219e-312
edge_match: 
from 3 to 1 matchnode 109944

109944 32722 2  0.747  0.646  0.686667  9.467e-312
from 3 to 2 matchnode 109944

109944 62676 2  0.666  0.6885  0.57  6.95162e-310
109944 68257 3  0.8208  0.57851  0.66  9.4663e-312
from 3 to 4 matchnode 109944

109944 71744 2  0.819  0.7395  0.686667  9.46219e-312
109944 92854 2  0.603  0.612  0.536667  9.46591e-312
from 3 to 1 matchnode 138443

138443 32722 2  0.7968  0.7296  0.743333  9.467e-312
from 3 to 2 matchnode 138443

138443 62676 2  0.7104  0.7776  0.626667  6.95162e-310
138443 68257 3  0.87552  0.653376  0.7025  9.4663e-312
from 3 to 4 matchnode 138443

138443 71744 2  0.8736  0.8352  0.743333  9.46219e-312
138443 92854 2  0.6432  0.6912  0.593333  9.46591e-312
edge_match: 
from 4 to 1 matchnode 71744

71744 32722 2  0.664  0.7144  0.773333  9.467e-312
from 4 to 3 matchnode 71744

71744 109944 2  0.696  0.8742  0.686667  0
71744 138443 2  0.608  0.5828  0.743333  0
from 4 to 1 matchnode 92854

92854 32722 2  0.6391  0.7372  0.623333  9.467e-312
from 4 to 3 matchnode 92854

92854 109944 2  0.6699  0.9021  0.536667  9.46601e-312
92854 138443 2  0.5852  0.6014  0.593333  9.46601e-312

pattern answer2:
vertex1: 节点个数 1
64065 1 0.96
vertex2: 节点个数 2
204703 2 0.89
263740 2 0.94
vertex3: 节点个数 2
245522 3 0.54
260918 3 0.71
vertex4: 节点个数 2
112925 4 0.99
238229 4 0.8
edge_match: 
from 1 to 2 matchnode 64065

64065 204703 3  0.616358  0.739722  0.7575  9.4644e-312
64065 263740 3  0.615342  0.553224  0.66  9.4644e-312
from 1 to 4 matchnode 64065

64065 112925 3  0.78432  0.56832  0.815  9.467e-312
64065 238229 3  0.52976  0.613032  0.62  9.467e-312
edge_match: 
from 2 to 1 matchnode 204703

204703 64065 2  0.9306  0.6956  0.836667  9.46532e-312
from 2 to 3 matchnode 204703

204703 245522 3  0.761852  0.588984  0.5275  9.4657e-312
204703 260918 3  0.838292  0.873873  0.735  9.4657e-312
from 2 to 4 matchnode 204703

204703 112925 3  0.88209  0.769824  0.73  6.95162e-310
204703 238229 2  0.7055  0.6716  0.88  9.46219e-312
from 2 to 1 matchnode 263740

263740 64065 3  0.68112  0.534534  0.65  9.46532e-312
from 2 to 3 matchnode 263740

263740 245522 3  0.51858  0.56672  0.55  9.46554e-312
263740 260918 3  0.615296  0.749075  0.5825  9.46554e-312
from 2 to 4 matchnode 263740

263740 112925 3  0.518616  0.508959  0.79  6.95162e-310
263740 238229 3  0.514932  0.52452  0.835  9.46219e-312
edge_match: 
from 3 to 1 matchnode 245522

245522 64065 2  0.5896  0.5616  0.676667  9.467e-312
from 3 to 2 matchnode 245522

245522 204703 2  0.7938  0.8372  0.706667  6.95162e-310
245522 263740 3  0.827904  0.581672  0.79  9.46546e-312
from 3 to 4 matchnode 245522

245522 112925 2  0.9408  0.6188  0.74  9.46427e-312
245522 238229 2  0.598  0.8827  0.59  9.46676e-312
from 3 to 1 matchnode 260918

260918 64065 3  0.5874  0.69654  0.81  9.467e-312
from 3 to 2 matchnode 260918

260918 204703 3  0.718536  0.699732  0.7475  6.95162e-310
260918 263740 3  0.619262  0.686952  0.6775  9.46546e-312
from 3 to 4 matchnode 260918

260918 112925 3  0.550368  0.62928  0.6775  9.46427e-312
260918 238229 3  0.761024  0.543678  0.72  9.46676e-312
edge_match: 
from 4 to 1 matchnode 112925

112925 64065 2  0.738  0.6497  0.963333  9.467e-312
from 4 to 3 matchnode 112925

112925 245522 3  0.7942  0.611226  0.5925  9.46515e-312
112925 260918 3  0.729904  0.695604  0.785  9.46515e-312
from 4 to 1 matchnode 238229

238229 64065 3  0.678714  0.52416  0.69  9.467e-312
from 4 to 3 matchnode 238229

238229 245522 3  0.513912  0.64064  0.645  9.46438e-312
238229 260918 2  0.7938  0.7917  0.66  9.46438e-312

pattern answer3:
vertex1: 节点个数 1
67220 1 0.87
vertex2: 节点个数 2
65240 2 0.85
68257 2 0.96
vertex3: 节点个数 2
109944 3 0.69
115287 3 0.85
vertex4: 节点个数 2
71744 4 0.95
119255 4 0.55
edge_match: 
from 1 to 2 matchnode 67220

67220 65240 2  0.504  0.6305  0.763333  9.46552e-312
67220 68257 2  0.864  0.7954  0.8  9.46552e-312
from 1 to 4 matchnode 67220

67220 71744 3  0.653198  0.529221  0.6225  9.467e-312
67220 119255 3  0.531172  0.602217  0.5225  9.467e-312
edge_match: 
from 2 to 1 matchnode 65240

65240 67220 2  0.592  0.6708  0.713333  5.92594e-313
from 2 to 3 matchnode 65240

65240 109944 2  0.6438  0.7254  0.653333  9.46549e-312
65240 115287 2  0.555  0.6084  0.706667  9.46549e-312
from 2 to 4 matchnode 65240

65240 71744 2  0.6734  0.6786  0.74  6.95162e-310
65240 119255 2  0.5476  0.7722  0.606667  9.46532e-312
from 2 to 1 matchnode 68257

68257 67220 2  0.704  0.7912  0.75  5.92594e-313
from 2 to 3 matchnode 68257

68257 109944 2  0.7656  0.8556  0.69  9.46646e-312
68257 115287 2  0.66  0.7176  0.743333  9.46646e-312
from 2 to 4 matchnode 68257

68257 71744 2  0.8008  0.8004  0.776667  6.95162e-310
68257 119255 2  0.6512  0.9108  0.643333  9.46532e-312
edge_match: 
from 3 to 1 matchnode 109944

109944 67220 2  0.72  0.731  0.66  9.467e-312
from 3 to 2 matchnode 109944

109944 65240 2  0.873  0.68  0.653333  6.95162e-310
109944 68257 3  0.8208  0.57851  0.66  9.4663e-312
from 3 to 4 matchnode 109944

109944 71744 2  0.819  0.7395  0.686667  9.46219e-312
109944 119255 2  0.666  0.8415  0.553333  9.46687e-312
from 3 to 1 matchnode 115287

115287 67220 2  0.56  0.7224  0.713333  9.467e-312
from 3 to 2 matchnode 115287

115287 65240 2  0.679  0.672  0.706667  6.95162e-310
115287 68257 3  0.6384  0.571704  0.7  9.4663e-312
from 3 to 4 matchnode 115287

115287 71744 2  0.637  0.7308  0.74  9.46219e-312
115287 119255 2  0.518  0.8316  0.606667  9.46687e-312
edge_match: 
from 4 to 1 matchnode 71744

71744 67220 2  0.64  0.8084  0.746667  9.467e-312
from 4 to 3 matchnode 71744

71744 109944 2  0.696  0.8742  0.686667  0
71744 115287 2  0.6  0.7332  0.74  0
from 4 to 1 matchnode 119255

119255 67220 2  0.784  0.5676  0.613333  9.467e-312
from 4 to 3 matchnode 119255

119255 109944 2  0.8526  0.6138  0.553333  9.46532e-312
119255 115287 2  0.735  0.5148  0.606667  9.46532e-312

pattern answer4:
vertex1: 节点个数 1
71978 1 0.52
vertex2: 节点个数 2
68257 2 0.96
129258 2 0.56
vertex3: 节点个数 2
107080 3 0.53
109944 3 0.69
vertex4: 节点个数 2
125354 4 0.71
186657 4 0.65
edge_match: 
from 1 to 2 matchnode 71978

71978 68257 2  0.72  0.7052  0.683333  9.46219e-312
71978 129258 2  0.525  0.7052  0.55  9.46219e-312
from 1 to 4 matchnode 71978

71978 125354 2  0.585  0.8084  0.6  9.46739e-312
71978 186657 2  0.6225  0.86  0.58  9.46739e-312
edge_match: 
from 2 to 1 matchnode 68257

68257 71978 3  0.73568  0.740692  0.6175  5.92594e-313
from 2 to 3 matchnode 68257

68257 107080 3  0.61028  0.519248  0.62  9.46646e-312
68257 109944 2  0.7656  0.8556  0.69  9.46646e-312
from 2 to 4 matchnode 68257

68257 125354 2  0.7254  0.564  0.746667  6.95162e-310
68257 186657 3  0.69388  0.7636  0.65  9.46614e-312
from 2 to 1 matchnode 129258

129258 71978 3  0.61864  0.732641  0.5175  5.92594e-313
from 2 to 3 matchnode 129258

129258 107080 3  0.51319  0.513604  0.52  9.46548e-312
129258 109944 2  0.6438  0.8463  0.556667  9.46548e-312
from 2 to 4 matchnode 129258

129258 125354 3  0.54834  0.709982  0.565  6.95162e-310
129258 186657 3  0.58349  0.7553  0.55  9.46614e-312
edge_match: 
from 3 to 1 matchnode 107080

107080 71978 3  0.67716  0.708488  0.51  9.46739e-312
from 3 to 2 matchnode 107080

107080 68257 3  0.73872  0.598928  0.62  9.4663e-312
107080 129258 3  0.53865  0.598928  0.52  9.46523e-312
from 3 to 4 matchnode 107080

107080 125354 3  0.60021  0.686576  0.5575  9.46219e-312
107080 186657 3  0.638685  0.7304  0.5425  9.46219e-312
from 3 to 1 matchnode 109944

109944 71978 3  0.7524  0.684335  0.55  9.46739e-312
from 3 to 2 matchnode 109944

109944 68257 3  0.8208  0.57851  0.66  9.4663e-312
109944 129258 3  0.5985  0.57851  0.56  9.46523e-312
from 3 to 4 matchnode 109944

109944 125354 3  0.6669  0.66317  0.5975  9.46219e-312
109944 186657 3  0.70965  0.7055  0.5825  9.46219e-312
edge_match: 
from 4 to 1 matchnode 125354

125354 71978 2  0.836  0.7275  0.6  9.46739e-312
from 4 to 3 matchnode 125354

125354 107080 2  0.6935  0.51  0.603333  0
125354 109944 2  0.741  0.585  0.656667  0
from 4 to 1 matchnode 186657

186657 71978 2  0.616  0.7857  0.58  9.46739e-312
from 4 to 3 matchnode 186657

186657 107080 2  0.511  0.5508  0.583333  9.46427e-312
186657 109944 2  0.546  0.6318  0.636667  9.46427e-312

pattern answer5:
vertex1: 节点个数 1
78176 1 0.56
vertex2: 节点个数 2
62676 2 0.6
65240 2 0.85
vertex3: 节点个数 2
109944 3 0.69
220363 3 0.9
vertex4: 节点个数 2
71744 4 0.95
119255 4 0.55
edge_match: 
from 1 to 2 matchnode 78176

78176 62676 2  0.5106  0.648  0.526667  9.46219e-312
78176 65240 2  0.6693  0.64  0.61  9.46219e-312
from 1 to 4 matchnode 78176

78176 71744 2  0.6279  0.696  0.643333  9.4674e-312
78176 119255 2  0.5106  0.792  0.51  9.4674e-312
edge_match: 
from 2 to 1 matchnode 62676

62676 78176 2  0.6596  0.7462  0.526667  9.46738e-312
from 2 to 3 matchnode 62676

62676 109944 2  0.8439  0.8463  0.57  9.46547e-312
62676 220363 2  0.9603  0.7462  0.64  9.46547e-312
from 2 to 4 matchnode 62676

62676 71744 2  0.8827  0.7917  0.656667  6.95162e-310
62676 119255 2  0.7178  0.9009  0.523333  9.46532e-312
from 2 to 1 matchnode 65240

65240 78176 2  0.5032  0.6396  0.61  9.46738e-312
from 2 to 3 matchnode 65240

65240 109944 2  0.6438  0.7254  0.653333  9.46549e-312
65240 220363 2  0.7326  0.6396  0.723333  9.46549e-312
from 2 to 4 matchnode 65240

65240 71744 2  0.6734  0.6786  0.74  6.95162e-310
65240 119255 2  0.5476  0.7722  0.606667  9.46532e-312
edge_match: 
from 3 to 1 matchnode 109944

109944 78176 2  0.612  0.697  0.556667  9.4674e-312
from 3 to 2 matchnode 109944

109944 62676 2  0.666  0.6885  0.57  6.95162e-310
109944 65240 2  0.873  0.68  0.653333  6.95162e-310
from 3 to 4 matchnode 109944

109944 71744 2  0.819  0.7395  0.686667  9.46219e-312
109944 119255 2  0.666  0.8415  0.553333  9.46687e-312
from 3 to 1 matchnode 220363

220363 78176 3  0.606424  0.70848  0.595  9.4674e-312
from 3 to 2 matchnode 220363

220363 62676 3  0.659932  0.69984  0.605  6.95162e-310
220363 65240 3  0.865046  0.6912  0.6675  6.95162e-310
from 3 to 4 matchnode 220363

220363 71744 3  0.811538  0.75168  0.6925  9.46219e-312
220363 119255 3  0.659932  0.85536  0.5925  9.46687e-312
edge_match: 
from 4 to 1 matchnode 71744

71744 78176 2  0.544  0.7708  0.643333  9.4674e-312
from 4 to 3 matchnode 71744

71744 109944 2  0.696  0.8742  0.686667  0
71744 220363 2  0.792  0.7708  0.756667  0
from 4 to 1 matchnode 119255

119255 78176 2  0.6664  0.5412  0.51  9.4674e-312
from 4 to 3 matchnode 119255

119255 109944 2  0.8526  0.6138  0.553333  9.46532e-312
119255 220363 2  0.9702  0.5412  0.623333  9.46532e-312

pattern answer6:
vertex1: 节点个数 1
95539 1 0.54
vertex2: 节点个数 2
62676 2 0.6
65240 2 0.85
vertex3: 节点个数 2
109944 3 0.69
220363 3 0.9
vertex4: 节点个数 2
71744 4 0.95
119255 4 0.55
edge_match: 
from 1 to 2 matchnode 95539

95539 62676 2  0.629  0.5508  0.52  9.46739e-312
95539 65240 2  0.8245  0.544  0.603333  9.46739e-312
from 1 to 4 matchnode 95539

95539 71744 2  0.7735  0.5916  0.636667  9.4674e-312
95539 119255 2  0.629  0.6732  0.503333  9.4674e-312
edge_match: 
from 2 to 1 matchnode 62676

62676 95539 2  0.6693  0.8281  0.52  5.92594e-313
from 2 to 3 matchnode 62676

62676 109944 2  0.8439  0.8463  0.57  9.46547e-312
62676 220363 2  0.9603  0.7462  0.64  9.46547e-312
from 2 to 4 matchnode 62676

62676 71744 2  0.8827  0.7917  0.656667  6.95162e-310
62676 119255 2  0.7178  0.9009  0.523333  9.46532e-312
from 2 to 1 matchnode 65240

65240 95539 2  0.5106  0.7098  0.603333  5.92594e-313
from 2 to 3 matchnode 65240

65240 109944 2  0.6438  0.7254  0.653333  9.46549e-312
65240 220363 2  0.7326  0.6396  0.723333  9.46549e-312
from 2 to 4 matchnode 65240

65240 71744 2  0.6734  0.6786  0.74  6.95162e-310
65240 119255 2  0.5476  0.7722  0.606667  9.46532e-312
edge_match: 
from 3 to 1 matchnode 109944

109944 95539 2  0.621  0.7735  0.55  9.4674e-312
from 3 to 2 matchnode 109944

109944 62676 2  0.666  0.6885  0.57  6.95162e-310
109944 65240 2  0.873  0.68  0.653333  6.95162e-310
from 3 to 4 matchnode 109944

109944 71744 2  0.819  0.7395  0.686667  9.46219e-312
109944 119255 2  0.666  0.8415  0.553333  9.46687e-312
from 3 to 1 matchnode 220363

220363 95539 3  0.615342  0.78624  0.59  9.4674e-312
from 3 to 2 matchnode 220363

220363 62676 3  0.659932  0.69984  0.605  6.95162e-310
220363 65240 3  0.865046  0.6912  0.6675  6.95162e-310
from 3 to 4 matchnode 220363

220363 71744 3  0.811538  0.75168  0.6925  9.46219e-312
220363 119255 3  0.659932  0.85536  0.5925  9.46687e-312
edge_match: 
from 4 to 1 matchnode 71744

71744 95539 2  0.552  0.8554  0.636667  9.4674e-312
from 4 to 3 matchnode 71744

71744 109944 2  0.696  0.8742  0.686667  0
71744 220363 2  0.792  0.7708  0.756667  0
from 4 to 1 matchnode 119255

119255 95539 2  0.6762  0.6006  0.503333  9.4674e-312
from 4 to 3 matchnode 119255

119255 109944 2  0.8526  0.6138  0.553333  9.46532e-312
119255 220363 2  0.9702  0.5412  0.623333  9.46532e-312

pattern answer7:
vertex1: 节点个数 1
115657 1 0.87
vertex2: 节点个数 2
73762 2 0.79
74054 2 0.61
vertex3: 节点个数 2
49785 3 0.95
514161 3 0.94
vertex4: 节点个数 2
170869 4 0.83
171127 4 0.66
edge_match: 
from 1 to 2 matchnode 115657

115657 73762 2  0.72  0.5494  0.833333  9.46733e-312
115657 74054 2  0.7315  0.5124  0.663333  9.46733e-312
from 1 to 4 matchnode 115657

115657 170869 3  0.601788  0.663462  0.555  9.46701e-312
115657 171127 3  0.675702  0.5236  0.5675  9.46701e-312
edge_match: 
from 2 to 1 matchnode 73762

73762 115657 3  0.59942  0.667845  0.5825  9.46219e-312
from 2 to 3 matchnode 73762

73762 49785 3  0.657558  0.53958  0.74  9.46681e-312
73762 514161 2  0.6642  0.5865  0.67  9.46681e-312
from 2 to 4 matchnode 73762

73762 170869 3  0.674732  0.720099  0.535  6.95162e-310
73762 171127 3  0.644274  0.556325  0.5475  9.46617e-312
from 2 to 1 matchnode 74054

74054 115657 3  0.557928  0.510326  0.625  9.46219e-312
from 2 to 3 matchnode 74054

74054 49785 2  0.5402  0.6432  0.713333  9.46428e-312
74054 514161 3  0.687792  0.51597  0.7125  9.46428e-312
from 2 to 4 matchnode 74054

74054 170869 3  0.634452  0.551736  0.5125  6.95162e-310
74054 171127 3  0.810144  0.779492  0.6675  9.46617e-312
edge_match: 
from 3 to 1 matchnode 49785

49785 115657 3  0.744198  0.801705  0.62  9.46701e-312
from 3 to 2 matchnode 49785

49785 73762 2  0.585  0.748  0.74  6.95162e-310
49785 74054 2  0.7144  0.7308  0.693333  9.46516e-312
from 3 to 4 matchnode 49785

49785 170869 3  0.52687  0.685995  0.78  9.46643e-312
49785 171127 3  0.642096  0.571725  0.705  9.46219e-312
from 3 to 1 matchnode 514161

514161 115657 3  0.659736  0.596712  0.755  9.46701e-312
from 3 to 2 matchnode 514161

514161 73762 3  0.57915  0.68816  0.79  6.95162e-310
514161 74054 3  0.707256  0.672336  0.755  9.46516e-312
from 3 to 4 matchnode 514161

514161 170869 3  0.802384  0.673554  0.5575  9.46643e-312
514161 171127 3  0.821184  0.58327  0.74  9.46219e-312
edge_match: 
from 4 to 1 matchnode 170869

170869 115657 3  0.65379  0.51597  0.855  9.46701e-312
from 4 to 3 matchnode 170869

170869 49785 3  0.510692  0.798504  0.5425  9.46628e-312
170869 514161 3  0.9207  0.692064  0.815  9.46628e-312
from 4 to 1 matchnode 171127

171127 115657 2  0.57  0.9216  0.643333  9.46701e-312
from 4 to 3 matchnode 171127

171127 49785 3  0.693216  0.73692  0.5925  9.46439e-312
171127 514161 3  0.590436  0.605556  0.7175  9.46439e-312

pattern answer8:
vertex1: 节点个数 1
537028 1 0.98
vertex2: 节点个数 2
204703 2 0.89
261568 2 0.62
vertex3: 节点个数 2
245522 3 0.54
260918 3 0.71
vertex4: 节点个数 2
126705 4 0.69
262045 4 0.8
edge_match: 
from 1 to 2 matchnode 537028

537028 204703 2  0.7315  0.8008  0.9  9.465e-312
537028 261568 3  0.722  0.5368  0.75  9.465e-312
from 1 to 4 matchnode 537028

537028 126705 3  0.57  0.655424  0.6675  9.46701e-312
537028 262045 1  0.85  0.59  0.89  9.46701e-312
edge_match: 
from 2 to 1 matchnode 204703

204703 537028 3  0.838292  0.595386  0.8025  5.92594e-313
from 2 to 3 matchnode 204703

204703 245522 3  0.761852  0.588984  0.5275  9.4657e-312
204703 260918 3  0.838292  0.873873  0.735  9.4657e-312
from 2 to 4 matchnode 204703

204703 126705 3  0.793266  0.79299  0.74  9.46219e-312
204703 262045 3  0.527916  0.79344  0.725  6.95162e-310
from 2 to 1 matchnode 261568

261568 537028 3  0.70262  0.688344  0.72  5.92594e-313
from 2 to 3 matchnode 261568

261568 245522 2  0.8099  0.5642  0.63  9.46592e-312
261568 260918 3  0.836  0.699732  0.685  9.46592e-312
from 2 to 4 matchnode 261568

261568 126705 3  0.793702  0.513422  0.645  9.46219e-312
261568 262045 3  0.601818  0.856219  0.54  6.95162e-310
edge_match: 
from 3 to 1 matchnode 245522

245522 537028 2  0.7252  0.623  0.59  9.46701e-312
from 3 to 2 matchnode 245522

245522 204703 2  0.7938  0.8372  0.706667  6.95162e-310
245522 261568 3  0.678224  0.6984  0.54  9.46435e-312
from 3 to 4 matchnode 245522

245522 126705 1  0.98  0.91  0.615  9.46219e-312
245522 262045 3  0.52234  0.74347  0.5775  9.46428e-312
from 3 to 1 matchnode 260918

260918 537028 2  0.627  0.7912  0.826667  9.46701e-312
from 3 to 2 matchnode 260918

260918 204703 3  0.718536  0.699732  0.7475  6.95162e-310
260918 261568 2  0.5928  0.77  0.633333  9.46435e-312
from 3 to 4 matchnode 260918

260918 126705 2  0.5915  0.5963  0.543333  9.46219e-312
260918 262045 3  0.523488  0.6745  0.695  9.46428e-312
edge_match: 
from 4 to 1 matchnode 126705

126705 537028 3  0.9016  0.60648  0.77  9.46701e-312
from 4 to 3 matchnode 126705

126705 245522 3  0.69597  0.562716  0.53  9.46452e-312
126705 260918 3  0.564564  0.912285  0.5875  9.46452e-312
from 4 to 1 matchnode 262045

262045 537028 3  0.7227  0.542944  0.8  9.46701e-312
from 4 to 3 matchnode 262045

262045 245522 3  0.77517  0.6688  0.74  9.46723e-312
262045 260918 2  0.5265  0.5829  0.66  9.46723e-312

