pattern answer1:
vertex1: 节点个数 1
30 1 0.47
vertex2: 节点个数 2
47 2 0.64
719 2 0.98
vertex3: 节点个数 2
49 3 0.97
175 3 0.72
vertex4: 节点个数 2
289 4 0.5
410 4 0.88
edge_match: 
from 1 to 2 matchnode 30

30 47 2  0.5785  0.4644  0.64  0
30 719 2  0.98  0.5084  0.586667  0
from 1 to 3 matchnode 30

30 49 2  0.7553  0.5162  0.726667  1.2992e-311
30 175 2  0.455  0.516  0.493333  1.2992e-311
from 1 to 4 matchnode 30

30 289 2  0.8556  0.533  0.643333  0
30 410 2  0.4851  0.6478  0.656667  0
edge_match: 
from 2 to 1 matchnode 47

47 30 2  0.4941  0.9212  0.51  0
from 2 to 4 matchnode 47

47 289 1  0.94  0.57  0.57  6.9515e-310
47 410 2  0.7084  0.672  0.82  1.29919e-311
from 2 to 1 matchnode 719

719 30 2  0.5767  0.486  0.816667  0
from 2 to 4 matchnode 719

719 289 2  0.6882  0.494  0.813333  6.9515e-310
719 410 2  0.5226  0.6014  0.91  1.29919e-311
edge_match: 
from 3 to 2 matchnode 49

49 47 2  0.7008  0.582  0.723333  6.9515e-310
49 719 2  0.456  0.6164  0.916667  6.9515e-310
from 3 to 2 matchnode 175

175 47 2  0.5952  0.456  0.64  1.29919e-311
175 719 2  0.6141  0.6314  0.823333  1.29919e-311
edge_match: 

pattern answer2:
vertex1: 节点个数 1
44 1 0.9
vertex2: 节点个数 2
918 2 0.6
1472 2 0.88
vertex3: 节点个数 2
49 3 0.97
1613 3 0.68
vertex4: 节点个数 2
21 4 0.45
354 4 0.99
edge_match: 
from 1 to 2 matchnode 44

44 918 1  0.76  0.85  0.75  0
44 1472 2  0.4884  0.84  0.88  0
from 1 to 3 matchnode 44

44 49 1  0.53  0.83  0.935  1.2992e-311
44 1613 2  0.6142  0.5135  0.846667  1.2992e-311
from 1 to 4 matchnode 44

44 21 2  0.6596  0.76  0.736667  0
44 354 2  0.9021  0.48  0.916667  0
edge_match: 
from 2 to 1 matchnode 918

918 44 2  0.7448  0.8918  0.576667  1.29918e-311
from 2 to 4 matchnode 918

918 21 2  0.4785  0.7178  0.61  6.9515e-310
918 354 2  0.6076  0.7252  0.606667  1.2992e-311
from 2 to 1 matchnode 1472

1472 44 2  0.6536  0.7462  0.67  1.29918e-311
from 2 to 4 matchnode 1472

1472 21 2  0.7134  0.4947  0.703333  6.9515e-310
1472 354 2  0.5332  0.6068  0.7  1.2992e-311
edge_match: 
from 3 to 2 matchnode 49

49 918 2  0.5084  0.6417  0.806667  6.9515e-310
49 1472 2  0.5002  0.4761  0.9  6.9515e-310
from 3 to 2 matchnode 1613

1613 918 2  0.9306  0.5775  0.553333  1.2992e-311
1613 1472 2  0.7832  0.752  0.596667  1.2992e-311
edge_match: 

pattern answer3:
vertex1: 节点个数 1
443 1 0.87
vertex2: 节点个数 2
100 2 0.89
429 2 0.51
vertex3: 节点个数 2
74 3 0.81
751 3 0.98
vertex4: 节点个数 2
21 4 0.45
1173 4 0.88
edge_match: 
from 1 to 2 matchnode 443

443 100 2  0.7663  0.6825  0.743333  0
443 429 2  0.836  0.513  0.76  0
from 1 to 3 matchnode 443

443 74 2  0.4641  0.7298  0.806667  1.29918e-311
443 751 2  0.738  0.6499  0.896667  1.29918e-311
from 1 to 4 matchnode 443

443 21 1  0.8  0.95  0.66  0
443 1173 1  0.7  0.67  0.875  0
edge_match: 
from 2 to 1 matchnode 100

100 443 2  0.8924  0.6375  0.826667  1.29918e-311
from 2 to 4 matchnode 100

100 21 2  0.8277  0.5848  0.703333  6.9515e-310
100 1173 2  0.5796  0.7584  0.856667  1.2992e-311
from 2 to 1 matchnode 429

429 443 1  0.49  0.86  0.69  1.29918e-311
from 2 to 4 matchnode 429

429 21 2  0.4692  0.893  0.606667  6.9515e-310
429 1173 2  0.5796  0.893  0.75  1.2992e-311
edge_match: 
from 3 to 2 matchnode 74

74 100 2  0.7347  0.5325  0.723333  1.29919e-311
74 429 2  0.5415  0.874  0.74  1.29919e-311
from 3 to 2 matchnode 751

751 100 2  0.7452  0.6497  0.87  1.29919e-311
751 429 2  0.912  0.8455  0.796667  1.29919e-311
edge_match: 

pattern answer4:
vertex1: 节点个数 1
549 1 0.53
vertex2: 节点个数 2
187 2 0.54
5952 2 0.98
vertex3: 节点个数 2
751 3 0.98
1455 3 0.71
vertex4: 节点个数 2
413 4 0.64
1173 4 0.88
edge_match: 
from 1 to 2 matchnode 549

549 187 2  0.5056  0.476  0.616667  0
549 5952 2  0.5265  0.5546  0.67  0
from 1 to 3 matchnode 549

549 751 2  0.504  0.873  0.783333  1.2992e-311
549 1455 2  0.5504  0.8  0.57  1.2992e-311
from 1 to 4 matchnode 549

549 413 2  0.73  0.6942  0.66  0
549 1173 2  0.5183  0.69  0.7  0
edge_match: 
from 2 to 1 matchnode 187

187 549 2  0.4656  0.4661  0.55  3.93609e-312
from 2 to 4 matchnode 187

187 413 2  0.4732  0.8084  0.58  1.2992e-311
187 1173 2  0.9021  0.5133  0.666667  1.2992e-311
from 2 to 1 matchnode 5952

5952 549 2  0.4664  0.6497  0.72  3.93609e-312
from 2 to 4 matchnode 5952

5952 413 2  0.546  0.8372  0.783333  1.2992e-311
5952 1173 2  0.4929  0.7221  0.813333  1.2992e-311
edge_match: 
from 3 to 2 matchnode 751

751 187 2  0.5115  0.4503  0.746667  1.29919e-311
751 5952 2  0.5978  0.5846  0.783333  1.29919e-311
from 3 to 2 matchnode 1455

1455 187 1  0.62  0.58  0.625  1.29919e-311
1455 5952 2  0.5148  0.4672  0.586667  1.29919e-311
edge_match: 

