pattern answer1:
vertex1: 节点个数 1
30 1 0.47
vertex2: 节点个数 4
42 2 0.51
63 2 0.52
101 2 0.35
120 2 0.42
vertex3: 节点个数 4
49 3 0.97
74 3 0.81
128 3 0.3
142 3 0.14
vertex4: 节点个数 4
17 4 0.22
21 4 0.45
32 4 0.54
38 4 0.42
edge_match: 
from 1 to 2 matchnode 30

30 42 2  0.7912  0.5852  0.443333  0
30 63 2  0.8316  0.5452  0.38  0
30 101 2  0.5576  0.6603  0.57  0
30 120 2  0.608  0.72  0.356667  0
from 1 to 3 matchnode 30

30 49 2  0.7553  0.5162  0.726667  1.41276e-311
30 74 2  0.598  0.7626  0.746667  1.41276e-311
30 128 2  0.9025  0.3135  0.333333  1.41276e-311
30 142 2  0.2193  0.7128  0.283333  1.41276e-311
from 1 to 4 matchnode 30

30 17 2  0.4488  0.9603  0.31  0
30 21 2  0.4785  0.8439  0.566667  0
30 32 2  0.87  0.2728  0.44  0
30 38 1  0.51  0.86  0.445  0
edge_match: 
from 2 to 1 matchnode 42

42 30 2  0.4615  0.7905  0.53  0
from 2 to 4 matchnode 42

42 17 2  0.9306  0.2144  0.533333  6.95137e-310
42 21 2  0.9024  0.6231  0.61  1.41275e-311
42 32 2  0.3948  0.6298  0.64  1.41241e-311
42 38 1  0.85  0.37  0.465  1.41276e-311
from 2 to 1 matchnode 63

63 30 2  0.534  0.7533  0.5  0
from 2 to 4 matchnode 63

63 17 2  0.6512  0.679  0.326667  6.95137e-310
63 21 2  0.696  0.323  0.613333  1.41275e-311
63 32 2  0.1296  0.7425  0.586667  1.41241e-311
63 38 2  0.5782  0.2666  0.6  1.41276e-311
from 2 to 1 matchnode 101

101 30 1  0.98  0.85  0.41  0
from 2 to 4 matchnode 101

101 17 2  0.2552  0.4947  0.27  6.95137e-310
101 21 2  0.6468  0.8428  0.553333  1.41275e-311
101 32 2  0.768  0.3135  0.516667  1.41241e-311
101 38 2  0.4998  0.731  0.413333  1.41276e-311
from 2 to 1 matchnode 120

120 30 2  0.7371  0.4233  0.603333  0
from 2 to 4 matchnode 120

120 17 2  0.528  0.3007  0.293333  6.95137e-310
120 21 2  0.472  0.6175  0.58  1.41275e-311
120 32 2  0.474  0.1395  0.4  1.41241e-311
120 38 2  0.4524  0.7304  0.296667  1.41276e-311
edge_match: 
from 3 to 2 matchnode 49

49 42 2  0.608  0.2394  0.813333  6.95137e-310
49 63 2  0.3362  0.6417  0.726667  6.95137e-310
49 101 2  0.598  0.588  0.58  6.95137e-310
49 120 2  0.1512  0.33  0.633333  6.95137e-310
from 3 to 2 matchnode 74

74 42 2  0.836  0.7998  0.603333  0
74 63 2  0.7905  0.8134  0.6  0
74 101 2  0.4845  0.9114  0.543333  0
74 120 2  0.697  0.8036  0.566667  0
from 3 to 2 matchnode 128

128 42 2  0.2812  0.19  0.59  0
128 63 2  0.6975  0.2325  0.423333  0
128 101 2  0.774  0.2272  0.336667  0
128 120 2  0.3034  0.3822  0.353333  0
from 3 to 2 matchnode 142

142 42 2  0.3526  0.1104  0.296667  0
142 63 2  0.3828  0.518  0.39  0
142 101 2  0.539  0.3312  0.26  0
142 120 2  0.558  0.1494  0.466667  0
edge_match: 

pattern answer2:
vertex1: 节点个数 1
31 1 0.42
vertex2: 节点个数 4
42 2 0.51
47 2 0.64
63 2 0.52
101 2 0.35
vertex3: 节点个数 4
49 3 0.97
74 3 0.81
128 3 0.3
159 3 0.17
vertex4: 节点个数 4
17 4 0.22
21 4 0.45
32 4 0.54
38 4 0.42
edge_match: 
from 1 to 2 matchnode 31

31 42 2  0.82  0.3225  0.52  0
31 47 2  0.5395  0.7396  0.623333  0
31 63 2  0.8649  0.7968  0.47  0
31 101 2  0.9216  0.42  0.546667  0
from 1 to 3 matchnode 31

31 49 2  0.7857  0.5952  0.623333  1.41276e-311
31 74 2  0.8556  0.7968  0.566667  1.41276e-311
31 128 2  0.768  0.462  0.53  1.41276e-311
31 159 2  0.4524  0.7821  0.26  1.41276e-311
from 1 to 4 matchnode 31

31 17 2  0.9504  0.192  0.503333  0
31 21 2  0.9216  0.558  0.58  0
31 32 2  0.7268  0.6688  0.346667  0
31 38 2  0.4424  0.5643  0.523333  0
edge_match: 
from 2 to 1 matchnode 42

42 31 1  0.81  0.39  0.465  6.95335e-310
from 2 to 4 matchnode 42

42 17 2  0.9306  0.2144  0.533333  6.95137e-310
42 21 2  0.9024  0.6231  0.61  1.41275e-311
42 32 2  0.3948  0.6298  0.64  1.41241e-311
42 38 1  0.85  0.37  0.465  1.41276e-311
from 2 to 1 matchnode 47

47 31 2  0.7332  0.2679  0.52  6.95335e-310
from 2 to 4 matchnode 47

47 17 2  0.3432  0.3395  0.366667  6.95137e-310
47 21 2  0.1001  0.574  0.676667  1.41275e-311
47 32 2  0.3081  0.1575  0.473333  1.41241e-311
47 38 1  0.61  0.94  0.53  1.41276e-311
from 2 to 1 matchnode 63

63 31 2  0.8455  0.7998  0.483333  6.95335e-310
from 2 to 4 matchnode 63

63 17 2  0.6512  0.679  0.326667  6.95137e-310
63 21 2  0.696  0.323  0.613333  1.41275e-311
63 32 2  0.1296  0.7425  0.586667  1.41241e-311
63 38 2  0.5782  0.2666  0.6  1.41276e-311
from 2 to 1 matchnode 101

101 31 2  0.6958  0.4902  0.543333  6.95335e-310
from 2 to 4 matchnode 101

101 17 2  0.2552  0.4947  0.27  6.95137e-310
101 21 2  0.6468  0.8428  0.553333  1.41275e-311
101 32 2  0.768  0.3135  0.516667  1.41241e-311
101 38 2  0.4998  0.731  0.413333  1.41276e-311
edge_match: 
from 3 to 2 matchnode 49

49 42 2  0.608  0.2394  0.813333  6.95137e-310
49 47 2  0.7008  0.582  0.723333  6.95137e-310
49 63 2  0.3362  0.6417  0.726667  6.95137e-310
49 101 2  0.598  0.588  0.58  6.95137e-310
from 3 to 2 matchnode 74

74 42 2  0.836  0.7998  0.603333  0
74 47 2  0.7872  0.384  0.67  0
74 63 2  0.7905  0.8134  0.6  0
74 101 2  0.4845  0.9114  0.543333  0
from 3 to 2 matchnode 128

128 42 2  0.2812  0.19  0.59  0
128 47 2  0.1152  0.396  0.5  0
128 63 2  0.6975  0.2325  0.423333  0
128 101 2  0.774  0.2272  0.336667  0
from 3 to 2 matchnode 159

159 42 2  0.3483  0.8188  0.306667  1.4124e-311
159 47 2  0.3825  0.8645  0.31  1.4124e-311
159 63 2  0.8463  0.7055  0.386667  1.4124e-311
159 101 2  0.5985  0.6384  0.42  1.4124e-311
edge_match: 

pattern answer3:
vertex1: 节点个数 1
41 1 0.57
vertex2: 节点个数 4
42 2 0.51
63 2 0.52
101 2 0.35
120 2 0.42
vertex3: 节点个数 4
49 3 0.97
74 3 0.81
128 3 0.3
142 3 0.14
vertex4: 节点个数 4
17 4 0.22
21 4 0.45
32 4 0.54
38 4 0.42
edge_match: 
from 1 to 2 matchnode 41

41 42 1  0.43  0.73  0.54  0
41 63 2  0.4464  0.5568  0.653333  0
41 101 2  0.5952  0.609  0.596667  0
41 120 2  0.4462  0.598  0.6  0
from 1 to 3 matchnode 41

41 49 2  0.434  0.6177  0.803333  1.41278e-311
41 74 1  0.97  0.65  0.69  1.41278e-311
41 128 2  0.496  0.6699  0.58  1.41278e-311
41 142 2  0.3139  0.5256  0.316667  1.41278e-311
from 1 to 4 matchnode 41

41 17 2  0.6424  0.7081  0.343333  0
41 21 2  0.5952  0.8091  0.63  0
41 32 2  0.2604  0.8178  0.66  0
41 38 2  0.6566  0.5092  0.643333  0
edge_match: 
from 2 to 1 matchnode 42

42 41 2  0.5115  0.6873  0.54  6.95335e-310
from 2 to 4 matchnode 42

42 17 2  0.9306  0.2144  0.533333  6.95137e-310
42 21 2  0.9024  0.6231  0.61  1.41275e-311
42 32 2  0.3948  0.6298  0.64  1.41241e-311
42 38 1  0.85  0.37  0.465  1.41276e-311
from 2 to 1 matchnode 63

63 41 2  0.7252  0.63  0.443333  6.95335e-310
from 2 to 4 matchnode 63

63 17 2  0.6512  0.679  0.326667  6.95137e-310
63 21 2  0.696  0.323  0.613333  1.41275e-311
63 32 2  0.1296  0.7425  0.586667  1.41241e-311
63 38 2  0.5782  0.2666  0.6  1.41276e-311
from 2 to 1 matchnode 101

101 41 2  0.3596  0.3315  0.52  6.95335e-310
from 2 to 4 matchnode 101

101 17 2  0.2552  0.4947  0.27  6.95137e-310
101 21 2  0.6468  0.8428  0.553333  1.41275e-311
101 32 2  0.768  0.3135  0.516667  1.41241e-311
101 38 2  0.4998  0.731  0.413333  1.41276e-311
from 2 to 1 matchnode 120

120 41 2  0.588  0.279  0.41  6.95335e-310
from 2 to 4 matchnode 120

120 17 2  0.528  0.3007  0.293333  6.95137e-310
120 21 2  0.472  0.6175  0.58  1.41275e-311
120 32 2  0.474  0.1395  0.4  1.41241e-311
120 38 2  0.4524  0.7304  0.296667  1.41276e-311
edge_match: 
from 3 to 2 matchnode 49

49 42 2  0.608  0.2394  0.813333  6.95137e-310
49 63 2  0.3362  0.6417  0.726667  6.95137e-310
49 101 2  0.598  0.588  0.58  6.95137e-310
49 120 2  0.1512  0.33  0.633333  6.95137e-310
from 3 to 2 matchnode 74

74 42 2  0.836  0.7998  0.603333  0
74 63 2  0.7905  0.8134  0.6  0
74 101 2  0.4845  0.9114  0.543333  0
74 120 2  0.697  0.8036  0.566667  0
from 3 to 2 matchnode 128

128 42 2  0.2812  0.19  0.59  0
128 63 2  0.6975  0.2325  0.423333  0
128 101 2  0.774  0.2272  0.336667  0
128 120 2  0.3034  0.3822  0.353333  0
from 3 to 2 matchnode 142

142 42 2  0.3526  0.1104  0.296667  0
142 63 2  0.3828  0.518  0.39  0
142 101 2  0.539  0.3312  0.26  0
142 120 2  0.558  0.1494  0.466667  0
edge_match: 

