vertex1: 44 1 0.9
vertex2: 918 2 0.6
vertex3: 2694 2 0.59
vertex4: 1751 3 0.87
vertex5: 548 3 0.71
edge1: 44 918 1  0.76  0.85  0.75  0
44 918 
edge2: 44 2694 1  0.59  0.81  0.745  0
44 2694 
edge3: 44 1751 2  0.798  0.6885  0.803333  0
44 1393 1751 
edge4: 44 548 2  0.8649  0.644  0.693333  0
44 117 548 
edge5: 918 1751 2  0.5293  0.5776  0.543333  0
918 1647 1751 
edge6: 918 548 1  0.71  0.5  0.655  0
918 548 
edge7: 2694 1751 2  0.518  0.632  0.57  0
2694 1753 1751 
edge8: 2694 548 2  0.7469  0.621  0.586667  0
2694 1665 548 
pattern answer1:0
vertex1: 1227 1 0.75
vertex2: 6489 2 0.53
vertex3: 63 2 0.52
vertex4: 1658 3 0.57
vertex5: 3457 3 0.99
edge1: 1227 6489 1  0.52  0.52  0.64  0
1227 6489 
edge2: 1227 63 2  0.6177  0.6806  0.74  0
1227 682 63 
edge3: 1227 1658 1  0.62  0.8  0.66  0
1227 1658 
edge4: 1227 3457 2  0.6603  0.5394  0.913333  0
1227 1680 3457 
edge5: 6489 1658 2  0.5146  0.712  0.616667  0
6489 1227 1658 
edge6: 6489 3457 2  0.6305  0.864  0.666667  0
6489 7665 3457 
edge7: 63 1658 1  0.91  0.89  0.545  0
63 1658 
edge8: 63 3457 2  0.629  0.6536  0.696667  0
63 77 3457 
pattern answer2:0
vertex1: 2274 1 0.86
vertex2: 1283 2 0.59
vertex3: 2514 2 0.7
vertex4: 74 3 0.81
vertex5: 2227 3 0.94
edge1: 2274 1283 2  0.552  0.6097  0.59  0
2274 5278 1283 
edge2: 2274 2514 2  0.516  0.5002  0.556667  0
2274 2978 2514 
edge3: 2274 74 2  0.8554  0.765  0.643333  0
2274 225 74 
edge4: 2274 2227 2  0.728  0.5893  0.766667  0
2274 4700 2227 
edge5: 1283 74 2  0.6603  0.52  0.726667  0
1283 2633 74 
edge6: 1283 2227 2  0.9409  0.8232  0.676667  0
1283 9862 2227 
edge7: 2514 74 2  0.7347  0.5112  0.826667  0
2514 110 74 
edge8: 2514 2227 2  0.611  0.648  0.593333  0
2514 58 2227 
pattern answer3:0
vertex1: 2285 1 0.6
vertex2: 100 2 0.89
vertex3: 918 2 0.6
vertex4: 548 3 0.71
vertex5: 2227 3 0.94
edge1: 2285 100 2  0.572  0.8811  0.603333  0
2285 5673 100 
edge2: 2285 918 2  0.5673  0.7392  0.546667  0
2285 640 918 
edge3: 2285 548 1  0.88  0.89  0.655  0
2285 548 
edge4: 2285 2227 2  0.5985  0.8648  0.773333  0
2285 2234 2227 
edge5: 100 548 2  0.6873  0.6  0.773333  0
100 728 548 
edge6: 100 2227 2  0.646  0.574  0.936667  0
100 751 2227 
edge7: 918 548 1  0.71  0.5  0.655  0
918 548 
edge8: 918 2227 2  0.63  0.6048  0.696667  0
918 2461 2227 
pattern answer4:0
vertex1: 3774 1 0.78
vertex2: 1903 2 1
vertex3: 446 2 0.67
vertex4: 49 3 0.97
vertex5: 2227 3 0.94
edge1: 3774 1903 2  0.578  0.765  0.623333  0
3774 1463 1903 
edge2: 3774 446 2  0.5676  0.5544  0.57  0
3774 1896 446 
edge3: 3774 49 2  0.7462  0.6972  0.896667  0
3774 2082 49 
edge4: 3774 2227 2  0.672  0.5605  0.78  0
3774 557 2227 
edge5: 1903 49 2  0.5504  0.684  0.813333  0
1903 738 49 
edge6: 1903 2227 2  0.7954  0.6624  0.696667  0
1903 2037 2227 
edge7: 446 49 2  0.6715  0.5022  0.556667  0
446 7828 49 
edge8: 446 2227 2  0.6468  0.5589  0.763333  0
446 1975 2227 
pattern answer5:0
