vertex1: 69 1 0.61
vertex2: 2101 2 0.5
vertex3: 5505 2 0.83
vertex4: 286 3 0.64
vertex5: 1971 3 0.6
edge1: 69 2101 2  0.5874  0.7905  0.573333  0
69 69 2101 
edge2: 69 5505 1  0.71  0.79  0.72  0
69 5505 
edge3: 69 286 2  0.6106  0.6557  0.693333  0
69 5505 286 
edge4: 69 1971 2  0.855  0.6764  0.566667  0
69 5123 1971 
edge5: 2101 286 1  0.73  0.85  0.57  0
2101 286 
edge6: 2101 1971 2  0.584  0.544  0.58  0
2101 286 1971 
edge7: 5505 286 1  0.86  0.83  0.735  0
5505 286 
edge8: 5505 1971 2  0.688  0.5312  0.69  0
5505 286 1971 
pattern answer1:0
vertex1: 538 1 0.88
vertex2: 5203 2 0.88
vertex3: 1834 2 0.81
vertex4: 2413 3 0.81
vertex5: 1067 3 0.61
edge1: 538 5203 2  0.585  0.54  0.856667  0
538 2413 5203 
edge2: 538 1834 2  0.6887  0.7007  0.89  0
538 1531 1834 
edge3: 538 2413 1  0.65  0.9  0.845  0
538 2413 
edge4: 538 1067 2  0.5005  0.817  0.696667  0
538 2488 1067 
edge5: 5203 2413 1  0.71  0.95  0.845  0
5203 2413 
edge6: 5203 1067 2  0.6408  0.6461  0.72  0
5203 3457 1067 
edge7: 1834 2413 2  0.8096  0.5346  0.57  0
1834 49 2413 
edge8: 1834 1067 2  0.621  0.9118  0.8  0
1834 1531 1067 
pattern answer2:0
vertex1: 564 1 0.55
vertex2: 1216 2 0.61
vertex3: 2350 2 0.97
vertex4: 1945 3 0.82
vertex5: 2382 3 0.7
edge1: 564 1216 2  0.7372  0.5994  0.72  0
564 398 1216 
edge2: 564 2350 2  0.7178  0.7695  0.84  0
564 398 2350 
edge3: 564 1945 2  0.9506  0.6156  0.79  0
564 398 1945 
edge4: 564 2382 2  0.873  0.648  0.75  0
564 398 2382 
edge5: 1216 1945 2  0.5782  0.7372  0.81  0
1216 398 1945 
edge6: 1216 2382 2  0.531  0.776  0.77  0
1216 398 2382 
edge7: 2350 1945 2  0.5488  0.5776  0.93  0
2350 398 1945 
edge8: 2350 2382 2  0.504  0.608  0.89  0
2350 398 2382 
pattern answer3:0
vertex1: 744 1 0.72
vertex2: 1216 2 0.61
vertex3: 2350 2 0.97
vertex4: 1945 3 0.82
vertex5: 2382 3 0.7
edge1: 744 1216 2  0.5472  0.555  0.776667  0
744 398 1216 
edge2: 744 2350 2  0.5328  0.7125  0.896667  0
744 398 2350 
edge3: 744 1945 2  0.7056  0.57  0.846667  0
744 398 1945 
edge4: 744 2382 2  0.648  0.6  0.806667  0
744 398 2382 
edge5: 1216 1945 2  0.5782  0.7372  0.81  0
1216 398 1945 
edge6: 1216 2382 2  0.531  0.776  0.77  0
1216 398 2382 
edge7: 2350 1945 2  0.5488  0.5776  0.93  0
2350 398 1945 
edge8: 2350 2382 2  0.504  0.608  0.89  0
2350 398 2382 
pattern answer4:0
vertex1: 869 1 0.92
vertex2: 1216 2 0.61
vertex3: 2350 2 0.97
vertex4: 1945 3 0.82
vertex5: 2382 3 0.7
edge1: 869 1216 2  0.5244  0.7252  0.843333  0
869 398 1216 
edge2: 869 2350 2  0.5106  0.931  0.963333  0
869 398 2350 
edge3: 869 1945 2  0.6762  0.7448  0.913333  0
869 398 1945 
edge4: 869 2382 2  0.621  0.784  0.873333  0
869 398 2382 
edge5: 1216 1945 2  0.5782  0.7372  0.81  0
1216 398 1945 
edge6: 1216 2382 2  0.531  0.776  0.77  0
1216 398 2382 
edge7: 2350 1945 2  0.5488  0.5776  0.93  0
2350 398 1945 
edge8: 2350 2382 2  0.504  0.608  0.89  0
2350 398 2382 
pattern answer5:0
vertex1: 1590 1 0.84
vertex2: 1834 2 0.81
vertex3: 2386 2 0.79
vertex4: 11209 3 0.71
vertex5: 26388 3 0.7
edge1: 1590 1834 2  0.6984  0.6699  0.876667  0
1590 1531 1834 
edge2: 1590 2386 2  0.5832  0.696  0.87  0
1590 1531 2386 
edge3: 1590 11209 2  0.5904  0.5307  0.843333  0
1590 1531 11209 
edge4: 1590 26388 2  0.72  0.7569  0.84  0
1590 1531 26388 
edge5: 1834 11209 2  0.738  0.5917  0.833333  0
1834 1531 11209 
edge6: 1834 26388 2  0.9  0.8439  0.83  0
1834 1531 26388 
edge7: 2386 11209 2  0.7134  0.5917  0.826667  0
2386 1531 11209 
edge8: 2386 26388 2  0.87  0.8439  0.823333  0
2386 1531 26388 
pattern answer6:0
vertex1: 2146 1 0.58
vertex2: 1834 2 0.81
vertex3: 2386 2 0.79
vertex4: 1067 3 0.61
vertex5: 26388 3 0.7
edge1: 2146 1834 2  0.8633  0.5852  0.79  0
2146 1531 1834 
edge2: 2146 2386 2  0.7209  0.608  0.783333  0
2146 1531 2386 
edge3: 2146 1067 2  0.6141  0.7144  0.723333  0
2146 1531 1067 
edge4: 2146 26388 2  0.89  0.6612  0.753333  0
2146 1531 26388 
edge5: 1834 1067 2  0.621  0.9118  0.8  0
1834 1531 1067 
edge6: 1834 26388 2  0.9  0.8439  0.83  0
1834 1531 26388 
edge7: 2386 1067 2  0.629  0.7304  0.65  0
2386 4805 1067 
edge8: 2386 26388 2  0.87  0.8439  0.823333  0
2386 1531 26388 
pattern answer7:0
vertex1: 5629 1 0.82
vertex2: 5203 2 0.88
vertex3: 2386 2 0.79
vertex4: 2413 3 0.81
vertex5: 1971 3 0.6
edge1: 5629 5203 2  0.603  0.588  0.836667  0
5629 2413 5203 
edge2: 5629 2386 2  0.5896  0.6174  0.806667  0
5629 2413 2386 
edge3: 5629 2413 1  0.67  0.98  0.815  0
5629 2413 
edge4: 5629 1971 2  0.67  0.5194  0.743333  0
5629 2413 1971 
edge5: 5203 2413 1  0.71  0.95  0.845  0
5203 2413 
edge6: 5203 1971 2  0.64  0.5824  0.706667  0
5203 286 1971 
edge7: 2386 2413 2  0.7832  0.6083  0.753333  0
2386 5526 2413 
edge8: 2386 1971 2  0.627  0.6314  0.52  0
2386 467 1971 
pattern answer8:0
vertex1: 5831 1 0.69
vertex2: 2386 2 0.79
vertex3: 2346 2 0.93
vertex4: 2283 3 0.82
vertex5: 2413 3 0.81
edge1: 5831 2386 1  0.66  0.67  0.74  0
5831 2386 
edge2: 5831 2346 2  0.6864  0.5376  0.543333  0
5831 5283 2346 
edge3: 5831 2283 2  0.8613  0.76  0.703333  0
5831 8133 2283 
edge4: 5831 2413 2  0.5963  0.6006  0.516667  0
5831 1545 2413 
edge5: 2386 2283 2  0.8514  0.6237  0.87  0
2386 398 2283 
edge6: 2386 2413 2  0.7832  0.6083  0.753333  0
2386 5526 2413 
edge7: 2346 2283 2  0.92  0.6241  0.586667  0
2346 5283 2283 
edge8: 2346 2413 2  0.6035  0.5795  0.873333  0
2346 5203 2413 
pattern answer9:0
vertex1: 5939 1 0.75
vertex2: 2386 2 0.79
vertex3: 2850 2 0.9
vertex4: 2413 3 0.81
vertex5: 2283 3 0.82
edge1: 5939 2386 2  0.7695  0.8415  0.526667  0
5939 5398 2386 
edge2: 5939 2850 2  0.836  0.9306  0.563333  0
5939 5398 2850 
edge3: 5939 2413 2  0.6075  0.506  0.833333  0
5939 516 2413 
edge4: 5939 2283 2  0.5605  0.9306  0.536667  0
5939 5398 2283 
edge5: 2386 2413 2  0.7832  0.6083  0.753333  0
2386 5526 2413 
edge6: 2386 2283 2  0.8514  0.6237  0.87  0
2386 398 2283 
edge7: 2850 2413 2  0.5934  0.5846  0.773333  0
2850 5403 2413 
edge8: 2850 2283 2  0.5664  0.5264  0.586667  0
2850 5398 2283 
pattern answer10:0
vertex1: 5971 1 0.87
vertex2: 5203 2 0.88
vertex3: 1834 2 0.81
vertex4: 286 3 0.64
vertex5: 1067 3 0.61
edge1: 5971 5203 2  0.522  0.6111  0.583333  0
5971 6295 5203 
edge2: 5971 1834 2  0.712  0.6375  0.89  0
5971 9443 1834 
edge3: 5971 286 2  0.7372  0.5504  0.753333  0
5971 1632 286 
edge4: 5971 1067 2  0.5928  0.8272  0.606667  0
5971 8994 1067 
edge5: 5203 286 1  0.8  0.91  0.76  0
5203 286 
edge6: 5203 1067 2  0.6408  0.6461  0.72  0
5203 3457 1067 
edge7: 1834 286 2  0.6552  0.616  0.77  0
1834 5729 286 
edge8: 1834 1067 2  0.621  0.9118  0.8  0
1834 1531 1067 
pattern answer11:0
vertex1: 5992 1 0.9
vertex2: 1834 2 0.81
vertex3: 5203 2 0.88
vertex4: 1067 3 0.61
vertex5: 154 3 0.64
edge1: 5992 1834 2  0.578  0.7154  0.74  0
5992 3810 1834 
edge2: 5992 5203 2  0.5236  0.5329  0.763333  0
5992 3810 5203 
edge3: 5992 1067 1  0.88  0.65  0.755  0
5992 1067 
edge4: 5992 154 2  0.5859  0.6478  0.706667  0
5992 10717 154 
edge5: 1834 1067 2  0.621  0.9118  0.8  0
1834 1531 1067 
edge6: 1834 154 2  0.6348  0.5346  0.513333  0
1834 49 154 
edge7: 5203 1067 2  0.6408  0.6461  0.72  0
5203 3457 1067 
edge8: 5203 154 2  0.688  0.6188  0.72  0
5203 286 154 
pattern answer12:0
vertex1: 6987 1 0.56
vertex2: 2346 2 0.93
vertex3: 7074 2 0.95
vertex4: 6689 3 0.8
vertex5: 6833 3 0.87
edge1: 6987 2346 2  0.63  0.561  0.71  0
6987 5706 2346 
edge2: 6987 7074 2  0.679  0.5016  0.716667  0
6987 5706 7074 
edge3: 6987 6689 2  0.8217  0.704  0.626667  0
6987 37 6689 
edge4: 6987 6833 2  0.581  0.632  0.65  0
6987 37 6833 
edge5: 2346 6689 2  0.7425  0.572  0.75  0
2346 37 6689 
edge6: 2346 6833 2  0.525  0.5135  0.773333  0
2346 37 6833 
edge7: 7074 6689 2  0.8712  0.6336  0.756667  0
7074 37 6689 
edge8: 7074 6833 2  0.616  0.5688  0.78  0
7074 37 6833 
pattern answer13:0
vertex1: 7002 1 0.87
vertex2: 2346 2 0.93
vertex3: 2419 2 0.62
vertex4: 6689 3 0.8
vertex5: 6895 3 0.64
edge1: 7002 2346 2  0.603  0.7905  0.813333  0
7002 5706 2346 
edge2: 7002 2419 2  0.5695  0.5859  0.71  0
7002 5706 2419 
edge3: 7002 6689 2  0.6237  0.8008  0.73  0
7002 37 6689 
edge4: 7002 6895 2  0.5355  0.8554  0.676667  0
7002 37 6895 
edge5: 2346 6689 2  0.7425  0.572  0.75  0
2346 37 6689 
edge6: 2346 6895 2  0.6375  0.611  0.696667  0
2346 37 6895 
edge7: 2419 6689 2  0.7821  0.8096  0.646667  0
2419 37 6689 
edge8: 2419 6895 2  0.6715  0.8648  0.593333  0
2419 37 6895 
pattern answer14:0
vertex1: 7311 1 0.6
vertex2: 2850 2 0.9
vertex3: 2386 2 0.79
vertex4: 2283 3 0.82
vertex5: 41474 3 0.54
edge1: 7311 2850 2  0.8075  0.6106  0.783333  0
7311 2506 2850 
edge2: 7311 2386 2  0.6072  0.5293  0.693333  0
7311 5831 2386 
edge3: 7311 2283 2  0.8064  0.7954  0.543333  0
7311 8048 2283 
edge4: 7311 41474 2  0.7128  0.7308  0.583333  0
7311 5403 41474 
edge5: 2850 2283 2  0.5664  0.5264  0.586667  0
2850 5398 2283 
edge6: 2850 41474 2  0.8514  0.6216  0.683333  0
2850 5403 41474 
edge7: 2386 2283 2  0.8514  0.6237  0.87  0
2386 398 2283 
edge8: 2386 41474 2  0.6068  0.7719  0.626667  0
2386 4805 41474 
pattern answer15:0
vertex1: 7553 1 0.51
vertex2: 2346 2 0.93
vertex3: 2419 2 0.62
vertex4: 6689 3 0.8
vertex5: 6833 3 0.87
edge1: 7553 2346 2  0.783  0.8075  0.693333  0
7553 5706 2346 
edge2: 7553 2419 2  0.7395  0.5985  0.59  0
7553 5706 2419 
edge3: 7553 6689 2  0.8118  0.616  0.61  0
7553 37 6689 
edge4: 7553 6833 2  0.574  0.553  0.633333  0
7553 37 6833 
edge5: 2346 6689 2  0.7425  0.572  0.75  0
2346 37 6689 
edge6: 2346 6833 2  0.525  0.5135  0.773333  0
2346 37 6833 
edge7: 2419 6689 2  0.7821  0.8096  0.646667  0
2419 37 6689 
edge8: 2419 6833 2  0.553  0.7268  0.67  0
2419 37 6833 
pattern answer16:0
vertex1: 9012 1 0.87
vertex2: 1652 2 0.57
vertex3: 2261 2 0.9
vertex4: 3760 3 0.7
vertex5: 3865 3 0.57
edge1: 9012 1652 2  0.6853  0.747  0.71  0
9012 2494 1652 
edge2: 9012 2261 2  0.5313  0.5063  0.82  0
9012 2494 2261 
edge3: 9012 3760 2  0.6314  0.7055  0.753333  0
9012 2494 3760 
edge4: 9012 3865 2  0.6006  0.7636  0.71  0
9012 2494 3865 
edge5: 1652 3760 2  0.5576  0.561  0.653333  0
1652 2494 3760 
edge6: 1652 3865 2  0.5304  0.6072  0.61  0
1652 2494 3865 
edge7: 2261 3760 2  0.6888  0.5355  0.763333  0
2261 2494 3760 
edge8: 2261 3865 2  0.6552  0.5796  0.72  0
2261 2494 3865 
pattern answer17:0
vertex1: 10011 1 0.94
vertex2: 5611 2 0.96
vertex3: 5994 2 0.81
vertex4: 154 3 0.64
vertex5: 8176 3 0.59
edge1: 10011 5611 2  0.6486  0.8245  0.65  0
10011 86 5611 
edge2: 10011 5994 2  0.528  0.6468  0.69  0
10011 2860 5994 
edge3: 10011 154 2  0.6468  0.5775  0.533333  0
10011 5453 154 
edge4: 10011 8176 2  0.6699  0.7469  0.516667  0
10011 5453 8176 
edge5: 5611 154 2  0.7728  0.5925  0.54  0
5611 5453 154 
edge6: 5611 8176 2  0.8004  0.7663  0.523333  0
5611 5453 8176 
edge7: 5994 154 2  0.644  0.5712  0.783333  0
5994 2850 154 
edge8: 5994 8176 2  0.5544  0.5538  0.683333  0
5994 11700 8176 
pattern answer18:0
vertex1: 10594 1 0.73
vertex2: 1652 2 0.57
vertex3: 2261 2 0.9
vertex4: 3760 3 0.7
vertex5: 3865 3 0.57
edge1: 10594 1652 2  0.6586  0.882  0.663333  0
10594 2494 1652 
edge2: 10594 2261 2  0.5106  0.5978  0.773333  0
10594 2494 2261 
edge3: 10594 3760 2  0.6068  0.833  0.706667  0
10594 2494 3760 
edge4: 10594 3865 2  0.5772  0.9016  0.663333  0
10594 2494 3865 
edge5: 1652 3760 2  0.5576  0.561  0.653333  0
1652 2494 3760 
edge6: 1652 3865 2  0.5304  0.6072  0.61  0
1652 2494 3865 
edge7: 2261 3760 2  0.6888  0.5355  0.763333  0
2261 2494 3760 
edge8: 2261 3865 2  0.6552  0.5796  0.72  0
2261 2494 3865 
pattern answer19:0
vertex1: 11035 1 0.55
vertex2: 1652 2 0.57
vertex3: 7374 2 0.99
vertex4: 12756 3 0.7
vertex5: 32373 3 0.63
edge1: 11035 1652 2  0.6319  0.738  0.603333  0
11035 2494 1652 
edge2: 11035 7374 2  0.5467  0.6888  0.743333  0
11035 2494 7374 
edge3: 11035 12756 2  0.6887  0.8118  0.646667  0
11035 2494 12756 
edge4: 11035 32373 2  0.6248  0.697  0.623333  0
11035 2494 32373 
edge5: 1652 12756 2  0.6596  0.6534  0.653333  0
1652 2494 12756 
edge6: 1652 32373 2  0.5984  0.561  0.63  0
1652 2494 32373 
edge7: 7374 12756 2  0.5626  0.8514  0.793333  0
7374 2494 12756 
edge8: 7374 32373 2  0.5104  0.731  0.77  0
7374 2494 32373 
pattern answer20:0
vertex1: 11490 1 0.54
vertex2: 14367 2 0.65
vertex3: 14420 2 0.64
vertex4: 12534 3 0.74
vertex5: 13701 3 0.97
edge1: 11490 14367 2  0.5694  0.7885  0.546667  0
11490 226 14367 
edge2: 11490 14420 2  0.7488  0.5312  0.543333  0
11490 226 14420 
edge3: 11490 12534 2  0.585  0.747  0.576667  0
11490 226 12534 
edge4: 11490 13701 2  0.7566  0.7636  0.653333  0
11490 226 13701 
edge5: 14367 12534 2  0.69  0.594  0.613333  0
14367 226 12534 
edge6: 14367 13701 2  0.8924  0.6072  0.69  0
14367 226 13701 
edge7: 14420 12534 2  0.5325  0.738  0.61  0
14420 226 12534 
edge8: 14420 13701 2  0.6887  0.7544  0.686667  0
14420 226 13701 
pattern answer21:0
vertex1: 11788 1 0.9
vertex2: 5641 2 0.8
vertex3: 2101 2 0.5
vertex4: 286 3 0.64
vertex5: 2413 3 0.81
edge1: 11788 5641 2  0.5244  0.7047  0.67  0
11788 16050 5641 
edge2: 11788 2101 2  0.54  0.5985  0.713333  0
11788 8790 2101 
edge3: 11788 286 2  0.5508  0.6348  0.716667  0
11788 11596 286 
edge4: 11788 2413 2  0.581  0.536  0.683333  0
11788 253 2413 
edge5: 5641 286 2  0.69  0.5467  0.533333  0
5641 5315 286 
edge6: 5641 2413 2  0.6192  0.8051  0.706667  0
5641 3810 2413 
edge7: 2101 286 1  0.73  0.85  0.57  0
2101 286 
edge8: 2101 2413 2  0.7008  0.8918  0.686667  0
2101 5538 2413 
pattern answer22:0
vertex1: 12828 1 0.84
vertex2: 6351 2 0.94
vertex3: 14367 2 0.65
vertex4: 96 3 0.69
vertex5: 1682 3 0.5
edge1: 12828 6351 2  0.5049  0.7812  0.743333  0
12828 226 6351 
edge2: 12828 14367 2  0.7227  0.798  0.646667  0
12828 226 14367 
edge3: 12828 96 2  0.6336  0.8316  0.66  0
12828 226 96 
edge4: 12828 1682 2  0.7227  0.756  0.596667  0
12828 226 1682 
edge5: 6351 96 2  0.5952  0.9306  0.693333  0
6351 226 96 
edge6: 6351 1682 2  0.6789  0.846  0.63  0
6351 226 1682 
edge7: 14367 96 2  0.5888  0.6534  0.596667  0
14367 226 96 
edge8: 14367 1682 2  0.6716  0.594  0.533333  0
14367 226 1682 
pattern answer23:0
vertex1: 14662 1 0.95
vertex2: 6351 2 0.94
vertex3: 14367 2 0.65
vertex4: 96 3 0.69
vertex5: 1682 3 0.5
edge1: 14662 6351 2  0.51  0.7998  0.78  0
14662 226 6351 
edge2: 14662 14367 2  0.73  0.817  0.683333  0
14662 226 14367 
edge3: 14662 96 2  0.64  0.8514  0.696667  0
14662 226 96 
edge4: 14662 1682 2  0.73  0.774  0.633333  0
14662 226 1682 
edge5: 6351 96 2  0.5952  0.9306  0.693333  0
6351 226 96 
edge6: 6351 1682 2  0.6789  0.846  0.63  0
6351 226 1682 
edge7: 14367 96 2  0.5888  0.6534  0.596667  0
14367 226 96 
edge8: 14367 1682 2  0.6716  0.594  0.533333  0
14367 226 1682 
pattern answer24:0
vertex1: 14748 1 0.63
vertex2: 14367 2 0.65
vertex3: 14495 2 0.89
vertex4: 96 3 0.69
vertex5: 1682 3 0.5
edge1: 14748 14367 2  0.7008  0.57  0.576667  0
14748 226 14367 
edge2: 14748 14495 2  0.7872  0.51  0.656667  0
14748 226 14495 
edge3: 14748 96 2  0.6144  0.594  0.59  0
14748 226 96 
edge4: 14748 1682 2  0.7008  0.54  0.526667  0
14748 226 1682 
edge5: 14367 96 2  0.5888  0.6534  0.596667  0
14367 226 96 
edge6: 14367 1682 2  0.6716  0.594  0.533333  0
14367 226 1682 
edge7: 14495 96 2  0.64  0.5643  0.676667  0
14495 226 96 
edge8: 14495 1682 2  0.73  0.513  0.613333  0
14495 226 1682 
pattern answer25:0
vertex1: 24237 1 0.97
vertex2: 1652 2 0.57
vertex3: 7374 2 0.99
vertex4: 12756 3 0.7
vertex5: 32373 3 0.63
edge1: 24237 1652 2  0.8722  0.657  0.743333  0
24237 2494 1652 
edge2: 24237 7374 2  0.7546  0.6132  0.883333  0
24237 2494 7374 
edge3: 24237 12756 2  0.9506  0.7227  0.786667  0
24237 2494 12756 
edge4: 24237 32373 2  0.8624  0.6205  0.763333  0
24237 2494 32373 
edge5: 1652 12756 2  0.6596  0.6534  0.653333  0
1652 2494 12756 
edge6: 1652 32373 2  0.5984  0.561  0.63  0
1652 2494 32373 
edge7: 7374 12756 2  0.5626  0.8514  0.793333  0
7374 2494 12756 
edge8: 7374 32373 2  0.5104  0.731  0.77  0
7374 2494 32373 
pattern answer26:0
vertex1: 24763 1 0.88
vertex2: 1216 2 0.61
vertex3: 2350 2 0.97
vertex4: 1945 3 0.82
vertex5: 2382 3 0.7
edge1: 24763 1216 2  0.6916  0.5698  0.83  0
24763 398 1216 
edge2: 24763 2350 2  0.6734  0.7315  0.95  0
24763 398 2350 
edge3: 24763 1945 2  0.8918  0.5852  0.9  0
24763 398 1945 
edge4: 24763 2382 2  0.819  0.616  0.86  0
24763 398 2382 
edge5: 1216 1945 2  0.5782  0.7372  0.81  0
1216 398 1945 
edge6: 1216 2382 2  0.531  0.776  0.77  0
1216 398 2382 
edge7: 2350 1945 2  0.5488  0.5776  0.93  0
2350 398 1945 
edge8: 2350 2382 2  0.504  0.608  0.89  0
2350 398 2382 
pattern answer27:0
vertex1: 32167 1 0.57
vertex2: 1652 2 0.57
vertex3: 7374 2 0.99
vertex4: 12756 3 0.7
vertex5: 32373 3 0.63
edge1: 32167 1652 2  0.7654  0.558  0.61  0
32167 2494 1652 
edge2: 32167 7374 2  0.6622  0.5208  0.75  0
32167 2494 7374 
edge3: 32167 12756 2  0.8342  0.6138  0.653333  0
32167 2494 12756 
edge4: 32167 32373 2  0.7568  0.527  0.63  0
32167 2494 32373 
edge5: 1652 12756 2  0.6596  0.6534  0.653333  0
1652 2494 12756 
edge6: 1652 32373 2  0.5984  0.561  0.63  0
1652 2494 32373 
edge7: 7374 12756 2  0.5626  0.8514  0.793333  0
7374 2494 12756 
edge8: 7374 32373 2  0.5104  0.731  0.77  0
7374 2494 32373 
pattern answer28:0
vertex1: 32298 1 0.8
vertex2: 1652 2 0.57
vertex3: 2261 2 0.9
vertex4: 3760 3 0.7
vertex5: 3865 3 0.57
edge1: 32298 1652 2  0.6853  0.801  0.686667  0
32298 2494 1652 
edge2: 32298 2261 2  0.5313  0.5429  0.796667  0
32298 2494 2261 
edge3: 32298 3760 2  0.6314  0.7565  0.73  0
32298 2494 3760 
edge4: 32298 3865 2  0.6006  0.8188  0.686667  0
32298 2494 3865 
edge5: 1652 3760 2  0.5576  0.561  0.653333  0
1652 2494 3760 
edge6: 1652 3865 2  0.5304  0.6072  0.61  0
1652 2494 3865 
edge7: 2261 3760 2  0.6888  0.5355  0.763333  0
2261 2494 3760 
edge8: 2261 3865 2  0.6552  0.5796  0.72  0
2261 2494 3865 
pattern answer29:0
vertex1: 76510 1 0.68
vertex2: 1834 2 0.81
vertex3: 2386 2 0.79
vertex4: 2413 3 0.81
vertex5: 1837 3 0.96
edge1: 76510 1834 2  0.784  0.8448  0.526667  0
76510 49 1834 
edge2: 76510 2386 2  0.637  0.7104  0.52  0
76510 49 2386 
edge3: 76510 2413 2  0.8624  0.7776  0.526667  0
76510 49 2413 
edge4: 76510 1837 2  0.8918  0.8544  0.576667  0
76510 49 1837 
edge5: 1834 2413 2  0.8096  0.5346  0.57  0
1834 49 2413 
edge6: 1834 1837 2  0.8372  0.5874  0.62  0
1834 49 1837 
edge7: 2386 2413 2  0.7832  0.6083  0.753333  0
2386 5526 2413 
edge8: 2386 1837 2  0.7735  0.6052  0.613333  0
2386 49 1837 
pattern answer30:0
