vertex1: 3239 1 0.72
vertex2: 189 2 0.5
vertex3: 6732 2 0.85
vertex4: 71982 3 0.91
vertex5: 68360 3 0.51
edge1: 3239 189 1  0.69  0.63  0.61  0
3239 189 
edge2: 3239 6732 2  0.5313  0.6237  0.69  0
3239 189 6732 
edge3: 3239 71982 2  0.621  0.5985  0.71  0
3239 189 71982 
edge4: 3239 68360 2  0.6555  0.567  0.576667  0
3239 189 68360 
edge5: 189 71982 1  0.9  0.95  0.705  0
189 71982 
edge6: 189 68360 1  0.95  0.9  0.505  0
189 68360 
edge7: 6732 71982 2  0.513  0.8075  0.753333  0
6732 189 71982 
edge8: 6732 68360 2  0.5415  0.765  0.62  0
6732 189 68360 
pattern answer1:0
vertex1: 6137 1 0.91
vertex2: 89095 2 0.6
vertex3: 104958 2 0.61
vertex4: 129255 3 0.69
vertex5: 118667 3 0.89
edge1: 6137 89095 2  0.9405  0.7546  0.586667  0
6137 25994 89095 
edge2: 6137 104958 2  0.792  0.684  0.733333  0
6137 6228 104958 
edge3: 6137 129255 2  0.792  0.612  0.76  0
6137 6228 129255 
edge4: 6137 118667 2  0.624  0.6984  0.826667  0
6137 6228 118667 
edge5: 89095 129255 2  0.6534  0.782  0.656667  0
89095 6228 129255 
edge6: 89095 118667 2  0.5148  0.8924  0.723333  0
89095 6228 118667 
edge7: 104958 129255 2  0.792  0.5185  0.66  0
104958 6228 129255 
edge8: 104958 118667 2  0.624  0.5917  0.726667  0
104958 6228 118667 
pattern answer2:0
vertex1: 6223 1 0.91
vertex2: 66695 2 0.96
vertex3: 227689 2 0.67
vertex4: 89776 3 0.78
vertex5: 243787 3 0.8
edge1: 6223 66695 2  0.6248  0.6392  0.87  0
6223 5935 66695 
edge2: 6223 227689 2  0.5104  0.752  0.773333  0
6223 5935 227689 
edge3: 6223 89776 2  0.8448  0.8084  0.81  0
6223 5935 89776 
edge4: 6223 243787 2  0.6776  0.8836  0.816667  0
6223 5935 243787 
edge5: 66695 89776 2  0.6336  0.516  0.826667  0
66695 5935 89776 
edge6: 66695 243787 2  0.5082  0.564  0.833333  0
66695 5935 243787 
edge7: 227689 89776 2  0.8352  0.5332  0.73  0
227689 5935 89776 
edge8: 227689 243787 2  0.6699  0.5828  0.736667  0
227689 5935 243787 
pattern answer3:0
vertex1: 10053 1 0.67
vertex2: 189 2 0.5
vertex3: 8823 2 0.86
vertex4: 39300 3 0.93
vertex5: 50733 3 0.83
edge1: 10053 189 1  0.63  0.78  0.585  0
10053 189 
edge2: 10053 8823 2  0.5418  0.5772  0.676667  0
10053 189 8823 
edge3: 10053 39300 2  0.504  0.6786  0.7  0
10053 189 39300 
edge4: 10053 50733 2  0.5292  0.702  0.666667  0
10053 189 50733 
edge5: 189 39300 1  0.8  0.87  0.715  0
189 39300 
edge6: 189 50733 1  0.84  0.9  0.665  0
189 50733 
edge7: 8823 39300 2  0.664  0.5307  0.763333  0
8823 189 39300 
edge8: 8823 50733 2  0.6972  0.549  0.73  0
8823 189 50733 
pattern answer4:0
vertex1: 10394 1 0.93
vertex2: 129258 2 0.56
vertex3: 68257 2 0.96
vertex4: 149545 3 0.59
vertex5: 109944 3 0.69
edge1: 10394 129258 2  0.595  0.574  0.686667  0
10394 5867 129258 
edge2: 10394 68257 2  0.816  0.574  0.82  0
10394 5867 68257 
edge3: 10394 149545 2  0.5015  0.581  0.696667  0
10394 5867 149545 
edge4: 10394 109944 2  0.663  0.546  0.73  0
10394 5867 109944 
edge5: 129258 149545 2  0.6956  0.7462  0.523333  0
129258 1891 149545 
edge6: 129258 109944 2  0.6438  0.8463  0.556667  0
129258 1891 109944 
edge7: 68257 149545 2  0.8272  0.7544  0.656667  0
68257 1891 149545 
edge8: 68257 109944 2  0.7656  0.8556  0.69  0
68257 1891 109944 
pattern answer5:0
vertex1: 12118 1 0.78
vertex2: 189 2 0.5
vertex3: 3642 2 0.86
vertex4: 42390 3 0.85
vertex5: 47746 3 0.75
edge1: 12118 189 1  0.61  0.91  0.64  0
12118 189 
edge2: 12118 3642 2  0.5002  0.5551  0.713333  0
12118 189 3642 
edge3: 12118 42390 2  0.5795  0.6916  0.71  0
12118 189 42390 
edge4: 12118 47746 2  0.5612  0.7007  0.676667  0
12118 189 47746 
edge5: 189 42390 1  0.95  0.76  0.675  0
189 42390 
edge6: 189 47746 1  0.92  0.77  0.625  0
189 47746 
edge7: 3642 42390 2  0.6555  0.5168  0.736667  0
3642 189 42390 
edge8: 3642 47746 2  0.6348  0.5236  0.703333  0
3642 189 47746 
pattern answer6:0
vertex1: 23946 1 0.94
vertex2: 99194 2 0.6
vertex3: 116487 2 0.55
vertex4: 149545 3 0.59
vertex5: 68255 3 0.89
edge1: 23946 99194 2  0.697  0.6248  0.653333  0
23946 1891 99194 
edge2: 23946 116487 2  0.8118  0.6248  0.636667  0
23946 1891 116487 
edge3: 23946 149545 2  0.7708  0.7216  0.65  0
23946 1891 149545 
edge4: 23946 68255 2  0.5412  0.7744  0.75  0
23946 1891 68255 
edge5: 99194 149545 2  0.9306  0.6396  0.536667  0
99194 1891 149545 
edge6: 99194 68255 2  0.6534  0.6864  0.636667  0
99194 1891 68255 
edge7: 116487 149545 2  0.7144  0.615  0.52  0
116487 1891 149545 
edge8: 116487 68255 2  0.5016  0.66  0.62  0
116487 1891 68255 
pattern answer7:0
vertex1: 26036 1 0.67
vertex2: 104958 2 0.61
vertex3: 62310 2 0.99
vertex4: 136983 3 0.65
vertex5: 94673 3 0.5
edge1: 26036 104958 2  0.9603  0.7885  0.653333  0
26036 6228 104958 
edge2: 26036 62310 2  0.5141  0.7636  0.78  0
26036 6228 62310 
edge3: 26036 136983 2  0.6693  0.7968  0.666667  0
26036 6228 136983 
edge4: 26036 94673 2  0.6402  0.8134  0.616667  0
26036 6228 94673 
edge5: 104958 136983 2  0.552  0.5856  0.646667  0
104958 6228 136983 
edge6: 104958 94673 2  0.528  0.5978  0.596667  0
104958 6228 94673 
edge7: 62310 136983 2  0.5244  0.912  0.773333  0
62310 6228 136983 
edge8: 62310 94673 2  0.5016  0.931  0.723333  0
62310 6228 94673 
pattern answer8:0
vertex1: 27556 1 0.53
vertex2: 66695 2 0.96
vertex3: 227689 2 0.67
vertex4: 89776 3 0.78
vertex5: 243787 3 0.8
edge1: 27556 66695 2  0.6887  0.544  0.743333  0
27556 5935 66695 
edge2: 27556 227689 2  0.5626  0.64  0.646667  0
27556 5935 227689 
edge3: 27556 89776 2  0.9312  0.688  0.683333  0
27556 5935 89776 
edge4: 27556 243787 2  0.7469  0.752  0.69  0
27556 5935 243787 
edge5: 66695 89776 2  0.6336  0.516  0.826667  0
66695 5935 89776 
edge6: 66695 243787 2  0.5082  0.564  0.833333  0
66695 5935 243787 
edge7: 227689 89776 2  0.8352  0.5332  0.73  0
227689 5935 89776 
edge8: 227689 243787 2  0.6699  0.5828  0.736667  0
227689 5935 243787 
pattern answer9:0
vertex1: 32722 1 0.95
vertex2: 99194 2 0.6
vertex3: 116487 2 0.55
vertex4: 149545 3 0.59
vertex5: 68255 3 0.89
edge1: 32722 99194 2  0.731  0.5893  0.656667  0
32722 1891 99194 
edge2: 32722 116487 2  0.8514  0.5893  0.64  0
32722 1891 116487 
edge3: 32722 149545 2  0.8084  0.6806  0.653333  0
32722 1891 149545 
edge4: 32722 68255 2  0.5676  0.7304  0.753333  0
32722 1891 68255 
edge5: 99194 149545 2  0.9306  0.6396  0.536667  0
99194 1891 149545 
edge6: 99194 68255 2  0.6534  0.6864  0.636667  0
99194 1891 68255 
edge7: 116487 149545 2  0.7144  0.615  0.52  0
116487 1891 149545 
edge8: 116487 68255 2  0.5016  0.66  0.62  0
116487 1891 68255 
pattern answer10:0
vertex1: 37272 1 0.52
vertex2: 153693 2 0.96
vertex3: 104958 2 0.61
vertex4: 129255 3 0.69
vertex5: 118667 3 0.89
edge1: 37272 153693 2  0.5893  0.6319  0.72  0
37272 6228 153693 
edge2: 37272 104958 2  0.8217  0.6745  0.603333  0
37272 6228 104958 
edge3: 37272 129255 2  0.8217  0.6035  0.63  0
37272 6228 129255 
edge4: 37272 118667 2  0.6474  0.6887  0.696667  0
37272 6228 118667 
edge5: 153693 129255 2  0.6633  0.612  0.776667  0
153693 6228 129255 
edge6: 153693 118667 2  0.5226  0.6984  0.843333  0
153693 6228 118667 
edge7: 104958 129255 2  0.792  0.5185  0.66  0
104958 6228 129255 
edge8: 104958 118667 2  0.624  0.5917  0.726667  0
104958 6228 118667 
pattern answer11:0
vertex1: 58146 1 0.53
vertex2: 323704 2 0.56
vertex3: 183135 2 0.71
vertex4: 58046 3 0.77
vertex5: 57962 3 0.8
edge1: 58146 323704 1  0.55  0.99  0.545  0
58146 323704 
edge2: 58146 183135 2  0.5658  0.555  0.513333  0
58146 58029 183135 
edge3: 58146 58046 1  0.92  0.94  0.65  0
58146 58046 
edge4: 58146 57962 2  0.568  0.6699  0.756667  0
58146 592821 57962 
edge5: 323704 58046 2  0.621  0.5846  0.63  0
323704 58389 58046 
edge6: 323704 57962 1  0.58  0.89  0.68  0
323704 57962 
edge7: 183135 58046 2  0.828  0.6956  0.67  0
183135 58146 58046 
edge8: 183135 57962 2  0.8008  0.8148  0.543333  0
183135 301394 57962 
pattern answer12:0
vertex1: 61833 1 0.72
vertex2: 129258 2 0.56
vertex3: 68257 2 0.96
vertex4: 75888 3 0.88
vertex5: 109944 3 0.69
edge1: 61833 129258 2  0.574  0.8036  0.616667  0
61833 5867 129258 
edge2: 61833 68257 2  0.7872  0.8036  0.75  0
61833 5867 68257 
edge3: 61833 75888 2  0.697  0.5488  0.723333  0
61833 5867 75888 
edge4: 61833 109944 2  0.6396  0.7644  0.66  0
61833 5867 109944 
edge5: 129258 75888 2  0.6216  0.8099  0.62  0
129258 1891 75888 
edge6: 129258 109944 2  0.6438  0.8463  0.556667  0
129258 1891 109944 
edge7: 68257 75888 2  0.7392  0.8188  0.753333  0
68257 1891 75888 
edge8: 68257 109944 2  0.7656  0.8556  0.69  0
68257 1891 109944 
pattern answer13:0
vertex1: 61834 1 0.54
vertex2: 99194 2 0.6
vertex3: 116487 2 0.55
vertex4: 149545 3 0.59
vertex5: 83598 3 0.69
edge1: 61834 99194 2  0.578  0.639  0.52  0
61834 1891 99194 
edge2: 61834 116487 2  0.6732  0.639  0.503333  0
61834 1891 116487 
edge3: 61834 149545 2  0.6392  0.738  0.516667  0
61834 1891 149545 
edge4: 61834 83598 2  0.68  0.837  0.55  0
61834 1891 83598 
edge5: 99194 149545 2  0.9306  0.6396  0.536667  0
99194 1891 149545 
edge6: 99194 83598 2  0.99  0.7254  0.57  0
99194 1891 83598 
edge7: 116487 149545 2  0.7144  0.615  0.52  0
116487 1891 149545 
edge8: 116487 83598 2  0.76  0.6975  0.553333  0
116487 1891 83598 
pattern answer14:0
vertex1: 62769 1 0.95
vertex2: 99194 2 0.6
vertex3: 116487 2 0.55
vertex4: 149545 3 0.59
vertex5: 83598 3 0.69
edge1: 62769 99194 2  0.6375  0.71  0.656667  0
62769 1891 99194 
edge2: 62769 116487 2  0.7425  0.71  0.64  0
62769 1891 116487 
edge3: 62769 149545 2  0.705  0.82  0.653333  0
62769 1891 149545 
edge4: 62769 83598 2  0.75  0.93  0.686667  0
62769 1891 83598 
edge5: 99194 149545 2  0.9306  0.6396  0.536667  0
99194 1891 149545 
edge6: 99194 83598 2  0.99  0.7254  0.57  0
99194 1891 83598 
edge7: 116487 149545 2  0.7144  0.615  0.52  0
116487 1891 149545 
edge8: 116487 83598 2  0.76  0.6975  0.553333  0
116487 1891 83598 
pattern answer15:0
vertex1: 63469 1 0.73
vertex2: 99194 2 0.6
vertex3: 116487 2 0.55
vertex4: 149545 3 0.59
vertex5: 68255 3 0.89
edge1: 63469 99194 2  0.7225  0.5396  0.583333  0
63469 1891 99194 
edge2: 63469 116487 2  0.8415  0.5396  0.566667  0
63469 1891 116487 
edge3: 63469 149545 2  0.799  0.6232  0.58  0
63469 1891 149545 
edge4: 63469 68255 2  0.561  0.6688  0.68  0
63469 1891 68255 
edge5: 99194 149545 2  0.9306  0.6396  0.536667  0
99194 1891 149545 
edge6: 99194 68255 2  0.6534  0.6864  0.636667  0
99194 1891 68255 
edge7: 116487 149545 2  0.7144  0.615  0.52  0
116487 1891 149545 
edge8: 116487 68255 2  0.5016  0.66  0.62  0
116487 1891 68255 
pattern answer16:0
vertex1: 65019 1 0.62
vertex2: 227689 2 0.67
vertex3: 225709 2 0.82
vertex4: 89776 3 0.78
vertex5: 243787 3 0.8
edge1: 65019 227689 2  0.5046  0.512  0.676667  0
65019 5935 227689 
edge2: 65019 225709 2  0.7047  0.5888  0.726667  0
65019 5935 225709 
edge3: 65019 89776 2  0.8352  0.5504  0.713333  0
65019 5935 89776 
edge4: 65019 243787 2  0.6699  0.6016  0.72  0
65019 5935 243787 
edge5: 227689 89776 2  0.8352  0.5332  0.73  0
227689 5935 89776 
edge6: 227689 243787 2  0.6699  0.5828  0.736667  0
227689 5935 243787 
edge7: 225709 89776 2  0.6528  0.5246  0.78  0
225709 5935 89776 
edge8: 225709 243787 2  0.5236  0.5734  0.786667  0
225709 5935 243787 
pattern answer17:0
vertex1: 67209 1 0.68
vertex2: 106866 2 0.83
vertex3: 104958 2 0.61
vertex4: 129255 3 0.69
vertex5: 118667 3 0.89
edge1: 67209 106866 2  0.7209  0.5192  0.693333  0
67209 5867 106866 
edge2: 67209 104958 2  0.9108  0.5985  0.656667  0
67209 6228 104958 
edge3: 67209 129255 2  0.9108  0.5355  0.683333  0
67209 6228 129255 
edge4: 67209 118667 2  0.7176  0.6111  0.75  0
67209 6228 118667 
edge5: 106866 129255 2  0.6732  0.8075  0.733333  0
106866 6228 129255 
edge6: 106866 118667 2  0.5304  0.9215  0.8  0
106866 6228 118667 
edge7: 104958 129255 2  0.792  0.5185  0.66  0
104958 6228 129255 
edge8: 104958 118667 2  0.624  0.5917  0.726667  0
104958 6228 118667 
pattern answer18:0
vertex1: 67220 1 0.87
vertex2: 149412 2 0.73
vertex3: 129258 2 0.56
vertex4: 149545 3 0.59
vertex5: 66264 3 0.58
edge1: 67220 149412 2  0.504  0.8633  0.723333  0
67220 5867 149412 
edge2: 67220 129258 2  0.63  0.7954  0.666667  0
67220 5867 129258 
edge3: 67220 149545 2  0.531  0.8051  0.676667  0
67220 5867 149545 
edge4: 67220 66264 2  0.549  0.5432  0.673333  0
67220 5867 66264 
edge5: 149412 149545 2  0.7029  0.9016  0.58  0
149412 1830 149545 
edge6: 149412 66264 2  0.5325  0.7912  0.576667  0
149412 1830 66264 
edge7: 129258 149545 2  0.6956  0.7462  0.523333  0
129258 1891 149545 
edge8: 129258 66264 2  0.7125  0.6966  0.52  0
129258 1830 66264 
pattern answer19:0
vertex1: 71978 1 0.52
vertex2: 68257 2 0.96
vertex3: 104288 2 0.63
vertex4: 141517 3 0.66
vertex5: 194061 3 0.71
edge1: 71978 68257 2  0.72  0.7052  0.683333  0
71978 5867 68257 
edge2: 71978 104288 2  0.69  0.7826  0.573333  0
71978 5867 104288 
edge3: 71978 141517 2  0.645  0.8342  0.583333  0
71978 5867 141517 
edge4: 71978 194061 2  0.5325  0.8342  0.6  0
71978 5867 194061 
edge5: 68257 141517 2  0.7998  0.582  0.73  0
68257 5867 141517 
edge6: 68257 194061 2  0.6603  0.582  0.746667  0
68257 5867 194061 
edge7: 104288 141517 2  0.7568  0.5044  0.62  0
104288 5867 141517 
edge8: 104288 194061 2  0.6248  0.5044  0.636667  0
104288 5867 194061 
pattern answer20:0
vertex1: 72304 1 0.53
vertex2: 225709 2 0.82
vertex3: 249704 2 1
vertex4: 243787 3 0.8
vertex5: 229383 3 0.85
edge1: 72304 225709 2  0.6885  0.5336  0.696667  0
72304 5935 225709 
edge2: 72304 249704 2  0.5185  0.5626  0.756667  0
72304 5935 249704 
edge3: 72304 243787 2  0.6545  0.5452  0.69  0
72304 5935 243787 
edge4: 72304 229383 2  0.6545  0.5336  0.706667  0
72304 5935 229383 
edge5: 225709 243787 2  0.5236  0.5734  0.786667  0
225709 5935 243787 
edge6: 225709 229383 2  0.5236  0.5612  0.803333  0
225709 5935 229383 
edge7: 249704 243787 2  0.5159  0.8178  0.846667  0
249704 5935 243787 
edge8: 249704 229383 2  0.5159  0.8004  0.863333  0
249704 5935 229383 
pattern answer21:0
vertex1: 73057 1 0.8
vertex2: 106472 2 0.68
vertex3: 117626 2 0.61
vertex4: 149545 3 0.59
vertex5: 220363 3 0.9
edge1: 73057 106472 2  0.6864  0.665  0.633333  0
73057 1830 106472 
edge2: 73057 117626 2  0.8008  0.7695  0.61  0
73057 1830 117626 
edge3: 73057 149545 2  0.8712  0.931  0.603333  0
73057 1830 149545 
edge4: 73057 220363 2  0.616  0.646  0.706667  0
73057 1830 220363 
edge5: 106472 149545 2  0.8836  0.7544  0.563333  0
106472 1891 149545 
edge6: 106472 220363 2  0.9306  0.7544  0.666667  0
106472 1891 220363 
edge7: 117626 149545 2  0.8084  0.574  0.54  0
117626 1891 149545 
edge8: 117626 220363 2  0.8514  0.574  0.643333  0
117626 1891 220363 
pattern answer22:0
vertex1: 73592 1 0.56
vertex2: 225709 2 0.82
vertex3: 249704 2 1
vertex4: 89776 3 0.78
vertex5: 243787 3 0.8
edge1: 73592 225709 2  0.7209  0.5428  0.706667  0
73592 5935 225709 
edge2: 73592 249704 2  0.5429  0.5723  0.766667  0
73592 5935 249704 
edge3: 73592 89776 2  0.8544  0.5074  0.693333  0
73592 5935 89776 
edge4: 73592 243787 2  0.6853  0.5546  0.7  0
73592 5935 243787 
edge5: 225709 89776 2  0.6528  0.5246  0.78  0
225709 5935 89776 
edge6: 225709 243787 2  0.5236  0.5734  0.786667  0
225709 5935 243787 
edge7: 249704 89776 2  0.6432  0.7482  0.84  0
249704 5935 89776 
edge8: 249704 243787 2  0.5159  0.8178  0.846667  0
249704 5935 243787 
pattern answer23:0
vertex1: 74065 1 0.51
vertex2: 99194 2 0.6
vertex3: 66426 2 0.99
vertex4: 68255 3 0.89
vertex5: 83598 3 0.69
edge1: 74065 99194 2  0.7735  0.6035  0.51  0
74065 1891 99194 
edge2: 74065 66426 2  0.637  0.6375  0.64  0
74065 1891 66426 
edge3: 74065 68255 2  0.6006  0.748  0.606667  0
74065 1891 68255 
edge4: 74065 83598 2  0.91  0.7905  0.54  0
74065 1891 83598 
edge5: 99194 68255 2  0.6534  0.6864  0.636667  0
99194 1891 68255 
edge6: 99194 83598 2  0.99  0.7254  0.57  0
99194 1891 83598 
edge7: 66426 68255 2  0.5214  0.528  0.766667  0
66426 1891 68255 
edge8: 66426 83598 2  0.79  0.558  0.7  0
66426 1891 83598 
pattern answer24:0
vertex1: 74851 1 0.7
vertex2: 106866 2 0.83
vertex3: 104958 2 0.61
vertex4: 129255 3 0.69
vertex5: 118667 3 0.89
edge1: 74851 106866 2  0.7031  0.5192  0.7  0
74851 5867 106866 
edge2: 74851 104958 2  0.6435  0.8835  0.663333  0
74851 6228 104958 
edge3: 74851 129255 2  0.6435  0.7905  0.69  0
74851 6228 129255 
edge4: 74851 118667 2  0.507  0.9021  0.756667  0
74851 6228 118667 
edge5: 106866 129255 2  0.6732  0.8075  0.733333  0
106866 6228 129255 
edge6: 106866 118667 2  0.5304  0.9215  0.8  0
106866 6228 118667 
edge7: 104958 129255 2  0.792  0.5185  0.66  0
104958 6228 129255 
edge8: 104958 118667 2  0.624  0.5917  0.726667  0
104958 6228 118667 
pattern answer25:0
vertex1: 75679 1 0.59
vertex2: 129258 2 0.56
vertex3: 68257 2 0.96
vertex4: 109944 3 0.69
vertex5: 16842 3 0.59
edge1: 75679 129258 2  0.581  0.7134  0.573333  0
75679 5867 129258 
edge2: 75679 68257 2  0.7968  0.7134  0.706667  0
75679 5867 68257 
edge3: 75679 109944 2  0.6474  0.6786  0.616667  0
75679 5867 109944 
edge4: 75679 16842 2  0.5146  0.6612  0.583333  0
75679 5867 16842 
edge5: 129258 109944 2  0.6438  0.8463  0.556667  0
129258 1891 109944 
edge6: 129258 16842 2  0.7178  0.5642  0.523333  0
129258 1891 16842 
edge7: 68257 109944 2  0.7656  0.8556  0.69  0
68257 1891 109944 
edge8: 68257 16842 2  0.8536  0.5704  0.656667  0
68257 1891 16842 
pattern answer26:0
vertex1: 78176 1 0.56
vertex2: 99194 2 0.6
vertex3: 116487 2 0.55
vertex4: 149545 3 0.59
vertex5: 83598 3 0.69
edge1: 78176 99194 2  0.5865  0.568  0.526667  0
78176 1891 99194 
edge2: 78176 116487 2  0.6831  0.568  0.51  0
78176 1891 116487 
edge3: 78176 149545 2  0.6486  0.656  0.523333  0
78176 1891 149545 
edge4: 78176 83598 2  0.69  0.744  0.556667  0
78176 1891 83598 
edge5: 99194 149545 2  0.9306  0.6396  0.536667  0
99194 1891 149545 
edge6: 99194 83598 2  0.99  0.7254  0.57  0
99194 1891 83598 
edge7: 116487 149545 2  0.7144  0.615  0.52  0
116487 1891 149545 
edge8: 116487 83598 2  0.76  0.6975  0.553333  0
116487 1891 83598 
pattern answer27:0
vertex1: 78922 1 0.77
vertex2: 99194 2 0.6
vertex3: 116487 2 0.55
vertex4: 149545 3 0.59
vertex5: 68255 3 0.89
edge1: 78922 99194 2  0.782  0.5893  0.596667  0
78922 1891 99194 
edge2: 78922 116487 2  0.9108  0.5893  0.58  0
78922 1891 116487 
edge3: 78922 149545 2  0.8648  0.6806  0.593333  0
78922 1891 149545 
edge4: 78922 68255 2  0.6072  0.7304  0.693333  0
78922 1891 68255 
edge5: 99194 149545 2  0.9306  0.6396  0.536667  0
99194 1891 149545 
edge6: 99194 68255 2  0.6534  0.6864  0.636667  0
99194 1891 68255 
edge7: 116487 149545 2  0.7144  0.615  0.52  0
116487 1891 149545 
edge8: 116487 68255 2  0.5016  0.66  0.62  0
116487 1891 68255 
pattern answer28:0
vertex1: 79669 1 0.91
vertex2: 149412 2 0.73
vertex3: 68257 2 0.96
vertex4: 149545 3 0.59
vertex5: 140780 3 0.99
edge1: 79669 149412 2  0.5208  0.7031  0.736667  0
79669 5867 149412 
edge2: 79669 68257 2  0.8928  0.6478  0.813333  0
79669 5867 68257 
edge3: 79669 149545 2  0.5487  0.6557  0.69  0
79669 5867 149545 
edge4: 79669 140780 2  0.9114  0.7189  0.823333  0
79669 5867 140780 
edge5: 149412 149545 2  0.7029  0.9016  0.58  0
149412 1830 149545 
edge6: 149412 140780 2  0.5684  0.5369  0.763333  0
149412 5867 140780 
edge7: 68257 149545 2  0.8272  0.7544  0.656667  0
68257 1891 149545 
edge8: 68257 140780 2  0.9114  0.546  0.84  0
68257 5867 140780 
pattern answer29:0
vertex1: 80027 1 0.7
vertex2: 149412 2 0.73
vertex3: 129258 2 0.56
vertex4: 149545 3 0.59
vertex5: 66264 3 0.58
edge1: 80027 149412 2  0.5488  0.8811  0.666667  0
80027 5867 149412 
edge2: 80027 129258 2  0.686  0.8118  0.61  0
80027 5867 129258 
edge3: 80027 149545 2  0.5782  0.8217  0.62  0
80027 5867 149545 
edge4: 80027 66264 2  0.5978  0.5544  0.616667  0
80027 5867 66264 
edge5: 149412 149545 2  0.7029  0.9016  0.58  0
149412 1830 149545 
edge6: 149412 66264 2  0.5325  0.7912  0.576667  0
149412 1830 66264 
edge7: 129258 149545 2  0.6956  0.7462  0.523333  0
129258 1891 149545 
edge8: 129258 66264 2  0.7125  0.6966  0.52  0
129258 1830 66264 
pattern answer30:0
vertex1: 81286 1 0.54
vertex2: 99194 2 0.6
vertex3: 116487 2 0.55
vertex4: 149545 3 0.59
vertex5: 83598 3 0.69
edge1: 81286 99194 2  0.629  0.6816  0.52  0
81286 1891 99194 
edge2: 81286 116487 2  0.7326  0.6816  0.503333  0
81286 1891 116487 
edge3: 81286 149545 2  0.6956  0.7872  0.516667  0
81286 1891 149545 
edge4: 81286 83598 2  0.74  0.8928  0.55  0
81286 1891 83598 
edge5: 99194 149545 2  0.9306  0.6396  0.536667  0
99194 1891 149545 
edge6: 99194 83598 2  0.99  0.7254  0.57  0
99194 1891 83598 
edge7: 116487 149545 2  0.7144  0.615  0.52  0
116487 1891 149545 
edge8: 116487 83598 2  0.76  0.6975  0.553333  0
116487 1891 83598 
pattern answer31:0
vertex1: 82411 1 0.81
vertex2: 89095 2 0.6
vertex3: 104958 2 0.61
vertex4: 118667 3 0.89
vertex5: 136792 3 0.7
edge1: 82411 89095 2  0.5544  0.5684  0.553333  0
82411 25994 89095 
edge2: 82411 104958 2  0.9801  0.5225  0.7  0
82411 6228 104958 
edge3: 82411 118667 2  0.7722  0.5335  0.793333  0
82411 6228 118667 
edge4: 82411 136792 2  0.9009  0.5335  0.73  0
82411 6228 136792 
edge5: 89095 118667 2  0.5148  0.8924  0.723333  0
89095 6228 118667 
edge6: 89095 136792 2  0.6006  0.8924  0.66  0
89095 6228 136792 
edge7: 104958 118667 2  0.624  0.5917  0.726667  0
104958 6228 118667 
edge8: 104958 136792 2  0.728  0.5917  0.663333  0
104958 6228 136792 
pattern answer32:0
vertex1: 84248 1 0.81
vertex2: 99194 2 0.6
vertex3: 116487 2 0.55
vertex4: 149545 3 0.59
vertex5: 68255 3 0.89
edge1: 84248 99194 2  0.765  0.6887  0.61  0
84248 1891 99194 
edge2: 84248 116487 2  0.891  0.6887  0.593333  0
84248 1891 116487 
edge3: 84248 149545 2  0.846  0.7954  0.606667  0
84248 1891 149545 
edge4: 84248 68255 2  0.594  0.8536  0.706667  0
84248 1891 68255 
edge5: 99194 149545 2  0.9306  0.6396  0.536667  0
99194 1891 149545 
edge6: 99194 68255 2  0.6534  0.6864  0.636667  0
99194 1891 68255 
edge7: 116487 149545 2  0.7144  0.615  0.52  0
116487 1891 149545 
edge8: 116487 68255 2  0.5016  0.66  0.62  0
116487 1891 68255 
pattern answer33:0
vertex1: 85427 1 0.6
vertex2: 66426 2 0.99
vertex3: 65240 2 0.85
vertex4: 83598 3 0.69
vertex5: 83937 3 0.86
edge1: 85427 66426 2  0.637  0.51  0.67  0
85427 1891 66426 
edge2: 85427 65240 2  0.8827  0.544  0.623333  0
85427 1891 65240 
edge3: 85427 83598 2  0.91  0.6324  0.57  0
85427 1891 83598 
edge4: 85427 83937 2  0.8827  0.5712  0.626667  0
85427 1891 83937 
edge5: 66426 83598 2  0.79  0.558  0.7  0
66426 1891 83598 
edge6: 66426 83937 2  0.7663  0.504  0.756667  0
66426 1891 83937 
edge7: 65240 83598 2  0.74  0.7254  0.653333  0
65240 1891 83598 
edge8: 65240 83937 2  0.7178  0.6552  0.71  0
65240 1891 83937 
pattern answer34:0
vertex1: 85898 1 0.78
vertex2: 99194 2 0.6
vertex3: 116487 2 0.55
vertex4: 149545 3 0.59
vertex5: 83598 3 0.69
edge1: 85898 99194 2  0.5185  0.6887  0.6  0
85898 1891 99194 
edge2: 85898 116487 2  0.6039  0.6887  0.583333  0
85898 1891 116487 
edge3: 85898 149545 2  0.5734  0.7954  0.596667  0
85898 1891 149545 
edge4: 85898 83598 2  0.61  0.9021  0.63  0
85898 1891 83598 
edge5: 99194 149545 2  0.9306  0.6396  0.536667  0
99194 1891 149545 
edge6: 99194 83598 2  0.99  0.7254  0.57  0
99194 1891 83598 
edge7: 116487 149545 2  0.7144  0.615  0.52  0
116487 1891 149545 
edge8: 116487 83598 2  0.76  0.6975  0.553333  0
116487 1891 83598 
pattern answer35:0
vertex1: 88895 1 0.91
vertex2: 68257 2 0.96
vertex3: 112263 2 0.56
vertex4: 149545 3 0.59
vertex5: 83598 3 0.69
edge1: 88895 68257 2  0.624  0.5084  0.813333  0
88895 5867 68257 
edge2: 88895 112263 2  0.5915  0.5394  0.68  0
88895 5867 112263 
edge3: 88895 149545 2  0.7802  0.5002  0.64  0
88895 1891 149545 
edge4: 88895 83598 2  0.83  0.5673  0.673333  0
88895 1891 83598 
edge5: 68257 149545 2  0.8272  0.7544  0.656667  0
68257 1891 149545 
edge6: 68257 83598 2  0.88  0.8556  0.69  0
68257 1891 83598 
edge7: 112263 149545 2  0.5452  0.5576  0.523333  0
112263 1891 149545 
edge8: 112263 83598 2  0.58  0.6324  0.556667  0
112263 1891 83598 
pattern answer36:0
vertex1: 89981 1 0.81
vertex2: 68257 2 0.96
vertex3: 104958 2 0.61
vertex4: 99312 3 0.52
vertex5: 109944 3 0.69
edge1: 89981 68257 2  0.7104  0.6232  0.78  0
89981 5867 68257 
edge2: 89981 104958 2  0.5148  0.836  0.7  0
89981 6228 104958 
edge3: 89981 99312 2  0.6216  0.608  0.633333  0
89981 5867 99312 
edge4: 89981 109944 2  0.5772  0.5928  0.69  0
89981 5867 109944 
edge5: 68257 99312 2  0.5544  0.5336  0.633333  0
68257 1891 99312 
edge6: 68257 109944 2  0.7656  0.8556  0.69  0
68257 1891 109944 
edge7: 104958 99312 2  0.8232  0.6  0.566667  0
104958 5867 99312 
edge8: 104958 109944 2  0.7644  0.585  0.623333  0
104958 5867 109944 
pattern answer37:0
vertex1: 91045 1 0.7
vertex2: 106472 2 0.68
vertex3: 144045 2 0.66
vertex4: 149545 3 0.59
vertex5: 220363 3 0.9
edge1: 91045 106472 2  0.6474  0.567  0.6  0
91045 1830 106472 
edge2: 91045 144045 2  0.855  0.96  0.68  0
91045 6228 144045 
edge3: 91045 149545 2  0.8217  0.7938  0.57  0
91045 1830 149545 
edge4: 91045 220363 2  0.581  0.5508  0.673333  0
91045 1830 220363 
edge5: 106472 149545 2  0.8836  0.7544  0.563333  0
106472 1891 149545 
edge6: 106472 220363 2  0.9306  0.7544  0.666667  0
106472 1891 220363 
edge7: 144045 149545 2  0.6674  0.6068  0.556667  0
144045 1891 149545 
edge8: 144045 220363 2  0.7029  0.6068  0.66  0
144045 1891 220363 
pattern answer38:0
vertex1: 91258 1 0.52
vertex2: 104958 2 0.61
vertex3: 153693 2 0.96
vertex4: 125774 3 0.62
vertex5: 118667 3 0.89
edge1: 91258 104958 2  0.8019  0.7315  0.603333  0
91258 6228 104958 
edge2: 91258 153693 2  0.5751  0.6853  0.72  0
91258 6228 153693 
edge3: 91258 125774 2  0.7452  0.6776  0.606667  0
91258 6228 125774 
edge4: 91258 118667 2  0.6318  0.7469  0.696667  0
91258 6228 118667 
edge5: 104958 125774 2  0.736  0.5368  0.636667  0
104958 6228 125774 
edge6: 104958 118667 2  0.624  0.5917  0.726667  0
104958 6228 118667 
edge7: 153693 125774 2  0.6164  0.6336  0.753333  0
153693 6228 125774 
edge8: 153693 118667 2  0.5226  0.6984  0.843333  0
153693 6228 118667 
pattern answer39:0
vertex1: 91653 1 0.52
vertex2: 98663 2 1
vertex3: 78936 2 0.82
vertex4: 83598 3 0.69
vertex5: 83937 3 0.86
edge1: 91653 98663 2  0.684  0.517  0.753333  0
91653 5935 98663 
edge2: 91653 78936 2  0.6643  0.533  0.673333  0
91653 6228 78936 
edge3: 91653 83598 2  0.6  0.5952  0.543333  0
91653 1891 83598 
edge4: 91653 83937 2  0.582  0.5376  0.6  0
91653 1891 83937 
edge5: 98663 83598 2  0.62  0.651  0.703333  0
98663 1891 83598 
edge6: 98663 83937 2  0.6014  0.588  0.76  0
98663 1891 83937 
edge7: 78936 83598 2  0.53  0.7254  0.643333  0
78936 1891 83598 
edge8: 78936 83937 2  0.5141  0.6552  0.7  0
78936 1891 83937 
pattern answer40:0
vertex1: 93595 1 0.86
vertex2: 104958 2 0.61
vertex3: 153693 2 0.96
vertex4: 125774 3 0.62
vertex5: 118667 3 0.89
edge1: 93595 104958 2  0.7227  0.7885  0.716667  0
93595 6228 104958 
edge2: 93595 153693 2  0.5183  0.7387  0.833333  0
93595 6228 153693 
edge3: 93595 125774 2  0.6716  0.7304  0.72  0
93595 6228 125774 
edge4: 93595 118667 2  0.5694  0.8051  0.81  0
93595 6228 118667 
edge5: 104958 125774 2  0.736  0.5368  0.636667  0
104958 6228 125774 
edge6: 104958 118667 2  0.624  0.5917  0.726667  0
104958 6228 118667 
edge7: 153693 125774 2  0.6164  0.6336  0.753333  0
153693 6228 125774 
edge8: 153693 118667 2  0.5226  0.6984  0.843333  0
153693 6228 118667 
pattern answer41:0
vertex1: 95539 1 0.54
vertex2: 66426 2 0.99
vertex3: 65240 2 0.85
vertex4: 83598 3 0.69
vertex5: 83937 3 0.86
edge1: 95539 66426 2  0.595  0.51  0.65  0
95539 1891 66426 
edge2: 95539 65240 2  0.8245  0.544  0.603333  0
95539 1891 65240 
edge3: 95539 83598 2  0.85  0.6324  0.55  0
95539 1891 83598 
edge4: 95539 83937 2  0.8245  0.5712  0.606667  0
95539 1891 83937 
edge5: 66426 83598 2  0.79  0.558  0.7  0
66426 1891 83598 
edge6: 66426 83937 2  0.7663  0.504  0.756667  0
66426 1891 83937 
edge7: 65240 83598 2  0.74  0.7254  0.653333  0
65240 1891 83598 
edge8: 65240 83937 2  0.7178  0.6552  0.71  0
65240 1891 83937 
pattern answer42:0
vertex1: 95854 1 0.58
vertex2: 129258 2 0.56
vertex3: 73393 2 0.83
vertex4: 149545 3 0.59
vertex5: 66264 3 0.58
edge1: 95854 129258 2  0.616  0.82  0.57  0
95854 5867 129258 
edge2: 95854 73393 2  0.6952  0.88  0.66  0
95854 5867 73393 
edge3: 95854 149545 2  0.5192  0.83  0.58  0
95854 5867 149545 
edge4: 95854 66264 2  0.5368  0.56  0.576667  0
95854 5867 66264 
edge5: 129258 149545 2  0.6956  0.7462  0.523333  0
129258 1891 149545 
edge6: 129258 66264 2  0.7125  0.6966  0.52  0
129258 1830 66264 
edge7: 73393 149545 2  0.792  0.6076  0.613333  0
73393 1830 149545 
edge8: 73393 66264 2  0.6  0.5332  0.61  0
73393 1830 66264 
pattern answer43:0
vertex1: 98505 1 0.93
vertex2: 104958 2 0.61
vertex3: 153693 2 0.96
vertex4: 125774 3 0.62
vertex5: 118667 3 0.89
edge1: 98505 104958 2  0.8811  0.665  0.74  0
98505 6228 104958 
edge2: 98505 153693 2  0.6319  0.623  0.856667  0
98505 6228 153693 
edge3: 98505 125774 2  0.8188  0.616  0.743333  0
98505 6228 125774 
edge4: 98505 118667 2  0.6942  0.679  0.833333  0
98505 6228 118667 
edge5: 104958 125774 2  0.736  0.5368  0.636667  0
104958 6228 125774 
edge6: 104958 118667 2  0.624  0.5917  0.726667  0
104958 6228 118667 
edge7: 153693 125774 2  0.6164  0.6336  0.753333  0
153693 6228 125774 
edge8: 153693 118667 2  0.5226  0.6984  0.843333  0
153693 6228 118667 
pattern answer44:0
vertex1: 98658 1 0.64
vertex2: 99194 2 0.6
vertex3: 116487 2 0.55
vertex4: 149545 3 0.59
vertex5: 68255 3 0.89
edge1: 98658 99194 2  0.85  0.5041  0.553333  0
98658 1891 99194 
edge2: 98658 116487 2  0.99  0.5041  0.536667  0
98658 1891 116487 
edge3: 98658 149545 2  0.94  0.5822  0.55  0
98658 1891 149545 
edge4: 98658 68255 2  0.66  0.6248  0.65  0
98658 1891 68255 
edge5: 99194 149545 2  0.9306  0.6396  0.536667  0
99194 1891 149545 
edge6: 99194 68255 2  0.6534  0.6864  0.636667  0
99194 1891 68255 
edge7: 116487 149545 2  0.7144  0.615  0.52  0
116487 1891 149545 
edge8: 116487 68255 2  0.5016  0.66  0.62  0
116487 1891 68255 
pattern answer45:0
vertex1: 99760 1 0.69
vertex2: 225709 2 0.82
vertex3: 249704 2 1
vertex4: 89776 3 0.78
vertex5: 243787 3 0.8
edge1: 99760 225709 2  0.6885  0.598  0.75  0
99760 5935 225709 
edge2: 99760 249704 2  0.5185  0.6305  0.81  0
99760 5935 249704 
edge3: 99760 89776 2  0.816  0.559  0.736667  0
99760 5935 89776 
edge4: 99760 243787 2  0.6545  0.611  0.743333  0
99760 5935 243787 
edge5: 225709 89776 2  0.6528  0.5246  0.78  0
225709 5935 89776 
edge6: 225709 243787 2  0.5236  0.5734  0.786667  0
225709 5935 243787 
edge7: 249704 89776 2  0.6432  0.7482  0.84  0
249704 5935 89776 
edge8: 249704 243787 2  0.5159  0.8178  0.846667  0
249704 5935 243787 
pattern answer46:0
vertex1: 100557 1 0.65
vertex2: 66695 2 0.96
vertex3: 225709 2 0.82
vertex4: 89776 3 0.78
vertex5: 243787 3 0.8
edge1: 100557 66695 2  0.5041  0.6392  0.783333  0
100557 5935 66695 
edge2: 100557 225709 2  0.5751  0.8648  0.736667  0
100557 5935 225709 
edge3: 100557 89776 2  0.6816  0.8084  0.723333  0
100557 5935 89776 
edge4: 100557 243787 2  0.5467  0.8836  0.73  0
100557 5935 243787 
edge5: 66695 89776 2  0.6336  0.516  0.826667  0
66695 5935 89776 
edge6: 66695 243787 2  0.5082  0.564  0.833333  0
66695 5935 243787 
edge7: 225709 89776 2  0.6528  0.5246  0.78  0
225709 5935 89776 
edge8: 225709 243787 2  0.5236  0.5734  0.786667  0
225709 5935 243787 
pattern answer47:0
vertex1: 102011 1 0.98
vertex2: 149412 2 0.73
vertex3: 68257 2 0.96
vertex4: 149545 3 0.59
vertex5: 140780 3 0.99
edge1: 102011 149412 2  0.504  0.7387  0.76  0
102011 5867 149412 
edge2: 102011 68257 2  0.864  0.6806  0.836667  0
102011 5867 68257 
edge3: 102011 149545 2  0.531  0.6889  0.713333  0
102011 5867 149545 
edge4: 102011 140780 2  0.882  0.7553  0.846667  0
102011 5867 140780 
edge5: 149412 149545 2  0.7029  0.9016  0.58  0
149412 1830 149545 
edge6: 149412 140780 2  0.5684  0.5369  0.763333  0
149412 5867 140780 
edge7: 68257 149545 2  0.8272  0.7544  0.656667  0
68257 1891 149545 
edge8: 68257 140780 2  0.9114  0.546  0.84  0
68257 5867 140780 
pattern answer48:0
vertex1: 102279 1 0.76
vertex2: 104958 2 0.61
vertex3: 153693 2 0.96
vertex4: 125774 3 0.62
vertex5: 118667 3 0.89
edge1: 102279 104958 2  0.7029  0.798  0.683333  0
102279 6228 104958 
edge2: 102279 153693 2  0.5041  0.7476  0.8  0
102279 6228 153693 
edge3: 102279 125774 2  0.6532  0.7392  0.686667  0
102279 6228 125774 
edge4: 102279 118667 2  0.5538  0.8148  0.776667  0
102279 6228 118667 
edge5: 104958 125774 2  0.736  0.5368  0.636667  0
104958 6228 125774 
edge6: 104958 118667 2  0.624  0.5917  0.726667  0
104958 6228 118667 
edge7: 153693 125774 2  0.6164  0.6336  0.753333  0
153693 6228 125774 
edge8: 153693 118667 2  0.5226  0.6984  0.843333  0
153693 6228 118667 
pattern answer49:0
vertex1: 103238 1 0.79
vertex2: 99194 2 0.6
vertex3: 116487 2 0.55
vertex4: 149545 3 0.59
vertex5: 83598 3 0.69
edge1: 103238 99194 2  0.5525  0.6958  0.603333  0
103238 1891 99194 
edge2: 103238 116487 2  0.6435  0.6958  0.586667  0
103238 1891 116487 
edge3: 103238 149545 2  0.611  0.8036  0.6  0
103238 1891 149545 
edge4: 103238 83598 2  0.65  0.9114  0.633333  0
103238 1891 83598 
edge5: 99194 149545 2  0.9306  0.6396  0.536667  0
99194 1891 149545 
edge6: 99194 83598 2  0.99  0.7254  0.57  0
99194 1891 83598 
edge7: 116487 149545 2  0.7144  0.615  0.52  0
116487 1891 149545 
edge8: 116487 83598 2  0.76  0.6975  0.553333  0
116487 1891 83598 
pattern answer50:0
vertex1: 103567 1 0.82
vertex2: 99194 2 0.6
vertex3: 116487 2 0.55
vertex4: 149545 3 0.59
vertex5: 68255 3 0.89
edge1: 103567 99194 2  0.731  0.6745  0.613333  0
103567 1891 99194 
edge2: 103567 116487 2  0.8514  0.6745  0.596667  0
103567 1891 116487 
edge3: 103567 149545 2  0.8084  0.779  0.61  0
103567 1891 149545 
edge4: 103567 68255 2  0.5676  0.836  0.71  0
103567 1891 68255 
edge5: 99194 149545 2  0.9306  0.6396  0.536667  0
99194 1891 149545 
edge6: 99194 68255 2  0.6534  0.6864  0.636667  0
99194 1891 68255 
edge7: 116487 149545 2  0.7144  0.615  0.52  0
116487 1891 149545 
edge8: 116487 68255 2  0.5016  0.66  0.62  0
116487 1891 68255 
pattern answer51:0
vertex1: 107100 1 0.68
vertex2: 68257 2 0.96
vertex3: 104288 2 0.63
vertex4: 141517 3 0.66
vertex5: 88058 3 0.51
edge1: 107100 68257 2  0.576  0.7298  0.736667  0
107100 5867 68257 
edge2: 107100 104288 2  0.552  0.8099  0.626667  0
107100 5867 104288 
edge3: 107100 141517 2  0.516  0.8633  0.636667  0
107100 5867 141517 
edge4: 107100 88058 2  0.522  0.8811  0.586667  0
107100 5867 88058 
edge5: 68257 141517 2  0.7998  0.582  0.73  0
68257 5867 141517 
edge6: 68257 88058 2  0.8091  0.594  0.68  0
68257 5867 88058 
edge7: 104288 141517 2  0.7568  0.5044  0.62  0
104288 5867 141517 
edge8: 104288 88058 2  0.7656  0.5148  0.57  0
104288 5867 88058 
pattern answer52:0
vertex1: 107462 1 0.72
vertex2: 68257 2 0.96
vertex3: 104288 2 0.63
vertex4: 141517 3 0.66
vertex5: 194061 3 0.71
edge1: 107462 68257 2  0.6816  0.5904  0.75  0
107462 5867 68257 
edge2: 107462 104288 2  0.6532  0.6552  0.64  0
107462 5867 104288 
edge3: 107462 141517 2  0.6106  0.6984  0.65  0
107462 5867 141517 
edge4: 107462 194061 2  0.5041  0.6984  0.666667  0
107462 5867 194061 
edge5: 68257 141517 2  0.7998  0.582  0.73  0
68257 5867 141517 
edge6: 68257 194061 2  0.6603  0.582  0.746667  0
68257 5867 194061 
edge7: 104288 141517 2  0.7568  0.5044  0.62  0
104288 5867 141517 
edge8: 104288 194061 2  0.6248  0.5044  0.636667  0
104288 5867 194061 
pattern answer53:0
vertex1: 108681 1 0.79
vertex2: 99194 2 0.6
vertex3: 116487 2 0.55
vertex4: 149545 3 0.59
vertex5: 83598 3 0.69
edge1: 108681 99194 2  0.5355  0.5893  0.603333  0
108681 1891 99194 
edge2: 108681 116487 2  0.6237  0.5893  0.586667  0
108681 1891 116487 
edge3: 108681 149545 2  0.5922  0.6806  0.6  0
108681 1891 149545 
edge4: 108681 83598 2  0.63  0.7719  0.633333  0
108681 1891 83598 
edge5: 99194 149545 2  0.9306  0.6396  0.536667  0
99194 1891 149545 
edge6: 99194 83598 2  0.99  0.7254  0.57  0
99194 1891 83598 
edge7: 116487 149545 2  0.7144  0.615  0.52  0
116487 1891 149545 
edge8: 116487 83598 2  0.76  0.6975  0.553333  0
116487 1891 83598 
pattern answer54:0
vertex1: 109531 1 0.81
vertex2: 106472 2 0.68
vertex3: 117626 2 0.61
vertex4: 149545 3 0.59
vertex5: 220363 3 0.9
edge1: 109531 106472 2  0.624  0.588  0.636667  0
109531 1830 106472 
edge2: 109531 117626 2  0.728  0.6804  0.613333  0
109531 1830 117626 
edge3: 109531 149545 2  0.792  0.8232  0.606667  0
109531 1830 149545 
edge4: 109531 220363 2  0.56  0.5712  0.71  0
109531 1830 220363 
edge5: 106472 149545 2  0.8836  0.7544  0.563333  0
106472 1891 149545 
edge6: 106472 220363 2  0.9306  0.7544  0.666667  0
106472 1891 220363 
edge7: 117626 149545 2  0.8084  0.574  0.54  0
117626 1891 149545 
edge8: 117626 220363 2  0.8514  0.574  0.643333  0
117626 1891 220363 
pattern answer55:0
vertex1: 110299 1 0.56
vertex2: 66695 2 0.96
vertex3: 225709 2 0.82
vertex4: 89776 3 0.78
vertex5: 243787 3 0.8
edge1: 110299 66695 2  0.5183  0.612  0.753333  0
110299 5935 66695 
edge2: 110299 225709 2  0.5913  0.828  0.706667  0
110299 5935 225709 
edge3: 110299 89776 2  0.7008  0.774  0.693333  0
110299 5935 89776 
edge4: 110299 243787 2  0.5621  0.846  0.7  0
110299 5935 243787 
edge5: 66695 89776 2  0.6336  0.516  0.826667  0
66695 5935 89776 
edge6: 66695 243787 2  0.5082  0.564  0.833333  0
66695 5935 243787 
edge7: 225709 89776 2  0.6528  0.5246  0.78  0
225709 5935 89776 
edge8: 225709 243787 2  0.5236  0.5734  0.786667  0
225709 5935 243787 
pattern answer56:0
vertex1: 110921 1 0.76
vertex2: 68257 2 0.96
vertex3: 104288 2 0.63
vertex4: 141517 3 0.66
vertex5: 194061 3 0.71
edge1: 110921 68257 2  0.6912  0.5986  0.763333  0
110921 5867 68257 
edge2: 110921 104288 2  0.6624  0.6643  0.653333  0
110921 5867 104288 
edge3: 110921 141517 2  0.6192  0.7081  0.663333  0
110921 5867 141517 
edge4: 110921 194061 2  0.5112  0.7081  0.68  0
110921 5867 194061 
edge5: 68257 141517 2  0.7998  0.582  0.73  0
68257 5867 141517 
edge6: 68257 194061 2  0.6603  0.582  0.746667  0
68257 5867 194061 
edge7: 104288 141517 2  0.7568  0.5044  0.62  0
104288 5867 141517 
edge8: 104288 194061 2  0.6248  0.5044  0.636667  0
104288 5867 194061 
pattern answer57:0
vertex1: 111367 1 0.52
vertex2: 104958 2 0.61
vertex3: 153693 2 0.96
vertex4: 125774 3 0.62
vertex5: 118667 3 0.89
edge1: 111367 104958 2  0.9009  0.9025  0.603333  0
111367 6228 104958 
edge2: 111367 153693 2  0.6461  0.8455  0.72  0
111367 6228 153693 
edge3: 111367 125774 2  0.8372  0.836  0.606667  0
111367 6228 125774 
edge4: 111367 118667 2  0.7098  0.9215  0.696667  0
111367 6228 118667 
edge5: 104958 125774 2  0.736  0.5368  0.636667  0
104958 6228 125774 
edge6: 104958 118667 2  0.624  0.5917  0.726667  0
104958 6228 118667 
edge7: 153693 125774 2  0.6164  0.6336  0.753333  0
153693 6228 125774 
edge8: 153693 118667 2  0.5226  0.6984  0.843333  0
153693 6228 118667 
pattern answer58:0
vertex1: 111468 1 0.68
vertex2: 227689 2 0.67
vertex3: 225709 2 0.82
vertex4: 89776 3 0.78
vertex5: 243787 3 0.8
edge1: 111468 227689 2  0.5278  0.568  0.696667  0
111468 5935 227689 
edge2: 111468 225709 2  0.7371  0.6532  0.746667  0
111468 5935 225709 
edge3: 111468 89776 2  0.8736  0.6106  0.733333  0
111468 5935 89776 
edge4: 111468 243787 2  0.7007  0.6674  0.74  0
111468 5935 243787 
edge5: 227689 89776 2  0.8352  0.5332  0.73  0
227689 5935 89776 
edge6: 227689 243787 2  0.6699  0.5828  0.736667  0
227689 5935 243787 
edge7: 225709 89776 2  0.6528  0.5246  0.78  0
225709 5935 89776 
edge8: 225709 243787 2  0.5236  0.5734  0.786667  0
225709 5935 243787 
pattern answer59:0
vertex1: 113119 1 0.95
vertex2: 78936 2 0.82
vertex3: 66426 2 0.99
vertex4: 83598 3 0.69
vertex5: 83937 3 0.86
edge1: 113119 78936 2  0.6643  0.572  0.816667  0
113119 6228 78936 
edge2: 113119 66426 2  0.623  0.5025  0.786667  0
113119 1891 66426 
edge3: 113119 83598 2  0.89  0.6231  0.686667  0
113119 1891 83598 
edge4: 113119 83937 2  0.8633  0.5628  0.743333  0
113119 1891 83937 
edge5: 78936 83598 2  0.53  0.7254  0.643333  0
78936 1891 83598 
edge6: 78936 83937 2  0.5141  0.6552  0.7  0
78936 1891 83937 
edge7: 66426 83598 2  0.79  0.558  0.7  0
66426 1891 83598 
edge8: 66426 83937 2  0.7663  0.504  0.756667  0
66426 1891 83937 
pattern answer60:0
vertex1: 115657 1 0.87
vertex2: 73762 2 0.79
vertex3: 261715 2 0.77
vertex4: 86657 3 0.7
vertex5: 514161 3 0.94
edge1: 115657 73762 2  0.72  0.5494  0.833333  0
115657 262256 73762 
edge2: 115657 261715 2  0.7488  0.5236  0.676667  0
115657 201967 261715 
edge3: 115657 86657 2  0.5544  0.5084  0.696667  0
115657 598531 86657 
edge4: 115657 514161 2  0.6966  0.552  0.696667  0
115657 293826 514161 
edge5: 73762 86657 2  0.6279  0.6612  0.716667  0
73762 525081 86657 
edge6: 73762 514161 2  0.6642  0.5865  0.67  0
73762 293826 514161 
edge7: 261715 86657 2  0.657  0.7332  0.573333  0
261715 547489 86657 
edge8: 261715 514161 2  0.7476  0.7938  0.746667  0
261715 284017 514161 
pattern answer61:0
vertex1: 117117 1 0.82
vertex2: 129258 2 0.56
vertex3: 68257 2 0.96
vertex4: 149545 3 0.59
vertex5: 63652 3 0.59
edge1: 117117 129258 2  0.616  0.5904  0.65  0
117117 5867 129258 
edge2: 117117 68257 2  0.8448  0.5904  0.783333  0
117117 5867 68257 
edge3: 117117 149545 2  0.5192  0.5976  0.66  0
117117 5867 149545 
edge4: 117117 63652 2  0.5016  0.6552  0.66  0
117117 5867 63652 
edge5: 129258 149545 2  0.6956  0.7462  0.523333  0
129258 1891 149545 
edge6: 129258 63652 2  0.6512  0.8008  0.523333  0
129258 1891 63652 
edge7: 68257 149545 2  0.8272  0.7544  0.656667  0
68257 1891 149545 
edge8: 68257 63652 2  0.7744  0.8096  0.656667  0
68257 1891 63652 
pattern answer62:0
vertex1: 117241 1 0.9
vertex2: 116487 2 0.55
vertex3: 65240 2 0.85
vertex4: 149545 3 0.59
vertex5: 83598 3 0.69
edge1: 117241 116487 2  0.5643  0.5822  0.623333  0
117241 1891 116487 
edge2: 117241 65240 2  0.5529  0.656  0.723333  0
117241 1891 65240 
edge3: 117241 149545 2  0.5358  0.6724  0.636667  0
117241 1891 149545 
edge4: 117241 83598 2  0.57  0.7626  0.67  0
117241 1891 83598 
edge5: 116487 149545 2  0.7144  0.615  0.52  0
116487 1891 149545 
edge6: 116487 83598 2  0.76  0.6975  0.553333  0
116487 1891 83598 
edge7: 65240 149545 2  0.6956  0.6396  0.62  0
65240 1891 149545 
edge8: 65240 83598 2  0.74  0.7254  0.653333  0
65240 1891 83598 
pattern answer63:0
vertex1: 121145 1 0.7
vertex2: 99194 2 0.6
vertex3: 116487 2 0.55
vertex4: 149545 3 0.59
vertex5: 68255 3 0.89
edge1: 121145 99194 2  0.663  0.5964  0.573333  0
121145 1891 99194 
edge2: 121145 116487 2  0.7722  0.5964  0.556667  0
121145 1891 116487 
edge3: 121145 149545 2  0.7332  0.6888  0.57  0
121145 1891 149545 
edge4: 121145 68255 2  0.5148  0.7392  0.67  0
121145 1891 68255 
edge5: 99194 149545 2  0.9306  0.6396  0.536667  0
99194 1891 149545 
edge6: 99194 68255 2  0.6534  0.6864  0.636667  0
99194 1891 68255 
edge7: 116487 149545 2  0.7144  0.615  0.52  0
116487 1891 149545 
edge8: 116487 68255 2  0.5016  0.66  0.62  0
116487 1891 68255 
pattern answer64:0
vertex1: 122044 1 0.64
vertex2: 65240 2 0.85
vertex3: 62676 2 0.6
vertex4: 149545 3 0.59
vertex5: 83598 3 0.69
edge1: 122044 65240 2  0.8245  0.504  0.636667  0
122044 1891 65240 
edge2: 122044 62676 2  0.629  0.5103  0.553333  0
122044 1891 62676 
edge3: 122044 149545 2  0.799  0.5166  0.55  0
122044 1891 149545 
edge4: 122044 83598 2  0.85  0.5859  0.583333  0
122044 1891 83598 
edge5: 65240 149545 2  0.6956  0.6396  0.62  0
65240 1891 149545 
edge6: 65240 83598 2  0.74  0.7254  0.653333  0
65240 1891 83598 
edge7: 62676 149545 2  0.9118  0.7462  0.536667  0
62676 1891 149545 
edge8: 62676 83598 2  0.97  0.8463  0.57  0
62676 1891 83598 
pattern answer65:0
vertex1: 124882 1 0.74
vertex2: 99194 2 0.6
vertex3: 116487 2 0.55
vertex4: 149545 3 0.59
vertex5: 68255 3 0.89
edge1: 124882 99194 2  0.799  0.6745  0.586667  0
124882 1891 99194 
edge2: 124882 116487 2  0.9306  0.6745  0.57  0
124882 1891 116487 
edge3: 124882 149545 2  0.8836  0.779  0.583333  0
124882 1891 149545 
edge4: 124882 68255 2  0.6204  0.836  0.683333  0
124882 1891 68255 
edge5: 99194 149545 2  0.9306  0.6396  0.536667  0
99194 1891 149545 
edge6: 99194 68255 2  0.6534  0.6864  0.636667  0
99194 1891 68255 
edge7: 116487 149545 2  0.7144  0.615  0.52  0
116487 1891 149545 
edge8: 116487 68255 2  0.5016  0.66  0.62  0
116487 1891 68255 
pattern answer66:0
vertex1: 127021 1 0.75
vertex2: 68257 2 0.96
vertex3: 104288 2 0.63
vertex4: 141517 3 0.66
vertex5: 194061 3 0.71
edge1: 127021 68257 2  0.6912  0.5248  0.76  0
127021 5867 68257 
edge2: 127021 104288 2  0.6624  0.5824  0.65  0
127021 5867 104288 
edge3: 127021 141517 2  0.6192  0.6208  0.66  0
127021 5867 141517 
edge4: 127021 194061 2  0.5112  0.6208  0.676667  0
127021 5867 194061 
edge5: 68257 141517 2  0.7998  0.582  0.73  0
68257 5867 141517 
edge6: 68257 194061 2  0.6603  0.582  0.746667  0
68257 5867 194061 
edge7: 104288 141517 2  0.7568  0.5044  0.62  0
104288 5867 141517 
edge8: 104288 194061 2  0.6248  0.5044  0.636667  0
104288 5867 194061 
pattern answer67:0
vertex1: 130133 1 0.82
vertex2: 99194 2 0.6
vertex3: 116487 2 0.55
vertex4: 149545 3 0.59
vertex5: 83598 3 0.69
edge1: 130133 99194 2  0.612  0.6177  0.613333  0
130133 1891 99194 
edge2: 130133 116487 2  0.7128  0.6177  0.596667  0
130133 1891 116487 
edge3: 130133 149545 2  0.6768  0.7134  0.61  0
130133 1891 149545 
edge4: 130133 83598 2  0.72  0.8091  0.643333  0
130133 1891 83598 
edge5: 99194 149545 2  0.9306  0.6396  0.536667  0
99194 1891 149545 
edge6: 99194 83598 2  0.99  0.7254  0.57  0
99194 1891 83598 
edge7: 116487 149545 2  0.7144  0.615  0.52  0
116487 1891 149545 
edge8: 116487 83598 2  0.76  0.6975  0.553333  0
116487 1891 83598 
pattern answer68:0
vertex1: 130786 1 0.94
vertex2: 68257 2 0.96
vertex3: 104288 2 0.63
vertex4: 141517 3 0.66
vertex5: 88058 3 0.51
edge1: 130786 68257 2  0.6144  0.7544  0.823333  0
130786 5867 68257 
edge2: 130786 104288 2  0.5888  0.8372  0.713333  0
130786 5867 104288 
edge3: 130786 141517 2  0.5504  0.8924  0.723333  0
130786 5867 141517 
edge4: 130786 88058 2  0.5568  0.9108  0.673333  0
130786 5867 88058 
edge5: 68257 141517 2  0.7998  0.582  0.73  0
68257 5867 141517 
edge6: 68257 88058 2  0.8091  0.594  0.68  0
68257 5867 88058 
edge7: 104288 141517 2  0.7568  0.5044  0.62  0
104288 5867 141517 
edge8: 104288 88058 2  0.7656  0.5148  0.57  0
104288 5867 88058 
pattern answer69:0
vertex1: 132733 1 0.65
vertex2: 89095 2 0.6
vertex3: 68257 2 0.96
vertex4: 70244 3 0.99
vertex5: 129255 3 0.69
edge1: 132733 89095 2  0.6664  0.5335  0.606667  0
132733 5867 89095 
edge2: 132733 68257 2  0.6528  0.7954  0.726667  0
132733 5867 68257 
edge3: 132733 70244 2  0.81  0.7161  0.773333  0
132733 6228 70244 
edge4: 132733 129255 2  0.891  0.7905  0.673333  0
132733 6228 129255 
edge5: 89095 70244 2  0.594  0.7084  0.756667  0
89095 6228 70244 
edge6: 89095 129255 2  0.6534  0.782  0.656667  0
89095 6228 129255 
edge7: 68257 70244 2  0.873  0.5467  0.876667  0
68257 6228 70244 
edge8: 68257 129255 2  0.9603  0.6035  0.776667  0
68257 6228 129255 
pattern answer70:0
vertex1: 133311 1 0.75
vertex2: 68257 2 0.96
vertex3: 106866 2 0.83
vertex4: 118667 3 0.89
vertex5: 136792 3 0.7
edge1: 133311 68257 2  0.6048  0.5494  0.76  0
133311 5867 68257 
edge2: 133311 106866 2  0.5607  0.5896  0.716667  0
133311 5867 106866 
edge3: 133311 118667 2  0.7176  0.5335  0.773333  0
133311 6228 118667 
edge4: 133311 136792 2  0.8372  0.5335  0.71  0
133311 6228 136792 
edge5: 68257 118667 2  0.7566  0.6887  0.843333  0
68257 6228 118667 
edge6: 68257 136792 2  0.8827  0.6887  0.78  0
68257 6228 136792 
edge7: 106866 118667 2  0.5304  0.9215  0.8  0
106866 6228 118667 
edge8: 106866 136792 2  0.6188  0.9215  0.736667  0
106866 6228 136792 
pattern answer71:0
vertex1: 134039 1 0.86
vertex2: 66695 2 0.96
vertex3: 227689 2 0.67
vertex4: 89776 3 0.78
vertex5: 243787 3 0.8
edge1: 134039 66695 2  0.6248  0.6256  0.853333  0
134039 5935 66695 
edge2: 134039 227689 2  0.5104  0.736  0.756667  0
134039 5935 227689 
edge3: 134039 89776 2  0.8448  0.7912  0.793333  0
134039 5935 89776 
edge4: 134039 243787 2  0.6776  0.8648  0.8  0
134039 5935 243787 
edge5: 66695 89776 2  0.6336  0.516  0.826667  0
66695 5935 89776 
edge6: 66695 243787 2  0.5082  0.564  0.833333  0
66695 5935 243787 
edge7: 227689 89776 2  0.8352  0.5332  0.73  0
227689 5935 89776 
edge8: 227689 243787 2  0.6699  0.5828  0.736667  0
227689 5935 243787 
pattern answer72:0
vertex1: 134205 1 0.55
vertex2: 104288 2 0.63
vertex3: 145788 2 0.86
vertex4: 137344 3 0.5
vertex5: 194061 3 0.71
edge1: 134205 104288 2  0.8372  0.5096  0.583333  0
134205 5867 104288 
edge2: 134205 145788 2  0.5096  0.5096  0.66  0
134205 5867 145788 
edge3: 134205 137344 2  0.5733  0.5488  0.54  0
134205 5867 137344 
edge4: 134205 194061 2  0.6461  0.5432  0.61  0
134205 5867 194061 
edge5: 104288 137344 2  0.5544  0.5096  0.566667  0
104288 5867 137344 
edge6: 104288 194061 2  0.6248  0.5044  0.636667  0
104288 5867 194061 
edge7: 145788 137344 2  0.5796  0.784  0.643333  0
145788 5867 137344 
edge8: 145788 194061 2  0.6532  0.776  0.713333  0
145788 5867 194061 
pattern answer73:0
vertex1: 134794 1 0.91
vertex2: 66695 2 0.96
vertex3: 227689 2 0.67
vertex4: 89776 3 0.78
vertex5: 243787 3 0.8
edge1: 134794 66695 2  0.6674  0.5304  0.87  0
134794 5935 66695 
edge2: 134794 227689 2  0.5452  0.624  0.773333  0
134794 5935 227689 
edge3: 134794 89776 2  0.9024  0.6708  0.81  0
134794 5935 89776 
edge4: 134794 243787 2  0.7238  0.7332  0.816667  0
134794 5935 243787 
edge5: 66695 89776 2  0.6336  0.516  0.826667  0
66695 5935 89776 
edge6: 66695 243787 2  0.5082  0.564  0.833333  0
66695 5935 243787 
edge7: 227689 89776 2  0.8352  0.5332  0.73  0
227689 5935 89776 
edge8: 227689 243787 2  0.6699  0.5828  0.736667  0
227689 5935 243787 
pattern answer74:0
vertex1: 136982 1 0.82
vertex2: 149412 2 0.73
vertex3: 68257 2 0.96
vertex4: 149545 3 0.59
vertex5: 140780 3 0.99
edge1: 136982 149412 2  0.5544  0.7209  0.706667  0
136982 5867 149412 
edge2: 136982 68257 2  0.9504  0.6642  0.783333  0
136982 5867 68257 
edge3: 136982 149545 2  0.5841  0.6723  0.66  0
136982 5867 149545 
edge4: 136982 140780 2  0.9702  0.7371  0.793333  0
136982 5867 140780 
edge5: 149412 149545 2  0.7029  0.9016  0.58  0
149412 1830 149545 
edge6: 149412 140780 2  0.5684  0.5369  0.763333  0
149412 5867 140780 
edge7: 68257 149545 2  0.8272  0.7544  0.656667  0
68257 1891 149545 
edge8: 68257 140780 2  0.9114  0.546  0.84  0
68257 5867 140780 
pattern answer75:0
vertex1: 139031 1 0.72
vertex2: 116487 2 0.55
vertex3: 65240 2 0.85
vertex4: 149545 3 0.59
vertex5: 83598 3 0.69
edge1: 139031 116487 2  0.5544  0.6177  0.563333  0
139031 1891 116487 
edge2: 139031 65240 2  0.5432  0.696  0.663333  0
139031 1891 65240 
edge3: 139031 149545 2  0.5264  0.7134  0.576667  0
139031 1891 149545 
edge4: 139031 83598 2  0.56  0.8091  0.61  0
139031 1891 83598 
edge5: 116487 149545 2  0.7144  0.615  0.52  0
116487 1891 149545 
edge6: 116487 83598 2  0.76  0.6975  0.553333  0
116487 1891 83598 
edge7: 65240 149545 2  0.6956  0.6396  0.62  0
65240 1891 149545 
edge8: 65240 83598 2  0.74  0.7254  0.653333  0
65240 1891 83598 
pattern answer76:0
vertex1: 141363 1 0.66
vertex2: 113921 2 0.64
vertex3: 68257 2 0.96
vertex4: 149545 3 0.59
vertex5: 107078 3 0.77
edge1: 141363 113921 2  0.561  0.7252  0.623333  0
141363 5867 113921 
edge2: 141363 68257 2  0.816  0.8036  0.73  0
141363 5867 68257 
edge3: 141363 149545 2  0.5015  0.8134  0.606667  0
141363 5867 149545 
edge4: 141363 107078 2  0.612  0.6468  0.666667  0
141363 5867 107078 
edge5: 113921 149545 2  0.8554  0.6396  0.55  0
113921 1891 149545 
edge6: 113921 107078 2  0.5733  0.702  0.61  0
113921 1891 107078 
edge7: 68257 149545 2  0.8272  0.7544  0.656667  0
68257 1891 149545 
edge8: 68257 107078 2  0.5544  0.828  0.716667  0
68257 1891 107078 
pattern answer77:0
vertex1: 141887 1 0.65
vertex2: 66695 2 0.96
vertex3: 227689 2 0.67
vertex4: 89776 3 0.78
vertex5: 243787 3 0.8
edge1: 141887 66695 2  0.6816  0.6528  0.783333  0
141887 5935 66695 
edge2: 141887 227689 2  0.5568  0.768  0.686667  0
141887 5935 227689 
edge3: 141887 89776 2  0.9216  0.8256  0.723333  0
141887 5935 89776 
edge4: 141887 243787 2  0.7392  0.9024  0.73  0
141887 5935 243787 
edge5: 66695 89776 2  0.6336  0.516  0.826667  0
66695 5935 89776 
edge6: 66695 243787 2  0.5082  0.564  0.833333  0
66695 5935 243787 
edge7: 227689 89776 2  0.8352  0.5332  0.73  0
227689 5935 89776 
edge8: 227689 243787 2  0.6699  0.5828  0.736667  0
227689 5935 243787 
pattern answer78:0
vertex1: 142619 1 0.69
vertex2: 66695 2 0.96
vertex3: 225709 2 0.82
vertex4: 89776 3 0.78
vertex5: 243787 3 0.8
edge1: 142619 66695 2  0.5538  0.5848  0.796667  0
142619 5935 66695 
edge2: 142619 225709 2  0.6318  0.7912  0.75  0
142619 5935 225709 
edge3: 142619 89776 2  0.7488  0.7396  0.736667  0
142619 5935 89776 
edge4: 142619 243787 2  0.6006  0.8084  0.743333  0
142619 5935 243787 
edge5: 66695 89776 2  0.6336  0.516  0.826667  0
66695 5935 89776 
edge6: 66695 243787 2  0.5082  0.564  0.833333  0
66695 5935 243787 
edge7: 225709 89776 2  0.6528  0.5246  0.78  0
225709 5935 89776 
edge8: 225709 243787 2  0.5236  0.5734  0.786667  0
225709 5935 243787 
pattern answer79:0
vertex1: 142685 1 0.87
vertex2: 66695 2 0.96
vertex3: 227689 2 0.67
vertex4: 89776 3 0.78
vertex5: 243787 3 0.8
edge1: 142685 66695 2  0.6674  0.51  0.856667  0
142685 5935 66695 
edge2: 142685 227689 2  0.5452  0.6  0.76  0
142685 5935 227689 
edge3: 142685 89776 2  0.9024  0.645  0.796667  0
142685 5935 89776 
edge4: 142685 243787 2  0.7238  0.705  0.803333  0
142685 5935 243787 
edge5: 66695 89776 2  0.6336  0.516  0.826667  0
66695 5935 89776 
edge6: 66695 243787 2  0.5082  0.564  0.833333  0
66695 5935 243787 
edge7: 227689 89776 2  0.8352  0.5332  0.73  0
227689 5935 89776 
edge8: 227689 243787 2  0.6699  0.5828  0.736667  0
227689 5935 243787 
pattern answer80:0
vertex1: 144421 1 0.89
vertex2: 66695 2 0.96
vertex3: 227689 2 0.67
vertex4: 89776 3 0.78
vertex5: 243787 3 0.8
edge1: 144421 66695 2  0.7029  0.5372  0.863333  0
144421 5935 66695 
edge2: 144421 227689 2  0.5742  0.632  0.766667  0
144421 5935 227689 
edge3: 144421 89776 2  0.9504  0.6794  0.803333  0
144421 5935 89776 
edge4: 144421 243787 2  0.7623  0.7426  0.81  0
144421 5935 243787 
edge5: 66695 89776 2  0.6336  0.516  0.826667  0
66695 5935 89776 
edge6: 66695 243787 2  0.5082  0.564  0.833333  0
66695 5935 243787 
edge7: 227689 89776 2  0.8352  0.5332  0.73  0
227689 5935 89776 
edge8: 227689 243787 2  0.6699  0.5828  0.736667  0
227689 5935 243787 
pattern answer81:0
vertex1: 144945 1 0.7
vertex2: 68257 2 0.96
vertex3: 106866 2 0.83
vertex4: 70244 3 0.99
vertex5: 129255 3 0.69
edge1: 144945 68257 2  0.5856  0.5658  0.743333  0
144945 5867 68257 
edge2: 144945 106866 2  0.5429  0.6072  0.7  0
144945 5867 106866 
edge3: 144945 70244 2  0.774  0.7392  0.79  0
144945 6228 70244 
edge4: 144945 129255 2  0.8514  0.816  0.69  0
144945 6228 129255 
edge5: 68257 70244 2  0.873  0.5467  0.876667  0
68257 6228 70244 
edge6: 68257 129255 2  0.9603  0.6035  0.776667  0
68257 6228 129255 
edge7: 106866 70244 2  0.612  0.7315  0.833333  0
106866 6228 70244 
edge8: 106866 129255 2  0.6732  0.8075  0.733333  0
106866 6228 129255 
pattern answer82:0
vertex1: 145734 1 0.85
vertex2: 116487 2 0.55
vertex3: 65240 2 0.85
vertex4: 83598 3 0.69
vertex5: 83937 3 0.86
edge1: 145734 116487 2  0.5247  0.5538  0.606667  0
145734 1891 116487 
edge2: 145734 65240 2  0.5141  0.624  0.706667  0
145734 1891 65240 
edge3: 145734 83598 2  0.53  0.7254  0.653333  0
145734 1891 83598 
edge4: 145734 83937 2  0.5141  0.6552  0.71  0
145734 1891 83937 
edge5: 116487 83598 2  0.76  0.6975  0.553333  0
116487 1891 83598 
edge6: 116487 83937 2  0.7372  0.63  0.61  0
116487 1891 83937 
edge7: 65240 83598 2  0.74  0.7254  0.653333  0
65240 1891 83598 
edge8: 65240 83937 2  0.7178  0.6552  0.71  0
65240 1891 83937 
pattern answer83:0
vertex1: 147004 1 0.74
vertex2: 99194 2 0.6
vertex3: 116487 2 0.55
vertex4: 149545 3 0.59
vertex5: 83598 3 0.69
edge1: 147004 99194 2  0.5355  0.6674  0.586667  0
147004 1891 99194 
edge2: 147004 116487 2  0.6237  0.6674  0.57  0
147004 1891 116487 
edge3: 147004 149545 2  0.5922  0.7708  0.583333  0
147004 1891 149545 
edge4: 147004 83598 2  0.63  0.8742  0.616667  0
147004 1891 83598 
edge5: 99194 149545 2  0.9306  0.6396  0.536667  0
99194 1891 149545 
edge6: 99194 83598 2  0.99  0.7254  0.57  0
99194 1891 83598 
edge7: 116487 149545 2  0.7144  0.615  0.52  0
116487 1891 149545 
edge8: 116487 83598 2  0.76  0.6975  0.553333  0
116487 1891 83598 
pattern answer84:0
vertex1: 147221 1 0.86
vertex2: 99194 2 0.6
vertex3: 116487 2 0.55
vertex4: 149545 3 0.59
vertex5: 68255 3 0.89
edge1: 147221 99194 2  0.714  0.5822  0.626667  0
147221 1891 99194 
edge2: 147221 116487 2  0.8316  0.5822  0.61  0
147221 1891 116487 
edge3: 147221 149545 2  0.7896  0.6724  0.623333  0
147221 1891 149545 
edge4: 147221 68255 2  0.5544  0.7216  0.723333  0
147221 1891 68255 
edge5: 99194 149545 2  0.9306  0.6396  0.536667  0
99194 1891 149545 
edge6: 99194 68255 2  0.6534  0.6864  0.636667  0
99194 1891 68255 
edge7: 116487 149545 2  0.7144  0.615  0.52  0
116487 1891 149545 
edge8: 116487 68255 2  0.5016  0.66  0.62  0
116487 1891 68255 
pattern answer85:0
vertex1: 149482 1 0.85
vertex2: 149412 2 0.73
vertex3: 68257 2 0.96
vertex4: 149545 3 0.59
vertex5: 140780 3 0.99
edge1: 149482 149412 2  0.5488  0.623  0.716667  0
149482 5867 149412 
edge2: 149482 68257 2  0.9408  0.574  0.793333  0
149482 5867 68257 
edge3: 149482 149545 2  0.5782  0.581  0.67  0
149482 5867 149545 
edge4: 149482 140780 2  0.9604  0.637  0.803333  0
149482 5867 140780 
edge5: 149412 149545 2  0.7029  0.9016  0.58  0
149412 1830 149545 
edge6: 149412 140780 2  0.5684  0.5369  0.763333  0
149412 5867 140780 
edge7: 68257 149545 2  0.8272  0.7544  0.656667  0
68257 1891 149545 
edge8: 68257 140780 2  0.9114  0.546  0.84  0
68257 5867 140780 
pattern answer86:0
vertex1: 151617 1 0.91
vertex2: 66695 2 0.96
vertex3: 227689 2 0.67
vertex4: 89776 3 0.78
vertex5: 243787 3 0.8
edge1: 151617 66695 2  0.6319  0.612  0.87  0
151617 5935 66695 
edge2: 151617 227689 2  0.5162  0.72  0.773333  0
151617 5935 227689 
edge3: 151617 89776 2  0.8544  0.774  0.81  0
151617 5935 89776 
edge4: 151617 243787 2  0.6853  0.846  0.816667  0
151617 5935 243787 
edge5: 66695 89776 2  0.6336  0.516  0.826667  0
66695 5935 89776 
edge6: 66695 243787 2  0.5082  0.564  0.833333  0
66695 5935 243787 
edge7: 227689 89776 2  0.8352  0.5332  0.73  0
227689 5935 89776 
edge8: 227689 243787 2  0.6699  0.5828  0.736667  0
227689 5935 243787 
pattern answer87:0
vertex1: 154092 1 0.78
vertex2: 153693 2 0.96
vertex3: 104958 2 0.61
vertex4: 129255 3 0.69
vertex5: 118667 3 0.89
edge1: 154092 153693 2  0.6816  0.6497  0.806667  0
154092 6228 153693 
edge2: 154092 104958 2  0.9504  0.6935  0.69  0
154092 6228 104958 
edge3: 154092 129255 2  0.9504  0.6205  0.716667  0
154092 6228 129255 
edge4: 154092 118667 2  0.7488  0.7081  0.783333  0
154092 6228 118667 
edge5: 153693 129255 2  0.6633  0.612  0.776667  0
153693 6228 129255 
edge6: 153693 118667 2  0.5226  0.6984  0.843333  0
153693 6228 118667 
edge7: 104958 129255 2  0.792  0.5185  0.66  0
104958 6228 129255 
edge8: 104958 118667 2  0.624  0.5917  0.726667  0
104958 6228 118667 
pattern answer88:0
vertex1: 154639 1 0.95
vertex2: 153693 2 0.96
vertex3: 104958 2 0.61
vertex4: 129255 3 0.69
vertex5: 118667 3 0.89
edge1: 154639 153693 2  0.6816  0.5518  0.863333  0
154639 6228 153693 
edge2: 154639 104958 2  0.9504  0.589  0.746667  0
154639 6228 104958 
edge3: 154639 129255 2  0.9504  0.527  0.773333  0
154639 6228 129255 
edge4: 154639 118667 2  0.7488  0.6014  0.84  0
154639 6228 118667 
edge5: 153693 129255 2  0.6633  0.612  0.776667  0
153693 6228 129255 
edge6: 153693 118667 2  0.5226  0.6984  0.843333  0
153693 6228 118667 
edge7: 104958 129255 2  0.792  0.5185  0.66  0
104958 6228 129255 
edge8: 104958 118667 2  0.624  0.5917  0.726667  0
104958 6228 118667 
pattern answer89:0
vertex1: 156378 1 0.88
vertex2: 153693 2 0.96
vertex3: 104958 2 0.61
vertex4: 129255 3 0.69
vertex5: 118667 3 0.89
edge1: 156378 153693 2  0.5609  0.7654  0.84  0
156378 6228 153693 
edge2: 156378 104958 2  0.7821  0.817  0.723333  0
156378 6228 104958 
edge3: 156378 129255 2  0.7821  0.731  0.75  0
156378 6228 129255 
edge4: 156378 118667 2  0.6162  0.8342  0.816667  0
156378 6228 118667 
edge5: 153693 129255 2  0.6633  0.612  0.776667  0
153693 6228 129255 
edge6: 153693 118667 2  0.5226  0.6984  0.843333  0
153693 6228 118667 
edge7: 104958 129255 2  0.792  0.5185  0.66  0
104958 6228 129255 
edge8: 104958 118667 2  0.624  0.5917  0.726667  0
104958 6228 118667 
pattern answer90:0
vertex1: 161817 1 0.72
vertex2: 66695 2 0.96
vertex3: 225709 2 0.82
vertex4: 89776 3 0.78
vertex5: 243787 3 0.8
edge1: 161817 66695 2  0.5822  0.5848  0.806667  0
161817 5935 66695 
edge2: 161817 225709 2  0.6642  0.7912  0.76  0
161817 5935 225709 
edge3: 161817 89776 2  0.7872  0.7396  0.746667  0
161817 5935 89776 
edge4: 161817 243787 2  0.6314  0.8084  0.753333  0
161817 5935 243787 
edge5: 66695 89776 2  0.6336  0.516  0.826667  0
66695 5935 89776 
edge6: 66695 243787 2  0.5082  0.564  0.833333  0
66695 5935 243787 
edge7: 225709 89776 2  0.6528  0.5246  0.78  0
225709 5935 89776 
edge8: 225709 243787 2  0.5236  0.5734  0.786667  0
225709 5935 243787 
pattern answer91:0
vertex1: 161861 1 0.99
vertex2: 153693 2 0.96
vertex3: 104958 2 0.61
vertex4: 129255 3 0.69
vertex5: 118667 3 0.89
edge1: 161861 153693 2  0.5822  0.6675  0.876667  0
161861 6228 153693 
edge2: 161861 104958 2  0.8118  0.7125  0.76  0
161861 6228 104958 
edge3: 161861 129255 2  0.8118  0.6375  0.786667  0
161861 6228 129255 
edge4: 161861 118667 2  0.6396  0.7275  0.853333  0
161861 6228 118667 
edge5: 153693 129255 2  0.6633  0.612  0.776667  0
153693 6228 129255 
edge6: 153693 118667 2  0.5226  0.6984  0.843333  0
153693 6228 118667 
edge7: 104958 129255 2  0.792  0.5185  0.66  0
104958 6228 129255 
edge8: 104958 118667 2  0.624  0.5917  0.726667  0
104958 6228 118667 
pattern answer92:0
vertex1: 165867 1 0.52
vertex2: 227689 2 0.67
vertex3: 225709 2 0.82
vertex4: 89776 3 0.78
vertex5: 243787 3 0.8
edge1: 165867 227689 2  0.5046  0.576  0.643333  0
165867 5935 227689 
edge2: 165867 225709 2  0.7047  0.6624  0.693333  0
165867 5935 225709 
edge3: 165867 89776 2  0.8352  0.6192  0.68  0
165867 5935 89776 
edge4: 165867 243787 2  0.6699  0.6768  0.686667  0
165867 5935 243787 
edge5: 227689 89776 2  0.8352  0.5332  0.73  0
227689 5935 89776 
edge6: 227689 243787 2  0.6699  0.5828  0.736667  0
227689 5935 243787 
edge7: 225709 89776 2  0.6528  0.5246  0.78  0
225709 5935 89776 
edge8: 225709 243787 2  0.5236  0.5734  0.786667  0
225709 5935 243787 
pattern answer93:0
vertex1: 169594 1 0.85
vertex2: 68257 2 0.96
vertex3: 104288 2 0.63
vertex4: 141517 3 0.66
vertex5: 88058 3 0.51
edge1: 169594 68257 2  0.5856  0.6232  0.793333  0
169594 5867 68257 
edge2: 169594 104288 2  0.5612  0.6916  0.683333  0
169594 5867 104288 
edge3: 169594 141517 2  0.5246  0.7372  0.693333  0
169594 5867 141517 
edge4: 169594 88058 2  0.5307  0.7524  0.643333  0
169594 5867 88058 
edge5: 68257 141517 2  0.7998  0.582  0.73  0
68257 5867 141517 
edge6: 68257 88058 2  0.8091  0.594  0.68  0
68257 5867 88058 
edge7: 104288 141517 2  0.7568  0.5044  0.62  0
104288 5867 141517 
edge8: 104288 88058 2  0.7656  0.5148  0.57  0
104288 5867 88058 
pattern answer94:0
vertex1: 170535 1 0.61
vertex2: 414633 2 0.85
vertex3: 180712 2 0.73
vertex4: 482573 3 0.96
vertex5: 378803 3 0.9
edge1: 170535 414633 2  0.5964  0.782  0.813333  0
170535 271269 414633 
edge2: 170535 180712 2  0.639  0.6882  0.643333  0
170535 347569 180712 
edge3: 170535 482573 1  0.89  0.81  0.785  0
170535 482573 
edge4: 170535 378803 2  0.6225  0.8736  0.78  0
170535 258972 378803 
edge5: 414633 482573 2  0.658  0.66  0.83  0
414633 347545 482573 
edge6: 414633 378803 2  0.675  0.5632  0.916667  0
414633 37073 378803 
edge7: 180712 482573 2  0.588  0.6272  0.566667  0
180712 278871 482573 
edge8: 180712 378803 2  0.5644  0.6972  0.776667  0
180712 106356 378803 
pattern answer95:0
vertex1: 172239 1 0.59
vertex2: 225709 2 0.82
vertex3: 220927 2 0.93
vertex4: 243787 3 0.8
vertex5: 229383 3 0.85
edge1: 172239 225709 2  0.567  0.9108  0.716667  0
172239 5935 225709 
edge2: 172239 220927 2  0.504  0.7524  0.753333  0
172239 5935 220927 
edge3: 172239 243787 2  0.539  0.9306  0.71  0
172239 5935 243787 
edge4: 172239 229383 2  0.539  0.9108  0.726667  0
172239 5935 229383 
edge5: 225709 243787 2  0.5236  0.5734  0.786667  0
225709 5935 243787 
edge6: 225709 229383 2  0.5236  0.5612  0.803333  0
225709 5935 229383 
edge7: 220927 243787 2  0.5159  0.5452  0.823333  0
220927 5935 243787 
edge8: 220927 229383 2  0.5159  0.5336  0.84  0
220927 5935 229383 
pattern answer96:0
vertex1: 177413 1 0.85
vertex2: 66695 2 0.96
vertex3: 225709 2 0.82
vertex4: 89776 3 0.78
vertex5: 243787 3 0.8
edge1: 177413 66695 2  0.6106  0.6324  0.85  0
177413 5935 66695 
edge2: 177413 225709 2  0.6966  0.8556  0.803333  0
177413 5935 225709 
edge3: 177413 89776 2  0.8256  0.7998  0.79  0
177413 5935 89776 
edge4: 177413 243787 2  0.6622  0.8742  0.796667  0
177413 5935 243787 
edge5: 66695 89776 2  0.6336  0.516  0.826667  0
66695 5935 89776 
edge6: 66695 243787 2  0.5082  0.564  0.833333  0
66695 5935 243787 
edge7: 225709 89776 2  0.6528  0.5246  0.78  0
225709 5935 89776 
edge8: 225709 243787 2  0.5236  0.5734  0.786667  0
225709 5935 243787 
pattern answer97:0
vertex1: 178141 1 0.75
vertex2: 225709 2 0.82
vertex3: 220927 2 0.93
vertex4: 243787 3 0.8
vertex5: 229383 3 0.85
edge1: 178141 225709 2  0.6399  0.6348  0.77  0
178141 5935 225709 
edge2: 178141 220927 2  0.5688  0.5244  0.806667  0
178141 5935 220927 
edge3: 178141 243787 2  0.6083  0.6486  0.763333  0
178141 5935 243787 
edge4: 178141 229383 2  0.6083  0.6348  0.78  0
178141 5935 229383 
edge5: 225709 243787 2  0.5236  0.5734  0.786667  0
225709 5935 243787 
edge6: 225709 229383 2  0.5236  0.5612  0.803333  0
225709 5935 229383 
edge7: 220927 243787 2  0.5159  0.5452  0.823333  0
220927 5935 243787 
edge8: 220927 229383 2  0.5159  0.5336  0.84  0
220927 5935 229383 
pattern answer98:0
vertex1: 180959 1 0.93
vertex2: 225709 2 0.82
vertex3: 220927 2 0.93
vertex4: 243787 3 0.8
vertex5: 229383 3 0.85
edge1: 180959 225709 2  0.567  0.6716  0.83  0
180959 5935 225709 
edge2: 180959 220927 2  0.504  0.5548  0.866667  0
180959 5935 220927 
edge3: 180959 243787 2  0.539  0.6862  0.823333  0
180959 5935 243787 
edge4: 180959 229383 2  0.539  0.6716  0.84  0
180959 5935 229383 
edge5: 225709 243787 2  0.5236  0.5734  0.786667  0
225709 5935 243787 
edge6: 225709 229383 2  0.5236  0.5612  0.803333  0
225709 5935 229383 
edge7: 220927 243787 2  0.5159  0.5452  0.823333  0
220927 5935 243787 
edge8: 220927 229383 2  0.5159  0.5336  0.84  0
220927 5935 229383 
pattern answer99:0
vertex1: 181292 1 0.8
vertex2: 129258 2 0.56
vertex3: 68257 2 0.96
vertex4: 109944 3 0.69
vertex5: 16842 3 0.59
edge1: 181292 129258 2  0.588  0.5494  0.643333  0
181292 5867 129258 
edge2: 181292 68257 2  0.8064  0.5494  0.776667  0
181292 5867 68257 
edge3: 181292 109944 2  0.6552  0.5226  0.686667  0
181292 5867 109944 
edge4: 181292 16842 2  0.5208  0.5092  0.653333  0
181292 5867 16842 
edge5: 129258 109944 2  0.6438  0.8463  0.556667  0
129258 1891 109944 
edge6: 129258 16842 2  0.7178  0.5642  0.523333  0
129258 1891 16842 
edge7: 68257 109944 2  0.7656  0.8556  0.69  0
68257 1891 109944 
edge8: 68257 16842 2  0.8536  0.5704  0.656667  0
68257 1891 16842 
pattern answer100:0
vertex1: 182252 1 0.7
vertex2: 225709 2 0.82
vertex3: 220927 2 0.93
vertex4: 243787 3 0.8
vertex5: 229383 3 0.85
edge1: 182252 225709 2  0.567  0.6072  0.753333  0
182252 5935 225709 
edge2: 182252 220927 2  0.504  0.5016  0.79  0
182252 5935 220927 
edge3: 182252 243787 2  0.539  0.6204  0.746667  0
182252 5935 243787 
edge4: 182252 229383 2  0.539  0.6072  0.763333  0
182252 5935 229383 
edge5: 225709 243787 2  0.5236  0.5734  0.786667  0
225709 5935 243787 
edge6: 225709 229383 2  0.5236  0.5612  0.803333  0
225709 5935 229383 
edge7: 220927 243787 2  0.5159  0.5452  0.823333  0
220927 5935 243787 
edge8: 220927 229383 2  0.5159  0.5336  0.84  0
220927 5935 229383 
pattern answer101:0
vertex1: 184544 1 0.9
vertex2: 68257 2 0.96
vertex3: 104288 2 0.63
vertex4: 137344 3 0.5
vertex5: 141517 3 0.66
edge1: 184544 68257 2  0.768  0.6478  0.81  0
184544 5867 68257 
edge2: 184544 104288 2  0.736  0.7189  0.7  0
184544 5867 104288 
edge3: 184544 137344 2  0.504  0.7742  0.656667  0
184544 5867 137344 
edge4: 184544 141517 2  0.688  0.7663  0.71  0
184544 5867 141517 
edge5: 68257 137344 2  0.5859  0.588  0.676667  0
68257 5867 137344 
edge6: 68257 141517 2  0.7998  0.582  0.73  0
68257 5867 141517 
edge7: 104288 137344 2  0.5544  0.5096  0.566667  0
104288 5867 137344 
edge8: 104288 141517 2  0.7568  0.5044  0.62  0
104288 5867 141517 
pattern answer102:0
vertex1: 188031 1 0.67
vertex2: 227689 2 0.67
vertex3: 225709 2 0.82
vertex4: 89776 3 0.78
vertex5: 243787 3 0.8
edge1: 188031 227689 2  0.551  0.576  0.693333  0
188031 5935 227689 
edge2: 188031 225709 2  0.7695  0.6624  0.743333  0
188031 5935 225709 
edge3: 188031 89776 2  0.912  0.6192  0.73  0
188031 5935 89776 
edge4: 188031 243787 2  0.7315  0.6768  0.736667  0
188031 5935 243787 
edge5: 227689 89776 2  0.8352  0.5332  0.73  0
227689 5935 89776 
edge6: 227689 243787 2  0.6699  0.5828  0.736667  0
227689 5935 243787 
edge7: 225709 89776 2  0.6528  0.5246  0.78  0
225709 5935 89776 
edge8: 225709 243787 2  0.5236  0.5734  0.786667  0
225709 5935 243787 
pattern answer103:0
vertex1: 192189 1 0.6
vertex2: 66695 2 0.96
vertex3: 225709 2 0.82
vertex4: 89776 3 0.78
vertex5: 243787 3 0.8
edge1: 192189 66695 2  0.5893  0.544  0.766667  0
192189 5935 66695 
edge2: 192189 225709 2  0.6723  0.736  0.72  0
192189 5935 225709 
edge3: 192189 89776 2  0.7968  0.688  0.706667  0
192189 5935 89776 
edge4: 192189 243787 2  0.6391  0.752  0.713333  0
192189 5935 243787 
edge5: 66695 89776 2  0.6336  0.516  0.826667  0
66695 5935 89776 
edge6: 66695 243787 2  0.5082  0.564  0.833333  0
66695 5935 243787 
edge7: 225709 89776 2  0.6528  0.5246  0.78  0
225709 5935 89776 
edge8: 225709 243787 2  0.5236  0.5734  0.786667  0
225709 5935 243787 
pattern answer104:0
vertex1: 192509 1 0.64
vertex2: 66695 2 0.96
vertex3: 225709 2 0.82
vertex4: 89776 3 0.78
vertex5: 243787 3 0.8
edge1: 192509 66695 2  0.5183  0.6256  0.78  0
192509 5935 66695 
edge2: 192509 225709 2  0.5913  0.8464  0.733333  0
192509 5935 225709 
edge3: 192509 89776 2  0.7008  0.7912  0.72  0
192509 5935 89776 
edge4: 192509 243787 2  0.5621  0.8648  0.726667  0
192509 5935 243787 
edge5: 66695 89776 2  0.6336  0.516  0.826667  0
66695 5935 89776 
edge6: 66695 243787 2  0.5082  0.564  0.833333  0
66695 5935 243787 
edge7: 225709 89776 2  0.6528  0.5246  0.78  0
225709 5935 89776 
edge8: 225709 243787 2  0.5236  0.5734  0.786667  0
225709 5935 243787 
pattern answer105:0
vertex1: 197735 1 0.78
vertex2: 129258 2 0.56
vertex3: 68257 2 0.96
vertex4: 109944 3 0.69
vertex5: 16842 3 0.59
edge1: 197735 129258 2  0.574  0.6724  0.636667  0
197735 5867 129258 
edge2: 197735 68257 2  0.7872  0.6724  0.77  0
197735 5867 68257 
edge3: 197735 109944 2  0.6396  0.6396  0.68  0
197735 5867 109944 
edge4: 197735 16842 2  0.5084  0.6232  0.646667  0
197735 5867 16842 
edge5: 129258 109944 2  0.6438  0.8463  0.556667  0
129258 1891 109944 
edge6: 129258 16842 2  0.7178  0.5642  0.523333  0
129258 1891 16842 
edge7: 68257 109944 2  0.7656  0.8556  0.69  0
68257 1891 109944 
edge8: 68257 16842 2  0.8536  0.5704  0.656667  0
68257 1891 16842 
pattern answer106:0
vertex1: 207913 1 0.65
vertex2: 129258 2 0.56
vertex3: 73393 2 0.83
vertex4: 149545 3 0.59
vertex5: 66264 3 0.58
edge1: 207913 129258 2  0.609  0.7626  0.593333  0
207913 5867 129258 
edge2: 207913 73393 2  0.6873  0.8184  0.683333  0
207913 5867 73393 
edge3: 207913 149545 2  0.5133  0.7719  0.603333  0
207913 5867 149545 
edge4: 207913 66264 2  0.5307  0.5208  0.6  0
207913 5867 66264 
edge5: 129258 149545 2  0.6956  0.7462  0.523333  0
129258 1891 149545 
edge6: 129258 66264 2  0.7125  0.6966  0.52  0
129258 1830 66264 
edge7: 73393 149545 2  0.792  0.6076  0.613333  0
73393 1830 149545 
edge8: 73393 66264 2  0.6  0.5332  0.61  0
73393 1830 66264 
pattern answer107:0
vertex1: 211242 1 0.83
vertex2: 66695 2 0.96
vertex3: 225709 2 0.82
vertex4: 89776 3 0.78
vertex5: 243787 3 0.8
edge1: 211242 66695 2  0.5467  0.5304  0.843333  0
211242 5935 66695 
edge2: 211242 225709 2  0.6237  0.7176  0.796667  0
211242 5935 225709 
edge3: 211242 89776 2  0.7392  0.6708  0.783333  0
211242 5935 89776 
edge4: 211242 243787 2  0.5929  0.7332  0.79  0
211242 5935 243787 
edge5: 66695 89776 2  0.6336  0.516  0.826667  0
66695 5935 89776 
edge6: 66695 243787 2  0.5082  0.564  0.833333  0
66695 5935 243787 
edge7: 225709 89776 2  0.6528  0.5246  0.78  0
225709 5935 89776 
edge8: 225709 243787 2  0.5236  0.5734  0.786667  0
225709 5935 243787 
pattern answer108:0
vertex1: 214209 1 0.95
vertex2: 66695 2 0.96
vertex3: 225709 2 0.82
vertex4: 89776 3 0.78
vertex5: 243787 3 0.8
edge1: 214209 66695 2  0.5751  0.6596  0.883333  0
214209 5935 66695 
edge2: 214209 225709 2  0.6561  0.8924  0.836667  0
214209 5935 225709 
edge3: 214209 89776 2  0.7776  0.8342  0.823333  0
214209 5935 89776 
edge4: 214209 243787 2  0.6237  0.9118  0.83  0
214209 5935 243787 
edge5: 66695 89776 2  0.6336  0.516  0.826667  0
66695 5935 89776 
edge6: 66695 243787 2  0.5082  0.564  0.833333  0
66695 5935 243787 
edge7: 225709 89776 2  0.6528  0.5246  0.78  0
225709 5935 89776 
edge8: 225709 243787 2  0.5236  0.5734  0.786667  0
225709 5935 243787 
pattern answer109:0
vertex1: 217398 1 0.79
vertex2: 227689 2 0.67
vertex3: 225709 2 0.82
vertex4: 89776 3 0.78
vertex5: 243787 3 0.8
edge1: 217398 227689 2  0.5394  0.512  0.733333  0
217398 5935 227689 
edge2: 217398 225709 2  0.7533  0.5888  0.783333  0
217398 5935 225709 
edge3: 217398 89776 2  0.8928  0.5504  0.77  0
217398 5935 89776 
edge4: 217398 243787 2  0.7161  0.6016  0.776667  0
217398 5935 243787 
edge5: 227689 89776 2  0.8352  0.5332  0.73  0
227689 5935 89776 
edge6: 227689 243787 2  0.6699  0.5828  0.736667  0
227689 5935 243787 
edge7: 225709 89776 2  0.6528  0.5246  0.78  0
225709 5935 89776 
edge8: 225709 243787 2  0.5236  0.5734  0.786667  0
225709 5935 243787 
pattern answer110:0
vertex1: 220037 1 0.63
vertex2: 220704 2 0.81
vertex3: 848107 2 0.75
vertex4: 719557 3 0.66
vertex5: 633469 3 0.91
edge1: 220037 220704 1  0.73  0.7  0.72  0
220037 220704 
edge2: 220037 848107 2  0.5625  0.5546  0.576667  0
220037 95284 848107 
edge3: 220037 719557 2  0.705  0.5358  0.546667  0
220037 95284 719557 
edge4: 220037 633469 2  0.5767  0.602  0.783333  0
220037 220704 633469 
edge5: 220704 719557 2  0.7007  0.738  0.523333  0
220704 220133 719557 
edge6: 220704 633469 1  0.79  0.86  0.86  0
220704 633469 
edge7: 848107 719557 2  0.5278  0.5589  0.783333  0
848107 1022326 719557 
edge8: 848107 633469 2  0.6952  0.5246  0.823333  0
848107 220704 633469 
pattern answer111:0
vertex1: 222064 1 0.51
vertex2: 225709 2 0.82
vertex3: 220927 2 0.93
vertex4: 243787 3 0.8
vertex5: 229383 3 0.85
edge1: 222064 225709 2  0.567  0.7084  0.69  0
222064 5935 225709 
edge2: 222064 220927 2  0.504  0.5852  0.726667  0
222064 5935 220927 
edge3: 222064 243787 2  0.539  0.7238  0.683333  0
222064 5935 243787 
edge4: 222064 229383 2  0.539  0.7084  0.7  0
222064 5935 229383 
edge5: 225709 243787 2  0.5236  0.5734  0.786667  0
225709 5935 243787 
edge6: 225709 229383 2  0.5236  0.5612  0.803333  0
225709 5935 229383 
edge7: 220927 243787 2  0.5159  0.5452  0.823333  0
220927 5935 243787 
edge8: 220927 229383 2  0.5159  0.5336  0.84  0
220927 5935 229383 
pattern answer112:0
vertex1: 223352 1 0.66
vertex2: 227689 2 0.67
vertex3: 225709 2 0.82
vertex4: 89776 3 0.78
vertex5: 243787 3 0.8
edge1: 223352 227689 2  0.551  0.512  0.69  0
223352 5935 227689 
edge2: 223352 225709 2  0.7695  0.5888  0.74  0
223352 5935 225709 
edge3: 223352 89776 2  0.912  0.5504  0.726667  0
223352 5935 89776 
edge4: 223352 243787 2  0.7315  0.6016  0.733333  0
223352 5935 243787 
edge5: 227689 89776 2  0.8352  0.5332  0.73  0
227689 5935 89776 
edge6: 227689 243787 2  0.6699  0.5828  0.736667  0
227689 5935 243787 
edge7: 225709 89776 2  0.6528  0.5246  0.78  0
225709 5935 89776 
edge8: 225709 243787 2  0.5236  0.5734  0.786667  0
225709 5935 243787 
pattern answer113:0
vertex1: 226385 1 0.97
vertex2: 66695 2 0.96
vertex3: 225709 2 0.82
vertex4: 89776 3 0.78
vertex5: 243787 3 0.8
edge1: 226385 66695 2  0.5325  0.5508  0.89  0
226385 5935 66695 
edge2: 226385 225709 2  0.6075  0.7452  0.843333  0
226385 5935 225709 
edge3: 226385 89776 2  0.72  0.6966  0.83  0
226385 5935 89776 
edge4: 226385 243787 2  0.5775  0.7614  0.836667  0
226385 5935 243787 
edge5: 66695 89776 2  0.6336  0.516  0.826667  0
66695 5935 89776 
edge6: 66695 243787 2  0.5082  0.564  0.833333  0
66695 5935 243787 
edge7: 225709 89776 2  0.6528  0.5246  0.78  0
225709 5935 89776 
edge8: 225709 243787 2  0.5236  0.5734  0.786667  0
225709 5935 243787 
pattern answer114:0
vertex1: 229990 1 0.58
vertex2: 66695 2 0.96
vertex3: 225709 2 0.82
vertex4: 89776 3 0.78
vertex5: 243787 3 0.8
edge1: 229990 66695 2  0.5467  0.5848  0.76  0
229990 5935 66695 
edge2: 229990 225709 2  0.6237  0.7912  0.713333  0
229990 5935 225709 
edge3: 229990 89776 2  0.7392  0.7396  0.7  0
229990 5935 89776 
edge4: 229990 243787 2  0.5929  0.8084  0.706667  0
229990 5935 243787 
edge5: 66695 89776 2  0.6336  0.516  0.826667  0
66695 5935 89776 
edge6: 66695 243787 2  0.5082  0.564  0.833333  0
66695 5935 243787 
edge7: 225709 89776 2  0.6528  0.5246  0.78  0
225709 5935 89776 
edge8: 225709 243787 2  0.5236  0.5734  0.786667  0
225709 5935 243787 
pattern answer115:0
vertex1: 232154 1 0.64
vertex2: 66695 2 0.96
vertex3: 225709 2 0.82
vertex4: 89776 3 0.78
vertex5: 243787 3 0.8
edge1: 232154 66695 2  0.5893  0.646  0.78  0
232154 5935 66695 
edge2: 232154 225709 2  0.6723  0.874  0.733333  0
232154 5935 225709 
edge3: 232154 89776 2  0.7968  0.817  0.72  0
232154 5935 89776 
edge4: 232154 243787 2  0.6391  0.893  0.726667  0
232154 5935 243787 
edge5: 66695 89776 2  0.6336  0.516  0.826667  0
66695 5935 89776 
edge6: 66695 243787 2  0.5082  0.564  0.833333  0
66695 5935 243787 
edge7: 225709 89776 2  0.6528  0.5246  0.78  0
225709 5935 89776 
edge8: 225709 243787 2  0.5236  0.5734  0.786667  0
225709 5935 243787 
pattern answer116:0
vertex1: 242349 1 0.79
vertex2: 66695 2 0.96
vertex3: 227689 2 0.67
vertex4: 89776 3 0.78
vertex5: 243787 3 0.8
edge1: 242349 66695 2  0.6248  0.578  0.83  0
242349 5935 66695 
edge2: 242349 227689 2  0.5104  0.68  0.733333  0
242349 5935 227689 
edge3: 242349 89776 2  0.8448  0.731  0.77  0
242349 5935 89776 
edge4: 242349 243787 2  0.6776  0.799  0.776667  0
242349 5935 243787 
edge5: 66695 89776 2  0.6336  0.516  0.826667  0
66695 5935 89776 
edge6: 66695 243787 2  0.5082  0.564  0.833333  0
66695 5935 243787 
edge7: 227689 89776 2  0.8352  0.5332  0.73  0
227689 5935 89776 
edge8: 227689 243787 2  0.6699  0.5828  0.736667  0
227689 5935 243787 
pattern answer117:0
vertex1: 242513 1 0.8
vertex2: 225709 2 0.82
vertex3: 249704 2 1
vertex4: 243787 3 0.8
vertex5: 229383 3 0.85
edge1: 242513 225709 2  0.6804  0.5152  0.786667  0
242513 5935 225709 
edge2: 242513 249704 2  0.5124  0.5432  0.846667  0
242513 5935 249704 
edge3: 242513 243787 2  0.6468  0.5264  0.78  0
242513 5935 243787 
edge4: 242513 229383 2  0.6468  0.5152  0.796667  0
242513 5935 229383 
edge5: 225709 243787 2  0.5236  0.5734  0.786667  0
225709 5935 243787 
edge6: 225709 229383 2  0.5236  0.5612  0.803333  0
225709 5935 229383 
edge7: 249704 243787 2  0.5159  0.8178  0.846667  0
249704 5935 243787 
edge8: 249704 229383 2  0.5159  0.8004  0.863333  0
249704 5935 229383 
pattern answer118:0
vertex1: 250744 1 0.97
vertex2: 66695 2 0.96
vertex3: 225709 2 0.82
vertex4: 89776 3 0.78
vertex5: 243787 3 0.8
edge1: 250744 66695 2  0.5893  0.6528  0.89  0
250744 5935 66695 
edge2: 250744 225709 2  0.6723  0.8832  0.843333  0
250744 5935 225709 
edge3: 250744 89776 2  0.7968  0.8256  0.83  0
250744 5935 89776 
edge4: 250744 243787 2  0.6391  0.9024  0.836667  0
250744 5935 243787 
edge5: 66695 89776 2  0.6336  0.516  0.826667  0
66695 5935 89776 
edge6: 66695 243787 2  0.5082  0.564  0.833333  0
66695 5935 243787 
edge7: 225709 89776 2  0.6528  0.5246  0.78  0
225709 5935 89776 
edge8: 225709 243787 2  0.5236  0.5734  0.786667  0
225709 5935 243787 
pattern answer119:0
vertex1: 254184 1 0.74
vertex2: 225709 2 0.82
vertex3: 249704 2 1
vertex4: 89776 3 0.78
vertex5: 243787 3 0.8
edge1: 254184 225709 2  0.6804  0.5796  0.766667  0
254184 5935 225709 
edge2: 254184 249704 2  0.5124  0.6111  0.826667  0
254184 5935 249704 
edge3: 254184 89776 2  0.8064  0.5418  0.753333  0
254184 5935 89776 
edge4: 254184 243787 2  0.6468  0.5922  0.76  0
254184 5935 243787 
edge5: 225709 89776 2  0.6528  0.5246  0.78  0
225709 5935 89776 
edge6: 225709 243787 2  0.5236  0.5734  0.786667  0
225709 5935 243787 
edge7: 249704 89776 2  0.6432  0.7482  0.84  0
249704 5935 89776 
edge8: 249704 243787 2  0.5159  0.8178  0.846667  0
249704 5935 243787 
pattern answer120:0
vertex1: 256296 1 0.59
vertex2: 225709 2 0.82
vertex3: 220927 2 0.93
vertex4: 243787 3 0.8
vertex5: 229383 3 0.85
edge1: 256296 225709 2  0.567  0.69  0.716667  0
256296 5935 225709 
edge2: 256296 220927 2  0.504  0.57  0.753333  0
256296 5935 220927 
edge3: 256296 243787 2  0.539  0.705  0.71  0
256296 5935 243787 
edge4: 256296 229383 2  0.539  0.69  0.726667  0
256296 5935 229383 
edge5: 225709 243787 2  0.5236  0.5734  0.786667  0
225709 5935 243787 
edge6: 225709 229383 2  0.5236  0.5612  0.803333  0
225709 5935 229383 
edge7: 220927 243787 2  0.5159  0.5452  0.823333  0
220927 5935 243787 
edge8: 220927 229383 2  0.5159  0.5336  0.84  0
220927 5935 229383 
pattern answer121:0
vertex1: 256786 1 0.6
vertex2: 66695 2 0.96
vertex3: 227689 2 0.67
vertex4: 89776 3 0.78
vertex5: 243787 3 0.8
edge1: 256786 66695 2  0.6461  0.5644  0.766667  0
256786 5935 66695 
edge2: 256786 227689 2  0.5278  0.664  0.67  0
256786 5935 227689 
edge3: 256786 89776 2  0.8736  0.7138  0.706667  0
256786 5935 89776 
edge4: 256786 243787 2  0.7007  0.7802  0.713333  0
256786 5935 243787 
edge5: 66695 89776 2  0.6336  0.516  0.826667  0
66695 5935 89776 
edge6: 66695 243787 2  0.5082  0.564  0.833333  0
66695 5935 243787 
edge7: 227689 89776 2  0.8352  0.5332  0.73  0
227689 5935 89776 
edge8: 227689 243787 2  0.6699  0.5828  0.736667  0
227689 5935 243787 
pattern answer122:0
vertex1: 422427 1 0.69
vertex2: 74054 2 0.61
vertex3: 261715 2 0.77
vertex4: 49785 3 0.95
vertex5: 86657 3 0.7
edge1: 422427 74054 1  0.98  0.81  0.65  0
422427 74054 
edge2: 422427 261715 2  0.9016  0.5265  0.69  0
422427 74054 261715 
edge3: 422427 49785 2  0.874  0.7252  0.56  0
422427 73853 49785 
edge4: 422427 86657 2  0.609  0.5658  0.743333  0
422427 548665 86657 
edge5: 74054 49785 2  0.5402  0.6432  0.713333  0
74054 262974 49785 
edge6: 74054 86657 1  0.76  0.66  0.655  0
74054 86657 
edge7: 261715 49785 2  0.7476  0.712  0.663333  0
261715 115530 49785 
edge8: 261715 86657 2  0.657  0.7332  0.573333  0
261715 547489 86657 
pattern answer123:0
vertex1: 537337 1 0.51
vertex2: 91779 2 0.6
vertex3: 629013 2 0.68
vertex4: 484659 3 0.5
vertex5: 695922 3 0.58
edge1: 537337 91779 2  0.9212  0.5394  0.536667  0
537337 484659 91779 
edge2: 537337 629013 1  0.61  0.65  0.595  0
537337 629013 
edge3: 537337 484659 2  0.8928  0.7426  0.523333  0
537337 415231 484659 
edge4: 537337 695922 1  0.64  0.91  0.545  0
537337 695922 
edge5: 91779 484659 1  0.84  0.91  0.55  0
91779 484659 
edge6: 91779 695922 2  0.7056  0.8645  0.56  0
91779 484659 695922 
edge7: 629013 484659 2  0.7896  0.6789  0.563333  0
629013 537337 484659 
edge8: 629013 695922 2  0.5376  0.6643  0.59  0
629013 537337 695922 
pattern answer124:0
