pattern answer1:
vertex1: 节点个数 1
41 1 0.57
vertex2: 节点个数 2
42 2 0.51
47 2 0.64
vertex3: 节点个数 2
49 3 0.97
74 3 0.81
vertex4: 节点个数 2
67 4 0.78
75 4 0.54
edge_match: 
from 1 to 3 matchnode 41

41 49 3  0.52822  0.614916  0.8125  4.94066e-324
41 74 1  0.97  0.65  0.69  4.94066e-324
edge_match: 
from 2 to 4 matchnode 42

42 67 2  0.5063  0.5175  0.616667  1.97626e-322
42 75 1  0.55  0.79  0.525  2.71736e-322
from 2 to 4 matchnode 47

47 67 3  0.500905  0.5922  0.76  1.97626e-322
47 75 2  0.5964  0.6675  0.676667  2.71736e-322
edge_match: 
from 3 to 1 matchnode 49

49 41 3  0.598975  0.68544  0.6525  1.97626e-323
from 3 to 1 matchnode 74

74 41 3  0.59584  0.7776  0.5775  1.97626e-323
edge_match: 
from 4 to 1 matchnode 67

67 41 3  0.9408  0.62415  0.5675  1.23516e-322
from 4 to 1 matchnode 75

75 41 1  0.93  0.87  0.555  1.23516e-322

pattern answer2:
vertex1: 节点个数 1
44 1 0.9
vertex2: 节点个数 2
42 2 0.51
47 2 0.64
vertex3: 节点个数 2
49 3 0.97
74 3 0.81
vertex4: 节点个数 2
67 4 0.78
75 4 0.54
edge_match: 
from 1 to 3 matchnode 44

44 49 2  0.6664  0.672  0.8  4.94066e-324
44 74 2  0.68  0.6552  0.746667  4.94066e-324
edge_match: 
from 2 to 4 matchnode 42

42 67 2  0.5063  0.5175  0.616667  1.97626e-322
42 75 1  0.55  0.79  0.525  2.71736e-322
from 2 to 4 matchnode 47

47 67 3  0.500905  0.5922  0.76  1.97626e-322
47 75 2  0.5964  0.6675  0.676667  2.71736e-322
edge_match: 
from 3 to 1 matchnode 49

49 44 3  0.632016  0.752752  0.5775  4.85686e-318
from 3 to 1 matchnode 74

74 44 1  0.57  0.92  0.855  4.85686e-318
edge_match: 
from 4 to 1 matchnode 67

67 44 3  0.8736  0.56867  0.65  5.03947e-322
from 4 to 1 matchnode 75

75 44 3  0.61101  0.5022  0.535  5.03947e-322

pattern answer3:
vertex1: 节点个数 1
46 1 0.8
vertex2: 节点个数 2
137 2 0.75
187 2 0.54
vertex3: 节点个数 2
74 3 0.81
729 3 0.94
vertex4: 节点个数 2
75 4 0.54
94 4 0.85
edge_match: 
from 1 to 3 matchnode 46

46 74 3  0.72864  0.565728  0.6  4.94066e-324
46 729 3  0.65076  0.856704  0.535  4.94066e-324
edge_match: 
from 2 to 4 matchnode 137

137 75 3  0.590604  0.7298  0.75  2.71736e-322
137 94 3  0.523218  0.6264  0.71  0
from 2 to 4 matchnode 187

187 75 3  0.8134  0.573852  0.61  2.71736e-322
187 94 3  0.551348  0.6984  0.6575  0
edge_match: 
from 3 to 1 matchnode 74

74 46 2  0.8536  0.7722  0.786667  6.95335e-310
from 3 to 1 matchnode 729

729 46 3  0.6402  0.687258  0.825  6.95335e-310
edge_match: 
from 4 to 1 matchnode 75

75 46 2  0.6952  0.6072  0.52  1.72923e-322
from 4 to 1 matchnode 94

94 46 2  0.5063  0.6536  0.78  1.72923e-322

pattern answer4:
vertex1: 节点个数 1
83 1 0.86
vertex2: 节点个数 2
485 2 0.93
10029 2 0.5
vertex3: 节点个数 2
49 3 0.97
74 3 0.81
vertex4: 节点个数 2
32 4 0.54
67 4 0.78
edge_match: 
from 1 to 3 matchnode 83

83 49 2  0.5734  0.6417  0.663333  4.94066e-324
83 74 2  0.5082  0.6745  0.706667  4.94066e-324
edge_match: 
from 2 to 4 matchnode 485

485 32 3  0.547468  0.50141  0.645  8.3003e-322
485 67 3  0.520344  0.620994  0.58  1.97626e-322
from 2 to 4 matchnode 10029

10029 32 3  0.51765  0.54978  0.5  8.3003e-322
10029 67 3  0.567644  0.59983  0.62  1.97626e-322
edge_match: 
from 3 to 1 matchnode 49

49 83 3  0.6408  0.71442  0.73  4.85686e-318
from 3 to 1 matchnode 74

74 83 2  0.6232  0.72  0.786667  4.85686e-318
edge_match: 
from 4 to 1 matchnode 32

32 83 3  0.708102  0.569296  0.79  3.55727e-322
from 4 to 1 matchnode 67

67 83 3  0.567858  0.632316  0.5125  3.55727e-322

pattern answer5:
vertex1: 节点个数 1
203 1 0.97
vertex2: 节点个数 2
42 2 0.51
47 2 0.64
vertex3: 节点个数 2
74 3 0.81
380 3 0.91
vertex4: 节点个数 2
75 4 0.54
122 4 1
edge_match: 
from 1 to 3 matchnode 203

203 74 2  0.6351  0.5551  0.86  4.94066e-324
203 380 3  0.646  0.646536  0.76  4.94066e-324
edge_match: 
from 2 to 4 matchnode 42

42 75 1  0.55  0.79  0.525  2.71736e-322
42 122 3  0.582048  0.554224  0.65  0
from 2 to 4 matchnode 47

47 75 2  0.5964  0.6675  0.676667  2.71736e-322
47 122 3  0.525045  0.5499  0.815  0
edge_match: 
from 3 to 1 matchnode 74

74 203 3  0.6783  0.839232  0.7525  6.95335e-310
from 3 to 1 matchnode 380

380 203 3  0.588588  0.657248  0.84  6.95335e-310
edge_match: 
from 4 to 1 matchnode 75

75 203 3  0.665028  0.82156  0.7475  9.38725e-323
from 4 to 1 matchnode 122

122 203 1  0.9  0.52  0.985  9.38725e-323

pattern answer6:
vertex1: 节点个数 1
443 1 0.87
vertex2: 节点个数 2
42 2 0.51
137 2 0.75
vertex3: 节点个数 2
49 3 0.97
74 3 0.81
vertex4: 节点个数 2
75 4 0.54
89 4 0.77
edge_match: 
from 1 to 3 matchnode 443

443 49 2  0.5332  0.551  0.86  4.94066e-324
443 74 3  0.912  0.749034  0.7325  4.94066e-324
edge_match: 
from 2 to 4 matchnode 42

42 75 1  0.55  0.79  0.525  2.71736e-322
42 89 2  0.8554  0.6499  0.716667  0
from 2 to 4 matchnode 137

137 75 3  0.590604  0.7298  0.75  2.71736e-322
137 89 3  0.830304  0.827022  0.715  0
edge_match: 
from 3 to 1 matchnode 49

49 443 2  0.8  0.7695  0.77  6.95335e-310
from 3 to 1 matchnode 74

74 443 2  0.98  0.6555  0.716667  6.95335e-310
edge_match: 
from 4 to 1 matchnode 75

75 443 2  0.63  0.6745  0.626667  3.45846e-322
from 4 to 1 matchnode 89

89 443 2  0.85  0.8645  0.703333  3.45846e-322

pattern answer7:
vertex1: 节点个数 1
444 1 0.54
vertex2: 节点个数 2
47 2 0.64
100 2 0.89
vertex3: 节点个数 2
2104 3 0.8
3932 3 0.94
vertex4: 节点个数 2
67 4 0.78
210 4 0.82
edge_match: 
from 1 to 3 matchnode 444

444 2104 3  0.560142  0.73508  0.625  4.94066e-324
444 3932 3  0.67221  0.63726  0.675  4.94066e-324
edge_match: 
from 2 to 4 matchnode 47

47 67 3  0.500905  0.5922  0.76  1.97626e-322
47 210 3  0.56595  0.55986  0.7925  0
from 2 to 4 matchnode 100

100 67 3  0.6916  0.517275  0.705  1.97626e-322
100 210 2  0.6675  0.5848  0.826667  0
edge_match: 
from 3 to 1 matchnode 2104

2104 444 3  0.7098  0.74385  0.69  4.85686e-318
from 3 to 1 matchnode 3932

3932 444 2  0.5546  0.5103  0.506667  4.85686e-318
edge_match: 
from 4 to 1 matchnode 67

67 444 3  0.7566  0.57285  0.685  1.03754e-322
from 4 to 1 matchnode 210

210 444 3  0.656208  0.7144  0.7225  1.03754e-322

pattern answer8:
vertex1: 节点个数 1
543 1 1
vertex2: 节点个数 2
63 2 0.52
100 2 0.89
vertex3: 节点个数 2
805 3 0.63
1002 3 0.55
vertex4: 节点个数 2
1401 4 0.98
2088 4 0.71
edge_match: 
from 1 to 3 matchnode 543

543 805 3  0.537138  0.62568  0.7825  4.94066e-324
543 1002 2  0.705  0.6417  0.766667  4.94066e-324
edge_match: 
from 2 to 4 matchnode 63

63 1401 2  0.6006  0.534  0.69  1.97626e-322
63 2088 3  0.7084  0.513513  0.59  3.85371e-322
from 2 to 4 matchnode 100

100 1401 2  0.7872  0.8415  0.87  1.97626e-322
100 2088 3  0.595595  0.52136  0.5125  3.85371e-322
edge_match: 
from 3 to 1 matchnode 805

805 543 3  0.615342  0.54126  0.7575  0
from 3 to 1 matchnode 1002

1002 543 3  0.658168  0.5472  0.745  0
edge_match: 
from 4 to 1 matchnode 1401

1401 543 3  0.568008  0.5358  0.9275  1.97626e-323
from 4 to 1 matchnode 2088

2088 543 3  0.599808  0.766948  0.8025  1.97626e-323

pattern answer9:
vertex1: 节点个数 1
549 1 0.53
vertex2: 节点个数 2
42 2 0.51
47 2 0.64
vertex3: 节点个数 2
49 3 0.97
393 3 0.66
vertex4: 节点个数 2
67 4 0.78
75 4 0.54
edge_match: 
from 1 to 3 matchnode 549

549 49 1  0.98  0.8  0.75  4.94066e-324
549 393 3  0.522192  0.5538  0.6  4.94066e-324
edge_match: 
from 2 to 4 matchnode 42

42 67 2  0.5063  0.5175  0.616667  1.97626e-322
42 75 1  0.55  0.79  0.525  2.71736e-322
from 2 to 4 matchnode 47

47 67 3  0.500905  0.5922  0.76  1.97626e-322
47 75 2  0.5964  0.6675  0.676667  2.71736e-322
edge_match: 
from 3 to 1 matchnode 49

49 549 2  0.8036  0.6888  0.696667  4.85686e-318
from 3 to 1 matchnode 393

393 549 2  0.6164  0.624  0.643333  4.85686e-318
edge_match: 
from 4 to 1 matchnode 67

67 549 3  0.67032  0.70308  0.6925  4.496e-322
from 4 to 1 matchnode 75

75 549 2  0.5829  0.6175  0.603333  4.496e-322

pattern answer10:
vertex1: 节点个数 1
745 1 0.67
vertex2: 节点个数 2
42 2 0.51
100 2 0.89
vertex3: 节点个数 2
49 3 0.97
751 3 0.98
vertex4: 节点个数 2
67 4 0.78
89 4 0.77
edge_match: 
from 1 to 3 matchnode 745

745 49 3  0.555093  0.650256  0.5725  4.94066e-324
745 751 3  0.801  0.526516  0.655  4.94066e-324
edge_match: 
from 2 to 4 matchnode 42

42 67 2  0.5063  0.5175  0.616667  1.97626e-322
42 89 2  0.8554  0.6499  0.716667  0
from 2 to 4 matchnode 100

100 67 3  0.6916  0.517275  0.705  1.97626e-322
100 89 3  0.64974  0.63826  0.71  0
edge_match: 
from 3 to 1 matchnode 49

49 745 2  0.52  0.567  0.866667  6.95335e-310
from 3 to 1 matchnode 751

751 745 2  0.5632  0.8036  0.82  6.95335e-310
edge_match: 
from 4 to 1 matchnode 67

67 745 2  0.6142  0.533  0.523333  2.12448e-322
from 4 to 1 matchnode 89

89 745 3  0.663  0.62244  0.695  2.12448e-322

pattern answer11:
vertex1: 节点个数 1
768 1 0.96
vertex2: 节点个数 2
47 2 0.64
137 2 0.75
vertex3: 节点个数 2
978 3 0.7
1032 3 0.63
vertex4: 节点个数 2
75 4 0.54
354 4 0.99
edge_match: 
from 1 to 3 matchnode 768

768 978 3  0.662904  0.54144  0.6975  4.94066e-324
768 1032 3  0.505908  0.515088  0.67  4.94066e-324
edge_match: 
from 2 to 4 matchnode 47

47 75 2  0.5964  0.6675  0.676667  2.71736e-322
47 354 3  0.617463  0.66542  0.6475  0
from 2 to 4 matchnode 137

137 75 3  0.590604  0.7298  0.75  2.71736e-322
137 354 3  0.5508  0.64  0.8025  0
edge_match: 
from 3 to 1 matchnode 978

978 768 3  0.788832  0.524394  0.6325  6.95335e-310
from 3 to 1 matchnode 1032

1032 768 3  0.52421  0.523848  0.7925  6.95335e-310
edge_match: 
from 4 to 1 matchnode 75

75 768 2  0.5238  0.5002  0.803333  4.44659e-323
from 4 to 1 matchnode 354

354 768 2  0.657  0.5612  0.93  4.44659e-323

pattern answer12:
vertex1: 节点个数 1
789 1 0.87
vertex2: 节点个数 2
42 2 0.51
47 2 0.64
vertex3: 节点个数 2
74 3 0.81
620 3 0.79
vertex4: 节点个数 2
67 4 0.78
75 4 0.54
edge_match: 
from 1 to 3 matchnode 789

789 74 2  0.8736  0.5607  0.806667  4.94066e-324
789 620 3  0.63423  0.660182  0.525  4.94066e-324
edge_match: 
from 2 to 4 matchnode 42

42 67 2  0.5063  0.5175  0.616667  1.97626e-322
42 75 1  0.55  0.79  0.525  2.71736e-322
from 2 to 4 matchnode 47

47 67 3  0.500905  0.5922  0.76  1.97626e-322
47 75 2  0.5964  0.6675  0.676667  2.71736e-322
edge_match: 
from 3 to 1 matchnode 74

74 789 1  0.79  0.72  0.84  6.95335e-310
from 3 to 1 matchnode 620

620 789 2  0.5848  0.9025  0.7  6.95335e-310
edge_match: 
from 4 to 1 matchnode 67

67 789 3  0.70713  0.578411  0.7925  3.7549e-322
from 4 to 1 matchnode 75

75 789 2  0.8736  0.712  0.533333  3.7549e-322

pattern answer13:
vertex1: 节点个数 1
846 1 0.89
vertex2: 节点个数 2
485 2 0.93
1098 2 0.76
vertex3: 节点个数 2
49 3 0.97
74 3 0.81
vertex4: 节点个数 2
32 4 0.54
210 4 0.82
edge_match: 
from 1 to 3 matchnode 846

846 49 3  0.558  0.51798  0.7725  4.94066e-324
846 74 2  0.7326  0.5082  0.57  4.94066e-324
edge_match: 
from 2 to 4 matchnode 485

485 32 3  0.547468  0.50141  0.645  8.3003e-322
485 210 3  0.5475  0.505164  0.77  0
from 2 to 4 matchnode 1098

1098 32 3  0.601916  0.608  0.56  8.3003e-322
1098 210 3  0.5166  0.6664  0.5125  0
edge_match: 
from 3 to 1 matchnode 49

49 846 2  0.6232  0.552  0.85  0
from 3 to 1 matchnode 74

74 846 3  0.718536  0.678528  0.8725  0
edge_match: 
from 4 to 1 matchnode 32

32 846 2  0.5481  0.6375  0.55  2.2727e-322
from 4 to 1 matchnode 210

210 846 3  0.56867  0.591624  0.5575  2.2727e-322

pattern answer14:
vertex1: 节点个数 1
1145 1 0.92
vertex2: 节点个数 2
2860 2 0.97
8571 2 0.55
vertex3: 节点个数 2
49 3 0.97
175 3 0.72
vertex4: 节点个数 2
413 4 0.64
530 4 0.5
edge_match: 
from 1 to 3 matchnode 1145

1145 49 2  0.6264  0.6237  0.766667  4.94066e-324
1145 175 3  0.517055  0.602454  0.6525  4.94066e-324
edge_match: 
from 2 to 4 matchnode 2860

2860 413 3  0.71687  0.598388  0.655  1.14623e-321
2860 530 2  0.5428  0.61  0.633333  3.0138e-322
from 2 to 4 matchnode 8571

8571 413 3  0.514878  0.633696  0.625  1.14623e-321
8571 530 2  0.546  0.5494  0.653333  3.0138e-322
edge_match: 
from 3 to 1 matchnode 49

49 1145 3  0.5499  0.613536  0.6075  6.95335e-310
from 3 to 1 matchnode 175

175 1145 2  0.5335  0.744  0.836667  6.95335e-310
edge_match: 
from 4 to 1 matchnode 413

413 1145 3  0.539748  0.53618  0.6425  4.94066e-323
from 4 to 1 matchnode 530

530 1145 3  0.72333  0.524892  0.62  4.94066e-323

pattern answer15:
vertex1: 节点个数 1
1167 1 0.91
vertex2: 节点个数 2
42 2 0.51
137 2 0.75
vertex3: 节点个数 2
49 3 0.97
74 3 0.81
vertex4: 节点个数 2
75 4 0.54
89 4 0.77
edge_match: 
from 1 to 3 matchnode 1167

1167 49 2  0.7275  0.5022  0.786667  4.94066e-324
1167 74 2  0.6975  0.6586  0.886667  4.94066e-324
edge_match: 
from 2 to 4 matchnode 42

42 75 1  0.55  0.79  0.525  2.71736e-322
42 89 2  0.8554  0.6499  0.716667  0
from 2 to 4 matchnode 137

137 75 3  0.590604  0.7298  0.75  2.71736e-322
137 89 3  0.830304  0.827022  0.715  0
edge_match: 
from 3 to 1 matchnode 49

49 1167 3  0.70488  0.82863  0.875  4.85686e-318
from 3 to 1 matchnode 74

74 1167 3  0.6068  0.524032  0.7625  4.85686e-318
edge_match: 
from 4 to 1 matchnode 75

75 1167 2  0.6696  0.7371  0.61  3.60668e-322
from 4 to 1 matchnode 89

89 1167 3  0.548208  0.636272  0.7275  3.60668e-322

pattern answer16:
vertex1: 节点个数 1
1272 1 0.97
vertex2: 节点个数 2
42 2 0.51
100 2 0.89
vertex3: 节点个数 2
49 3 0.97
74 3 0.81
vertex4: 节点个数 2
67 4 0.78
89 4 0.77
edge_match: 
from 1 to 3 matchnode 1272

1272 49 2  0.8019  0.5673  0.82  4.94066e-324
1272 74 3  0.51759  0.69654  0.665  4.94066e-324
edge_match: 
from 2 to 4 matchnode 42

42 67 2  0.5063  0.5175  0.616667  1.97626e-322
42 89 2  0.8554  0.6499  0.716667  0
from 2 to 4 matchnode 100

100 67 3  0.6916  0.517275  0.705  1.97626e-322
100 89 3  0.64974  0.63826  0.71  0
edge_match: 
from 3 to 1 matchnode 49

49 1272 3  0.61541  0.60858  0.8225  6.95335e-310
from 3 to 1 matchnode 74

74 1272 3  0.5576  0.518336  0.7775  6.95335e-310
edge_match: 
from 4 to 1 matchnode 67

67 1272 3  0.61335  0.525888  0.6575  1.5316e-322
from 4 to 1 matchnode 89

89 1272 3  0.765576  0.70218  0.6925  1.5316e-322

pattern answer17:
vertex1: 节点个数 1
1400 1 0.64
vertex2: 节点个数 2
100 2 0.89
137 2 0.75
vertex3: 节点个数 2
1613 3 0.68
2034 3 0.74
vertex4: 节点个数 2
89 4 0.77
155 4 0.76
edge_match: 
from 1 to 3 matchnode 1400

1400 1613 2  0.7315  0.6075  0.763333  4.94066e-324
1400 2034 3  0.610906  0.6137  0.535  4.94066e-324
edge_match: 
from 2 to 4 matchnode 100

100 89 3  0.64974  0.63826  0.71  0
100 155 3  0.606816  0.68796  0.775  0
from 2 to 4 matchnode 137

137 89 3  0.830304  0.827022  0.715  0
137 155 3  0.741024  0.531657  0.67  0
edge_match: 
from 3 to 1 matchnode 1613

1613 1400 3  0.5952  0.5292  0.57  6.95335e-310
from 3 to 1 matchnode 2034

2034 1400 2  0.5934  0.5451  0.58  6.95335e-310
edge_match: 
from 4 to 1 matchnode 89

89 1400 3  0.811146  0.82908  0.61  1.87745e-322
from 4 to 1 matchnode 155

155 1400 3  0.580336  0.616047  0.505  1.87745e-322

pattern answer18:
vertex1: 节点个数 1
1483 1 0.6
vertex2: 节点个数 2
63 2 0.52
332 2 0.63
vertex3: 节点个数 2
74 3 0.81
175 3 0.72
vertex4: 节点个数 2
354 4 0.99
1523 4 0.74
edge_match: 
from 1 to 3 matchnode 1483

1483 74 3  0.7644  0.642096  0.5975  4.94066e-324
1483 175 2  0.5229  0.5103  0.766667  4.94066e-324
edge_match: 
from 2 to 4 matchnode 63

63 354 3  0.625048  0.621504  0.5025  0
63 1523 3  0.730296  0.534204  0.75  0
from 2 to 4 matchnode 332

332 354 3  0.613524  0.757764  0.7025  0
332 1523 3  0.640872  0.534843  0.61  0
edge_match: 
from 3 to 1 matchnode 74

74 1483 3  0.593406  0.588984  0.585  6.95314e-310
from 3 to 1 matchnode 175

175 1483 3  0.554064  0.504  0.67  6.95314e-310
edge_match: 
from 4 to 1 matchnode 354

354 1483 3  0.5544  0.50876  0.635  1.08694e-322
from 4 to 1 matchnode 1523

1523 1483 2  0.7921  0.5985  0.72  1.08694e-322

pattern answer19:
vertex1: 节点个数 1
1507 1 0.83
vertex2: 节点个数 2
100 2 0.89
137 2 0.75
vertex3: 节点个数 2
380 3 0.91
729 3 0.94
vertex4: 节点个数 2
89 4 0.77
210 4 0.82
edge_match: 
from 1 to 3 matchnode 1507

1507 380 3  0.5628  0.503625  0.7125  4.94066e-324
1507 729 2  0.5673  0.582  0.756667  4.94066e-324
edge_match: 
from 2 to 4 matchnode 100

100 89 3  0.64974  0.63826  0.71  0
100 210 2  0.6675  0.5848  0.826667  0
from 2 to 4 matchnode 137

137 89 3  0.830304  0.827022  0.715  0
137 210 3  0.54  0.61232  0.725  0
edge_match: 
from 3 to 1 matchnode 380

380 1507 2  0.5074  0.6825  0.89  6.95335e-310
from 3 to 1 matchnode 729

729 1507 3  0.532239  0.6552  0.78  6.95335e-310
edge_match: 
from 4 to 1 matchnode 89

89 1507 3  0.5015  0.504504  0.7375  9.38725e-323
from 4 to 1 matchnode 210

210 1507 3  0.53856  0.53808  0.765  9.38725e-323

pattern answer20:
vertex1: 节点个数 1
1754 1 0.84
vertex2: 节点个数 2
42 2 0.51
47 2 0.64
vertex3: 节点个数 2
49 3 0.97
74 3 0.81
vertex4: 节点个数 2
67 4 0.78
75 4 0.54
edge_match: 
from 1 to 3 matchnode 1754

1754 49 2  0.8134  0.64  0.78  4.94066e-324
1754 74 2  0.83  0.624  0.726667  4.94066e-324
edge_match: 
from 2 to 4 matchnode 42

42 67 2  0.5063  0.5175  0.616667  1.97626e-322
42 75 1  0.55  0.79  0.525  2.71736e-322
from 2 to 4 matchnode 47

47 67 3  0.500905  0.5922  0.76  1.97626e-322
47 75 2  0.5964  0.6675  0.676667  2.71736e-322
edge_match: 
from 3 to 1 matchnode 49

49 1754 3  0.61664  0.56943  0.64  6.95335e-310
from 3 to 1 matchnode 74

74 1754 2  0.5776  0.8448  0.78  6.95335e-310
edge_match: 
from 4 to 1 matchnode 67

67 1754 3  0.66816  0.679338  0.6  3.65609e-322
from 4 to 1 matchnode 75

75 1754 2  0.88  0.5456  0.533333  3.65609e-322

pattern answer21:
vertex1: 节点个数 1
2043 1 0.54
vertex2: 节点个数 2
42 2 0.51
100 2 0.89
vertex3: 节点个数 2
49 3 0.97
74 3 0.81
vertex4: 节点个数 2
67 4 0.78
89 4 0.77
edge_match: 
from 1 to 3 matchnode 2043

2043 49 2  0.7656  0.5518  0.773333  4.94066e-324
2043 74 3  0.63495  0.50445  0.605  4.94066e-324
edge_match: 
from 2 to 4 matchnode 42

42 67 2  0.5063  0.5175  0.616667  1.97626e-322
42 89 2  0.8554  0.6499  0.716667  0
from 2 to 4 matchnode 100

100 67 3  0.6916  0.517275  0.705  1.97626e-322
100 89 3  0.64974  0.63826  0.71  0
edge_match: 
from 3 to 1 matchnode 49

49 2043 3  0.62568  0.74385  0.7325  6.95335e-310
from 3 to 1 matchnode 74

74 2043 2  0.5402  0.6319  0.663333  6.95335e-310
edge_match: 
from 4 to 1 matchnode 67

67 2043 3  0.8633  0.59697  0.685  2.37152e-322
from 4 to 1 matchnode 89

89 2043 2  0.9207  0.517  0.693333  2.37152e-322

pattern answer22:
vertex1: 节点个数 1
2075 1 0.89
vertex2: 节点个数 2
137 2 0.75
187 2 0.54
vertex3: 节点个数 2
74 3 0.81
584 3 0.78
vertex4: 节点个数 2
75 4 0.54
94 4 0.85
edge_match: 
from 1 to 3 matchnode 2075

2075 74 2  0.5312  0.6776  0.61  4.94066e-324
2075 584 3  0.697653  0.52598  0.6725  4.94066e-324
edge_match: 
from 2 to 4 matchnode 137

137 75 3  0.590604  0.7298  0.75  2.71736e-322
137 94 3  0.523218  0.6264  0.71  0
from 2 to 4 matchnode 187

187 75 3  0.8134  0.573852  0.61  2.71736e-322
187 94 3  0.551348  0.6984  0.6575  0
edge_match: 
from 3 to 1 matchnode 74

74 2075 2  0.8835  0.6138  0.73  6.95335e-310
from 3 to 1 matchnode 584

584 2075 3  0.703444  0.513  0.7275  6.95335e-310
edge_match: 
from 4 to 1 matchnode 75

75 2075 2  0.5859  0.627  0.64  1.18576e-322
from 4 to 1 matchnode 94

94 2075 2  0.6975  0.6622  0.626667  1.18576e-322

pattern answer23:
vertex1: 节点个数 1
2218 1 0.73
vertex2: 节点个数 2
42 2 0.51
100 2 0.89
vertex3: 节点个数 2
74 3 0.81
1032 3 0.63
vertex4: 节点个数 2
67 4 0.78
89 4 0.77
edge_match: 
from 1 to 3 matchnode 2218

2218 74 3  0.69597  0.5508  0.655  4.94066e-324
2218 1032 3  0.779  0.9114  0.7925  4.94066e-324
edge_match: 
from 2 to 4 matchnode 42

42 67 2  0.5063  0.5175  0.616667  1.97626e-322
42 89 2  0.8554  0.6499  0.716667  0
from 2 to 4 matchnode 100

100 67 3  0.6916  0.517275  0.705  1.97626e-322
100 89 3  0.64974  0.63826  0.71  0
edge_match: 
from 3 to 1 matchnode 74

74 2218 2  0.9024  0.9408  0.78  6.95335e-310
from 3 to 1 matchnode 1032

1032 2218 2  0.8633  0.663  0.75  6.95335e-310
edge_match: 
from 4 to 1 matchnode 67

67 2218 2  0.6808  0.572  0.543333  3.26083e-322
from 4 to 1 matchnode 89

89 2218 2  0.8544  0.5586  0.766667  3.26083e-322

pattern answer24:
vertex1: 节点个数 1
2285 1 0.6
vertex2: 节点个数 2
63 2 0.52
137 2 0.75
vertex3: 节点个数 2
175 3 0.72
3841 3 0.62
vertex4: 节点个数 2
354 4 0.99
649 4 0.66
edge_match: 
from 1 to 3 matchnode 2285

2285 175 3  0.571802  0.707906  0.665  4.94066e-324
2285 3841 3  0.533984  0.56  0.745  4.94066e-324
edge_match: 
from 2 to 4 matchnode 63

63 354 3  0.625048  0.621504  0.5025  0
63 649 1  0.87  0.86  0.59  0
from 2 to 4 matchnode 137

137 354 3  0.5508  0.64  0.8025  0
137 649 3  0.682007  0.7227  0.5775  0
edge_match: 
from 3 to 1 matchnode 175

175 2285 3  0.645606  0.502964  0.6675  6.95314e-310
from 3 to 1 matchnode 3841

3841 2285 3  0.597432  0.513324  0.57  6.95314e-310
edge_match: 
from 4 to 1 matchnode 354

354 2285 2  0.6525  0.7007  0.67  5.43472e-323
from 4 to 1 matchnode 649

649 2285 2  0.6708  0.5325  0.613333  5.43472e-323

pattern answer25:
vertex1: 节点个数 1
2960 1 0.86
vertex2: 节点个数 2
485 2 0.93
10029 2 0.5
vertex3: 节点个数 2
729 3 0.94
942 3 0.58
vertex4: 节点个数 2
32 4 0.54
67 4 0.78
edge_match: 
from 1 to 3 matchnode 2960

2960 729 3  0.526064  0.673134  0.7075  4.94066e-324
2960 942 3  0.568008  0.6916  0.5875  4.94066e-324
edge_match: 
from 2 to 4 matchnode 485

485 32 3  0.547468  0.50141  0.645  8.3003e-322
485 67 3  0.520344  0.620994  0.58  1.97626e-322
from 2 to 4 matchnode 10029

10029 32 3  0.51765  0.54978  0.5  8.3003e-322
10029 67 3  0.567644  0.59983  0.62  1.97626e-322
edge_match: 
from 3 to 1 matchnode 729

729 2960 3  0.6402  0.6732  0.765  6.95335e-310
from 3 to 1 matchnode 942

942 2960 3  0.556072  0.592614  0.675  6.95335e-310
edge_match: 
from 4 to 1 matchnode 32

32 2960 3  0.622656  0.59096  0.5725  2.07508e-322
from 4 to 1 matchnode 67

67 2960 3  0.504592  0.604989  0.7325  2.07508e-322

pattern answer26:
vertex1: 节点个数 1
3277 1 0.71
vertex2: 节点个数 2
47 2 0.64
137 2 0.75
vertex3: 节点个数 2
175 3 0.72
1032 3 0.63
vertex4: 节点个数 2
75 4 0.54
210 4 0.82
edge_match: 
from 1 to 3 matchnode 3277

3277 175 3  0.597951  0.52972  0.5425  4.94066e-324
3277 1032 3  0.502524  0.582309  0.5475  4.94066e-324
edge_match: 
from 2 to 4 matchnode 47

47 75 2  0.5964  0.6675  0.676667  2.71736e-322
47 210 3  0.56595  0.55986  0.7925  0
from 2 to 4 matchnode 137

137 75 3  0.590604  0.7298  0.75  2.71736e-322
137 210 3  0.54  0.61232  0.725  0
edge_match: 
from 3 to 1 matchnode 175

175 3277 2  0.5022  0.6138  0.806667  1.49905e-311
from 3 to 1 matchnode 1032

1032 3277 3  0.601224  0.753786  0.5775  1.49905e-311
edge_match: 
from 4 to 1 matchnode 75

75 3277 3  0.5832  0.640677  0.6875  1.63042e-322
from 4 to 1 matchnode 210

210 3277 3  0.628992  0.59204  0.665  1.63042e-322

pattern answer27:
vertex1: 节点个数 1
3281 1 0.71
vertex2: 节点个数 2
137 2 0.75
187 2 0.54
vertex3: 节点个数 2
3505 3 0.61
10598 3 0.72
vertex4: 节点个数 2
75 4 0.54
155 4 0.76
edge_match: 
from 1 to 3 matchnode 3281

3281 3505 2  0.5244  0.576  0.766667  4.94066e-324
3281 10598 3  0.523564  0.51246  0.845  4.94066e-324
edge_match: 
from 2 to 4 matchnode 137

137 75 3  0.590604  0.7298  0.75  2.71736e-322
137 155 3  0.741024  0.531657  0.67  0
from 2 to 4 matchnode 187

187 75 3  0.8134  0.573852  0.61  2.71736e-322
187 155 3  0.780864  0.592767  0.6175  0
edge_match: 
from 3 to 1 matchnode 3505

3505 3281 2  0.7857  0.9506  0.513333  6.95335e-310
from 3 to 1 matchnode 10598

10598 3281 3  0.506688  0.57942  0.7025  6.95335e-310
edge_match: 
from 4 to 1 matchnode 75

75 3281 3  0.656502  0.76  0.6  2.32211e-322
from 4 to 1 matchnode 155

155 3281 3  0.5775  0.63296  0.7175  2.32211e-322

pattern answer28:
vertex1: 节点个数 1
3774 1 0.78
vertex2: 节点个数 2
47 2 0.64
137 2 0.75
vertex3: 节点个数 2
1658 3 0.57
5227 3 0.53
vertex4: 节点个数 2
75 4 0.54
354 4 0.99
edge_match: 
from 1 to 3 matchnode 3774

3774 1658 1  0.85  0.62  0.675  4.94066e-324
3774 5227 3  0.525252  0.747348  0.5575  4.94066e-324
edge_match: 
from 2 to 4 matchnode 47

47 75 2  0.5964  0.6675  0.676667  2.71736e-322
47 354 3  0.617463  0.66542  0.6475  0
from 2 to 4 matchnode 137

137 75 3  0.590604  0.7298  0.75  2.71736e-322
137 354 3  0.5508  0.64  0.8025  0
edge_match: 
from 3 to 1 matchnode 1658

1658 3774 2  0.7154  0.747  0.626667  6.95335e-310
from 3 to 1 matchnode 5227

5227 3774 3  0.73953  0.55419  0.7425  6.95335e-310
edge_match: 
from 4 to 1 matchnode 75

75 3774 3  0.536536  0.533192  0.505  8.89318e-323
from 4 to 1 matchnode 354

354 3774 3  0.75264  0.5229  0.65  8.89318e-323

pattern answer29:
vertex1: 节点个数 1
4219 1 0.59
vertex2: 节点个数 2
137 2 0.75
187 2 0.54
vertex3: 节点个数 2
49 3 0.97
74 3 0.81
vertex4: 节点个数 2
75 4 0.54
94 4 0.85
edge_match: 
from 1 to 3 matchnode 4219

4219 49 3  0.5824  0.769672  0.78  4.94066e-324
4219 74 3  0.5994  0.68526  0.595  4.94066e-324
edge_match: 
from 2 to 4 matchnode 137

137 75 3  0.590604  0.7298  0.75  2.71736e-322
137 94 3  0.523218  0.6264  0.71  0
from 2 to 4 matchnode 187

187 75 3  0.8134  0.573852  0.61  2.71736e-322
187 94 3  0.551348  0.6984  0.6575  0
edge_match: 
from 3 to 1 matchnode 49

49 4219 3  0.52096  0.57672  0.8375  6.95335e-310
from 3 to 1 matchnode 74

74 4219 3  0.50512  0.534534  0.7675  6.95335e-310
edge_match: 
from 4 to 1 matchnode 75

75 4219 3  0.60552  0.64258  0.7125  1.13635e-322
from 4 to 1 matchnode 94

94 4219 3  0.63296  0.524477  0.8225  1.13635e-322

pattern answer30:
vertex1: 节点个数 1
4345 1 0.86
vertex2: 节点个数 2
47 2 0.64
63 2 0.52
vertex3: 节点个数 2
74 3 0.81
653 3 0.8
vertex4: 节点个数 2
289 4 0.5
410 4 0.88
edge_match: 
from 1 to 3 matchnode 4345

4345 74 2  0.828  0.5063  0.713333  4.94066e-324
4345 653 2  0.6612  0.5104  0.853333  4.94066e-324
edge_match: 
from 2 to 4 matchnode 47

47 289 1  0.94  0.57  0.57  9.88131e-322
47 410 2  0.7084  0.672  0.82  2.66795e-322
from 2 to 4 matchnode 63

63 289 3  0.696072  0.697333  0.5175  9.88131e-322
63 410 2  0.525  0.8316  0.503333  2.66795e-322
edge_match: 
from 3 to 1 matchnode 74

74 4345 3  0.5358  0.718272  0.835  6.95335e-310
from 3 to 1 matchnode 653

653 4345 3  0.500544  0.52245  0.5975  6.95335e-310
edge_match: 
from 4 to 1 matchnode 289

289 4345 3  0.52416  0.5643  0.5375  1.03754e-322
from 4 to 1 matchnode 410

410 4345 3  0.57936  0.5355  0.53  1.03754e-322

pattern answer31:
vertex1: 节点个数 1
5415 1 0.54
vertex2: 节点个数 2
607 2 0.73
3494 2 0.68
vertex3: 节点个数 2
74 3 0.81
942 3 0.58
vertex4: 节点个数 2
94 4 0.85
122 4 1
edge_match: 
from 1 to 3 matchnode 5415

5415 74 2  0.616  0.5063  0.776667  4.94066e-324
5415 942 3  0.54352  0.683256  0.65  4.94066e-324
edge_match: 
from 2 to 4 matchnode 607

607 94 3  0.5432  0.818928  0.6325  0
607 122 1  0.85  0.56  0.865  0
from 2 to 4 matchnode 3494

3494 94 2  0.5742  0.6768  0.596667  0
3494 122 3  0.713691  0.747676  0.6725  0
edge_match: 
from 3 to 1 matchnode 74

74 5415 3  0.804264  0.709632  0.62  6.95335e-310
from 3 to 1 matchnode 942

942 5415 3  0.548049  0.513898  0.5075  6.95335e-310
edge_match: 
from 4 to 1 matchnode 94

94 5415 3  0.554025  0.52288  0.635  1.23516e-322
from 4 to 1 matchnode 122

122 5415 3  0.530472  0.569184  0.6675  1.23516e-322

pattern answer32:
vertex1: 节点个数 1
6036 1 0.76
vertex2: 节点个数 2
63 2 0.52
332 2 0.63
vertex3: 节点个数 2
1813 3 0.87
2064 3 0.59
vertex4: 节点个数 2
122 4 1
1523 4 0.74
edge_match: 
from 1 to 3 matchnode 6036

6036 1813 2  0.5694  0.6045  0.87  4.94066e-324
6036 2064 3  0.535766  0.548416  0.785  4.94066e-324
edge_match: 
from 2 to 4 matchnode 63

63 122 2  0.5112  0.6039  0.74  0
63 1523 3  0.730296  0.534204  0.75  0
from 2 to 4 matchnode 332

332 122 2  0.8134  0.8008  0.736667  0
332 1523 3  0.640872  0.534843  0.61  0
edge_match: 
from 3 to 1 matchnode 1813

1813 6036 2  0.76  0.5429  0.843333  6.95314e-310
from 3 to 1 matchnode 2064

2064 6036 3  0.830208  0.56202  0.6275  6.95314e-310
edge_match: 
from 4 to 1 matchnode 122

122 6036 3  0.501584  0.59508  0.73  9.38725e-323
from 4 to 1 matchnode 1523

1523 6036 3  0.72048  0.5525  0.5225  9.38725e-323

pattern answer33:
vertex1: 节点个数 1
6084 1 0.54
vertex2: 节点个数 2
42 2 0.51
100 2 0.89
vertex3: 节点个数 2
425 3 0.96
653 3 0.8
vertex4: 节点个数 2
67 4 0.78
89 4 0.77
edge_match: 
from 1 to 3 matchnode 6084

6084 425 3  0.596781  0.571455  0.7775  4.94066e-324
6084 653 3  0.70488  0.53856  0.645  4.94066e-324
edge_match: 
from 2 to 4 matchnode 42

42 67 2  0.5063  0.5175  0.616667  1.97626e-322
42 89 2  0.8554  0.6499  0.716667  0
from 2 to 4 matchnode 100

100 67 3  0.6916  0.517275  0.705  1.97626e-322
100 89 3  0.64974  0.63826  0.71  0
edge_match: 
from 3 to 1 matchnode 425

425 6084 3  0.62909  0.561627  0.835  6.95335e-310
from 3 to 1 matchnode 653

653 6084 3  0.504735  0.749232  0.7175  6.95335e-310
edge_match: 
from 4 to 1 matchnode 67

67 6084 3  0.75981  0.737748  0.63  9.38725e-323
from 4 to 1 matchnode 89

89 6084 3  0.5301  0.772398  0.77  9.38725e-323

pattern answer34:
vertex1: 节点个数 1
6340 1 0.56
vertex2: 节点个数 2
485 2 0.93
1098 2 0.76
vertex3: 节点个数 2
74 3 0.81
2064 3 0.59
vertex4: 节点个数 2
32 4 0.54
210 4 0.82
edge_match: 
from 1 to 3 matchnode 6340

6340 74 2  0.7802  0.76  0.633333  4.94066e-324
6340 2064 3  0.675122  0.6561  0.6825  4.94066e-324
edge_match: 
from 2 to 4 matchnode 485

485 32 3  0.547468  0.50141  0.645  8.3003e-322
485 210 3  0.5475  0.505164  0.77  0
from 2 to 4 matchnode 1098

1098 32 3  0.601916  0.608  0.56  8.3003e-322
1098 210 3  0.5166  0.6664  0.5125  0
edge_match: 
from 3 to 1 matchnode 74

74 6340 2  0.68  0.8835  0.633333  6.95335e-310
from 3 to 1 matchnode 2064

2064 6340 3  0.6612  0.575605  0.5025  6.95335e-310
edge_match: 
from 4 to 1 matchnode 32

32 6340 3  0.59616  0.54112  0.5575  3.45846e-323
from 4 to 1 matchnode 210

210 6340 3  0.51168  0.59356  0.5625  3.45846e-323

pattern answer35:
vertex1: 节点个数 1
9310 1 0.69
vertex2: 节点个数 2
63 2 0.52
137 2 0.75
vertex3: 节点个数 2
74 3 0.81
37390 3 0.97
vertex4: 节点个数 2
289 4 0.5
649 4 0.66
edge_match: 
from 1 to 3 matchnode 9310

9310 74 3  0.55278  0.77805  0.6425  4.94066e-324
9310 37390 2  0.629  0.533  0.746667  4.94066e-324
edge_match: 
from 2 to 4 matchnode 63

63 289 3  0.696072  0.697333  0.5175  9.88131e-322
63 649 1  0.87  0.86  0.59  0
from 2 to 4 matchnode 137

137 289 2  0.7735  0.864  0.733333  9.88131e-322
137 649 3  0.682007  0.7227  0.5775  0
edge_match: 
from 3 to 1 matchnode 74

74 9310 3  0.503272  0.6804  0.6675  6.95335e-310
from 3 to 1 matchnode 37390

37390 9310 2  0.693  0.7224  0.846667  6.95335e-310
edge_match: 
from 4 to 1 matchnode 289

289 9310 3  0.592952  0.531216  0.5675  4.94066e-323
from 4 to 1 matchnode 649

649 9310 3  0.601692  0.50652  0.775  4.94066e-323

pattern answer36:
vertex1: 节点个数 1
10184 1 0.75
vertex2: 节点个数 2
100 2 0.89
137 2 0.75
vertex3: 节点个数 2
49 3 0.97
1613 3 0.68
vertex4: 节点个数 2
289 4 0.5
2255 4 0.75
edge_match: 
from 1 to 3 matchnode 10184

10184 49 3  0.696266  0.538935  0.71  4.94066e-324
10184 1613 3  0.528165  0.7353  0.725  4.94066e-324
edge_match: 
from 2 to 4 matchnode 100

100 289 3  0.513324  0.674344  0.75  9.88131e-322
100 2255 2  0.7134  0.6715  0.793333  0
from 2 to 4 matchnode 137

137 289 2  0.7735  0.864  0.733333  9.88131e-322
137 2255 3  0.616032  0.51156  0.71  0
edge_match: 
from 3 to 1 matchnode 49

49 10184 3  0.681912  0.570768  0.54  4.94066e-324
from 3 to 1 matchnode 1613

1613 10184 2  0.7298  0.552  0.553333  4.94066e-324
edge_match: 
from 4 to 1 matchnode 289

289 10184 3  0.795564  0.53406  0.5075  1.97626e-323
from 4 to 1 matchnode 2255

2255 10184 3  0.500692  0.503976  0.655  1.97626e-323

