pattern answer1:
vertex1: 节点个数 1
69 1 0.61
vertex2: 节点个数 2
2850 2 0.9
8315 2 0.81
vertex3: 节点个数 2
96 3 0.69
286 3 0.64
vertex4: 节点个数 2
2305 4 0.71
8360 4 0.48
edge_match: 
from 1 to 2 matchnode 69

69 2850 2  0.828  0.5304  0.823333  0
69 8315 2  0.817  0.6399  0.513333  0
from 1 to 3 matchnode 69

69 96 2  0.504  0.6141  0.746667  1.22827e-311
69 286 2  0.6106  0.6557  0.693333  1.22827e-311
from 1 to 4 matchnode 69

69 2305 2  0.6794  0.474  0.48  0
69 8360 2  0.5985  0.456  0.526667  0
edge_match: 
from 2 to 1 matchnode 2850

2850 69 2  0.6132  0.517  0.633333  5.17421e-312
from 2 to 4 matchnode 2850

2850 2305 2  0.6804  0.4794  0.666667  6.95164e-310
2850 8360 2  0.57  0.464  0.66  1.22823e-311
from 2 to 1 matchnode 8315

8315 69 2  0.6035  0.5428  0.636667  5.17421e-312
from 2 to 4 matchnode 8315

8315 2305 2  0.5766  0.6534  0.513333  6.95164e-310
8315 8360 2  0.4836  0.7275  0.503333  1.22823e-311
edge_match: 
from 3 to 2 matchnode 96

96 2850 2  0.4554  0.5785  0.8  6.95164e-310
96 8315 2  0.9215  0.6399  0.54  6.95164e-310
from 3 to 2 matchnode 286

286 2850 2  0.736  0.49  0.7  1.22827e-311
286 8315 2  0.6474  0.6068  0.526667  1.22827e-311
edge_match: 

pattern answer2:
vertex1: 节点个数 1
226 1 0.45
vertex2: 节点个数 2
3183 2 0.63
5611 2 0.96
vertex3: 节点个数 2
96 3 0.69
154 3 0.64
vertex4: 节点个数 2
1283 4 0.52
5538 4 0.75
edge_match: 
from 1 to 2 matchnode 226

226 3183 2  0.64  0.5445  0.59  0
226 5611 2  0.5376  0.8118  0.7  0
from 1 to 3 matchnode 226

226 96 1  0.64  0.99  0.57  1.22827e-311
226 154 2  0.5963  0.8366  0.683333  1.22827e-311
from 1 to 4 matchnode 226

226 1283 2  0.5082  0.4836  0.496667  0
226 5538 2  0.5828  0.8556  0.49  0
edge_match: 
from 2 to 1 matchnode 3183

3183 226 2  0.4582  0.468  0.583333  6.95335e-310
from 2 to 4 matchnode 3183

3183 1283 2  0.578  0.5056  0.453333  6.95164e-310
3183 5538 2  0.7068  0.5301  0.65  1.22823e-311
from 2 to 1 matchnode 5611

5611 226 2  0.5841  0.5751  0.7  6.95335e-310
from 2 to 4 matchnode 5611

5611 1283 2  0.736  0.7268  0.5  6.95164e-310
5611 5538 2  0.5382  0.5238  0.833333  1.22823e-311
edge_match: 
from 3 to 2 matchnode 96

96 3183 1  1  0.55  0.66  6.95164e-310
96 5611 1  0.84  0.82  0.825  6.95164e-310
from 3 to 2 matchnode 154

154 3183 2  0.5074  0.462  0.563333  1.22823e-311
154 5611 2  0.5676  0.665  0.673333  1.22823e-311
edge_match: 

pattern answer3:
vertex1: 节点个数 1
538 1 0.88
vertex2: 节点个数 2
5203 2 0.88
5505 2 0.83
vertex3: 节点个数 2
96 3 0.69
1067 3 0.61
vertex4: 节点个数 2
2305 4 0.71
5552 4 0.7
edge_match: 
from 1 to 2 matchnode 538

538 5203 2  0.585  0.54  0.856667  0
538 5505 2  0.4757  0.6643  0.896667  0
from 1 to 3 matchnode 538

538 96 2  0.4606  0.711  0.826667  1.22824e-311
538 1067 2  0.4899  0.8554  0.823333  1.22824e-311
from 1 to 4 matchnode 538

538 2305 2  0.5538  0.6336  0.813333  0
538 5552 2  0.684  0.4757  0.53  0
edge_match: 
from 2 to 1 matchnode 5203

5203 538 2  0.8342  0.8415  0.59  1.22826e-311
from 2 to 4 matchnode 5203

5203 2305 2  0.664  0.6552  0.743333  6.95164e-310
5203 5552 2  0.6984  0.6035  0.53  1.22823e-311
from 2 to 1 matchnode 5505

5505 538 2  0.6794  0.7387  0.783333  1.22826e-311
from 2 to 4 matchnode 5505

5505 2305 2  0.7138  0.5976  0.726667  6.95164e-310
5505 5552 2  0.4968  0.5964  0.513333  1.22823e-311
edge_match: 
from 3 to 2 matchnode 96

96 5203 2  0.5544  0.7565  0.793333  6.95164e-310
96 5505 2  0.4888  0.5312  0.81  6.95164e-310
from 3 to 2 matchnode 1067

1067 5203 2  0.4779  0.816  0.77  6.95164e-310
1067 5505 2  0.62  0.5896  0.74  6.95164e-310
edge_match: 

pattern answer4:
vertex1: 节点个数 1
2521 1 0.96
vertex2: 节点个数 2
2850 2 0.9
5641 2 0.8
vertex3: 节点个数 2
96 3 0.69
2413 3 0.81
vertex4: 节点个数 2
5552 4 0.7
8064 4 0.73
edge_match: 
from 1 to 2 matchnode 2521

2521 2850 2  0.6059  0.7227  0.75  0
2521 5641 2  0.5292  0.7695  0.79  0
from 1 to 3 matchnode 2521

2521 96 2  0.7626  0.6762  0.703333  1.22827e-311
2521 2413 2  0.47  0.5162  0.87  1.22827e-311
from 1 to 4 matchnode 2521

2521 5552 2  0.8272  0.4836  0.713333  0
2521 8064 2  0.782  0.5016  0.676667  0
edge_match: 
from 2 to 1 matchnode 2850

2850 2521 2  0.5723  0.8633  0.803333  1.22823e-311
from 2 to 4 matchnode 2850

2850 5552 2  0.4977  0.6035  0.806667  1.22823e-311
2850 8064 2  0.473  0.5346  0.573333  1.22823e-311
from 2 to 1 matchnode 5641

5641 2521 2  0.5525  0.4556  0.68  1.22823e-311
from 2 to 4 matchnode 5641

5641 5552 2  0.5488  0.4732  0.806667  1.22823e-311
5641 8064 2  0.8832  0.712  0.66  1.22823e-311
edge_match: 
from 3 to 2 matchnode 96

96 2850 2  0.4554  0.5785  0.8  6.95164e-310
96 5641 1  0.93  0.69  0.745  6.95164e-310
from 3 to 2 matchnode 2413

2413 2850 2  0.6324  0.6232  0.866667  1.22823e-311
2413 5641 2  0.6664  0.7392  0.866667  1.22823e-311
edge_match: 

pattern answer5:
vertex1: 节点个数 1
7311 1 0.6
vertex2: 节点个数 2
2850 2 0.9
5203 2 0.88
vertex3: 节点个数 2
96 3 0.69
1067 3 0.61
vertex4: 节点个数 2
5232 4 0.7
5538 4 0.75
edge_match: 
from 1 to 2 matchnode 7311

7311 2850 2  0.8075  0.6106  0.783333  0
7311 5203 2  0.4928  0.7905  0.763333  0
from 1 to 3 matchnode 7311

7311 96 2  0.4653  0.7047  0.75  1.22827e-311
7311 1067 2  0.5874  0.4686  0.626667  1.22827e-311
from 1 to 4 matchnode 7311

7311 5232 2  0.7392  0.8463  0.703333  0
7311 5538 2  0.5472  0.7569  0.653333  0
edge_match: 
from 2 to 1 matchnode 2850

2850 7311 1  0.54  0.79  0.75  1.22827e-311
from 2 to 4 matchnode 2850

2850 5232 2  0.5208  0.7462  0.803333  6.95164e-310
2850 5538 2  0.6536  0.6438  0.753333  1.22823e-311
from 2 to 1 matchnode 5203

5203 7311 2  0.783  0.7832  0.61  1.22827e-311
from 2 to 4 matchnode 5203

5203 5232 2  0.7308  0.5187  0.796667  6.95164e-310
5203 5538 2  0.684  0.528  0.833333  1.22823e-311
edge_match: 
from 3 to 2 matchnode 96

96 2850 2  0.4554  0.5785  0.8  6.95164e-310
96 5203 2  0.5544  0.7565  0.793333  6.95164e-310
from 3 to 2 matchnode 1067

1067 2850 2  0.7912  0.702  0.823333  6.95164e-310
1067 5203 2  0.4779  0.816  0.77  6.95164e-310
edge_match: 

pattern answer6:
vertex1: 节点个数 1
7553 1 0.51
vertex2: 节点个数 2
2346 2 0.93
7074 2 0.95
vertex3: 节点个数 2
6722 3 0.53
7515 3 0.87
vertex4: 节点个数 2
3401 4 0.71
7024 4 0.53
edge_match: 
from 1 to 2 matchnode 7553

7553 2346 2  0.783  0.8075  0.693333  0
7553 7074 2  0.8439  0.722  0.7  0
from 1 to 3 matchnode 7553

7553 6722 2  0.5248  0.665  0.52  1.22823e-311
7553 7515 2  0.8004  0.6175  0.673333  1.22823e-311
from 1 to 4 matchnode 7553

7553 3401 2  0.779  0.644  0.58  0
7553 7024 2  0.7298  0.616  0.52  0
edge_match: 
from 2 to 1 matchnode 2346

2346 7553 2  0.6225  0.6305  0.653333  5.17421e-312
from 2 to 4 matchnode 2346

2346 3401 2  0.7125  0.598  0.72  1.22823e-311
2346 7024 2  0.6675  0.572  0.66  1.22823e-311
from 2 to 1 matchnode 7074

7074 7553 2  0.7304  0.6984  0.66  5.17421e-312
from 2 to 4 matchnode 7074

7074 3401 2  0.836  0.6624  0.726667  1.22823e-311
7074 7024 2  0.7832  0.6336  0.666667  1.22823e-311
edge_match: 
from 3 to 2 matchnode 6722

6722 2346 2  0.576  0.5695  0.7  6.95164e-310
6722 7074 2  0.6208  0.5092  0.706667  6.95164e-310
from 3 to 2 matchnode 7515

7515 2346 2  0.837  0.5185  0.813333  6.95164e-310
7515 7074 2  0.9021  0.4636  0.82  6.95164e-310
edge_match: 

pattern answer7:
vertex1: 节点个数 1
10011 1 0.94
vertex2: 节点个数 2
2386 2 0.79
5611 2 0.96
vertex3: 节点个数 2
2283 3 0.82
2413 3 0.81
vertex4: 节点个数 2
1283 4 0.52
3037 4 0.69
edge_match: 
from 1 to 2 matchnode 10011

10011 2386 2  0.69  0.4559  0.713333  0
10011 5611 2  0.6486  0.8245  0.65  0
from 1 to 3 matchnode 10011

10011 2283 2  0.5929  0.5159  0.593333  1.22827e-311
10011 2413 1  0.53  0.46  0.875  1.22827e-311
from 1 to 4 matchnode 10011

10011 1283 2  0.616  0.7084  0.493333  0
10011 3037 2  0.5626  0.476  0.63  0
edge_match: 
from 2 to 1 matchnode 2386

2386 10011 2  0.4524  0.703  0.806667  5.17421e-312
from 2 to 4 matchnode 2386

2386 1283 2  0.9108  0.5166  0.77  6.95164e-310
2386 3037 2  0.8051  0.4947  0.676667  1.22823e-311
from 2 to 1 matchnode 5611

5611 10011 2  0.8924  0.6794  0.64  5.17421e-312
from 2 to 4 matchnode 5611

5611 1283 2  0.736  0.7268  0.5  6.95164e-310
5611 3037 2  0.6633  0.6417  0.633333  1.22823e-311
edge_match: 
from 3 to 2 matchnode 2283

2283 2386 2  0.782  0.4774  0.653333  1.22827e-311
2283 5611 2  0.6138  0.792  0.923333  1.22827e-311
from 3 to 2 matchnode 2413

2413 2386 1  0.88  0.63  0.8  1.22823e-311
2413 5611 1  0.47  0.9  0.885  1.22823e-311
edge_match: 

pattern answer8:
vertex1: 节点个数 1
12050 1 0.97
vertex2: 节点个数 2
2850 2 0.9
5203 2 0.88
vertex3: 节点个数 2
1971 3 0.6
8067 3 0.51
vertex4: 节点个数 2
3115 4 0.61
8196 4 0.82
edge_match: 
from 1 to 2 matchnode 12050

12050 2850 1  0.72  0.49  0.935  0
12050 5203 2  0.5922  0.7826  0.713333  0
from 1 to 3 matchnode 12050

12050 1971 2  0.4736  0.731  0.82  1.22823e-311
12050 8067 2  0.5734  0.728  0.59  1.22823e-311
from 1 to 4 matchnode 12050

12050 3115 2  0.4588  0.612  0.823333  0
12050 8196 2  0.9306  0.6188  0.693333  0
edge_match: 
from 2 to 1 matchnode 2850

2850 12050 1  0.97  0.87  0.935  0
from 2 to 4 matchnode 2850

2850 3115 2  0.7663  0.4947  0.686667  6.95164e-310
2850 8196 2  0.72  0.5626  0.773333  1.22823e-311
from 2 to 1 matchnode 5203

5203 12050 2  0.54  0.8463  0.783333  0
from 2 to 4 matchnode 5203

5203 3115 2  0.455  0.66  0.596667  6.95164e-310
5203 8196 2  0.64  0.6188  0.78  1.22823e-311
edge_match: 
from 3 to 2 matchnode 1971

1971 2850 2  0.8464  0.553  0.686667  6.95164e-310
1971 5203 1  0.63  0.55  0.74  6.95164e-310
from 3 to 2 matchnode 8067

8067 2850 2  0.6624  0.8064  0.67  6.95164e-310
8067 5203 2  0.7566  0.574  0.676667  6.95164e-310
edge_match: 

