pattern answer1:
vertex1: 节点个数 1
30 1 0.47
vertex2: 节点个数 2
719 2 0.98
1903 2 1
vertex3: 节点个数 2
74 3 0.81
1751 3 0.87
vertex4: 节点个数 2
89 4 0.77
122 4 1
edge_match: 
from 1 to 4 matchnode 30

30 89 2  0.71  0.5208  0.516667  7.13706e-312
30 122 2  0.6716  0.7134  0.81  7.13706e-312
edge_match: 
from 2 to 1 matchnode 719

719 30 2  0.5767  0.486  0.816667  0
from 2 to 1 matchnode 1903

1903 30 2  0.8415  0.9114  0.593333  0
edge_match: 
from 3 to 1 matchnode 74

74 30 1  0.93  0.71  0.64  7.13706e-312
from 3 to 2 matchnode 74

74 719 2  0.7238  0.738  0.783333  6.95138e-310
74 1903 2  0.4675  0.4508  0.76  7.13687e-312
from 3 to 1 matchnode 1751

1751 30 2  0.4512  0.5292  0.68  7.13706e-312
from 3 to 2 matchnode 1751

1751 719 2  0.6696  0.4898  0.75  6.95138e-310
1751 1903 2  0.4623  0.473  0.8  7.13687e-312
edge_match: 
from 4 to 1 matchnode 89

89 30 1  0.87  0.75  0.62  7.13706e-312
from 4 to 2 matchnode 89

89 719 2  0.6006  0.5518  0.593333  6.95138e-310
89 1903 2  0.558  0.7802  0.846667  6.95138e-310
from 4 to 1 matchnode 122

122 30 2  0.7068  0.568  0.76  7.13706e-312
from 4 to 2 matchnode 122

122 719 2  0.5175  0.5084  0.916667  7.13705e-312
122 1903 2  0.5934  0.5762  0.843333  7.13705e-312

pattern answer2:
vertex1: 节点个数 1
44 1 0.9
vertex2: 节点个数 2
918 2 0.6
2101 2 0.83
vertex3: 节点个数 2
942 3 0.58
1613 3 0.68
vertex4: 节点个数 2
21 4 0.45
354 4 0.99
edge_match: 
from 1 to 4 matchnode 44

44 21 2  0.6596  0.76  0.736667  7.13706e-312
44 354 2  0.9021  0.48  0.916667  7.13706e-312
edge_match: 
from 2 to 1 matchnode 918

918 44 2  0.7448  0.8918  0.576667  7.13687e-312
from 2 to 1 matchnode 2101

2101 44 2  0.5396  0.5733  0.653333  7.13687e-312
edge_match: 
from 3 to 1 matchnode 942

942 44 2  0.6552  0.801  0.616667  7.13706e-312
from 3 to 2 matchnode 942

942 918 2  0.4888  0.6279  0.46  6.95138e-310
942 2101 2  0.4757  0.6278  0.61  7.13705e-312
from 3 to 1 matchnode 1613

1613 44 2  0.7663  0.4814  0.836667  7.13706e-312
from 3 to 2 matchnode 1613

1613 918 2  0.9306  0.5775  0.553333  6.95138e-310
1613 2101 2  0.7371  0.7332  0.813333  7.13705e-312
edge_match: 
from 4 to 1 matchnode 21

21 44 2  0.6156  0.5278  0.526667  7.13692e-312
from 4 to 2 matchnode 21

21 918 2  0.639  0.798  0.466667  6.95138e-310
21 2101 2  0.7636  0.63  0.583333  6.95138e-310
from 4 to 1 matchnode 354

354 44 2  0.5226  0.6952  0.926667  7.13692e-312
from 4 to 2 matchnode 354

354 918 2  0.612  0.714  0.646667  7.13692e-312
354 2101 2  0.486  0.7068  0.76  7.13692e-312

pattern answer3:
vertex1: 节点个数 1
83 1 0.86
vertex2: 节点个数 2
719 2 0.98
2548 2 0.63
vertex3: 节点个数 2
175 3 0.72
942 3 0.58
vertex4: 节点个数 2
67 4 0.78
122 4 1
edge_match: 
from 1 to 4 matchnode 83

83 67 1  0.96  0.77  0.82  7.13704e-312
83 122 2  0.4753  0.8184  0.77  7.13704e-312
edge_match: 
from 2 to 1 matchnode 719

719 83 2  0.5192  0.8008  0.783333  7.13687e-312
from 2 to 1 matchnode 2548

2548 83 2  0.4818  0.5772  0.743333  7.13687e-312
edge_match: 
from 3 to 1 matchnode 175

175 83 2  0.5865  0.52  0.683333  7.13706e-312
from 3 to 2 matchnode 175

175 719 2  0.6141  0.6314  0.823333  6.95138e-310
175 2548 2  0.8366  0.7161  0.706667  7.13687e-312
from 3 to 1 matchnode 942

942 83 1  0.64  0.88  0.72  7.13706e-312
from 3 to 2 matchnode 942

942 719 2  0.5382  0.4592  0.776667  6.95138e-310
942 2548 2  0.7332  0.5208  0.66  7.13687e-312
edge_match: 
from 4 to 1 matchnode 67

67 83 1  0.51  0.45  0.82  7.13706e-312
from 4 to 2 matchnode 67

67 719 2  0.6603  0.6399  0.72  6.95138e-310
67 2548 2  0.5734  0.8649  0.726667  6.95138e-310
from 4 to 1 matchnode 122

122 83 2  0.801  0.4536  0.77  7.13706e-312
from 4 to 2 matchnode 122

122 719 2  0.5175  0.5084  0.916667  7.13705e-312
122 2548 2  0.705  0.5766  0.8  7.13705e-312

pattern answer4:
vertex1: 节点个数 1
443 1 0.87
vertex2: 节点个数 2
63 2 0.52
1283 2 0.59
vertex3: 节点个数 2
584 3 0.78
942 3 0.58
vertex4: 节点个数 2
122 4 1
210 4 0.82
edge_match: 
from 1 to 4 matchnode 443

443 122 2  0.5848  0.6864  0.91  7.13706e-312
443 210 2  0.5695  0.637  0.736667  7.13706e-312
edge_match: 
from 2 to 1 matchnode 63

63 443 2  0.4956  0.65  0.603333  7.13687e-312
from 2 to 1 matchnode 1283

1283 443 2  0.6966  0.6231  0.773333  7.13687e-312
edge_match: 
from 3 to 1 matchnode 584

584 443 2  0.486  0.6004  0.82  7.13706e-312
from 3 to 2 matchnode 584

584 63 2  0.6768  0.6208  0.723333  6.95138e-310
584 1283 2  0.752  0.5432  0.746667  7.13687e-312
from 3 to 1 matchnode 942

942 443 2  0.8464  0.47  0.533333  7.13706e-312
from 3 to 2 matchnode 942

942 63 2  0.5002  0.6734  0.673333  6.95138e-310
942 1283 2  0.6039  0.6624  0.52  7.13687e-312
edge_match: 
from 4 to 1 matchnode 122

122 443 2  0.7921  0.648  0.773333  7.13688e-312
from 4 to 2 matchnode 122

122 63 2  0.5913  0.4928  0.57  7.13705e-312
122 1283 2  0.8217  0.5952  0.66  7.13705e-312
from 4 to 1 matchnode 210

210 443 2  0.729  0.5293  0.85  7.13688e-312
from 4 to 2 matchnode 210

210 63 2  0.5184  0.608  0.736667  7.13706e-312
210 1283 2  0.576  0.532  0.76  7.13706e-312

pattern answer5:
vertex1: 节点个数 1
549 1 0.53
vertex2: 节点个数 2
187 2 0.54
2514 2 0.7
vertex3: 节点个数 2
751 3 0.98
942 3 0.58
vertex4: 节点个数 2
122 4 1
413 4 0.64
edge_match: 
from 1 to 4 matchnode 549

549 122 2  0.9212  0.67  0.613333  7.13706e-312
549 413 2  0.73  0.6942  0.66  7.13706e-312
edge_match: 
from 2 to 1 matchnode 187

187 549 2  0.4656  0.4661  0.55  7.5622e-314
from 2 to 1 matchnode 2514

2514 549 2  0.5624  0.4914  0.526667  7.5622e-314
edge_match: 
from 3 to 1 matchnode 751

751 549 2  0.6528  0.7476  0.803333  7.13706e-312
from 3 to 2 matchnode 751

751 187 2  0.5115  0.4503  0.746667  6.95138e-310
751 2514 2  0.5246  0.6486  0.84  6.95138e-310
from 3 to 1 matchnode 942

942 549 2  0.7138  0.5896  0.703333  7.13706e-312
from 3 to 2 matchnode 942

942 187 2  0.69  0.4704  0.526667  6.95138e-310
942 2514 2  0.7081  0.5376  0.593333  6.95138e-310
edge_match: 
from 4 to 1 matchnode 122

122 549 1  0.86  0.67  0.765  7.13704e-312
from 4 to 2 matchnode 122

122 187 2  0.5325  0.5332  0.77  7.13705e-312
122 2514 2  0.5916  0.6076  0.893333  7.13705e-312
from 4 to 1 matchnode 413

413 549 2  0.8924  0.731  0.45  7.13704e-312
from 4 to 2 matchnode 413

413 187 2  0.6208  0.52  0.536667  6.95138e-310
413 2514 2  0.799  0.7905  0.686667  6.95138e-310

pattern answer6:
vertex1: 节点个数 1
2218 1 0.73
vertex2: 节点个数 2
719 2 0.98
918 2 0.6
vertex3: 节点个数 2
74 3 0.81
942 3 0.58
vertex4: 节点个数 2
89 4 0.77
1401 4 0.98
edge_match: 
from 1 to 4 matchnode 2218

2218 89 2  0.798  0.567  0.79  7.13704e-312
2218 1401 2  0.855  0.864  0.886667  7.13704e-312
edge_match: 
from 2 to 1 matchnode 719

719 2218 2  0.799  0.6975  0.78  7.5622e-314
from 2 to 1 matchnode 918

918 2218 2  0.7372  0.6097  0.59  7.5622e-314
edge_match: 
from 3 to 1 matchnode 74

74 2218 2  0.9024  0.9408  0.78  7.13704e-312
from 3 to 2 matchnode 74

74 719 2  0.7238  0.738  0.783333  6.95138e-310
74 918 2  0.8455  0.6804  0.76  6.95138e-310
from 3 to 1 matchnode 942

942 2218 2  0.9212  0.4575  0.646667  7.13704e-312
from 3 to 2 matchnode 942

942 719 2  0.5382  0.4592  0.776667  6.95138e-310
942 918 2  0.4888  0.6279  0.46  6.95138e-310
edge_match: 
from 4 to 1 matchnode 89

89 2218 2  0.8544  0.5586  0.766667  7.13692e-312
from 4 to 2 matchnode 89

89 719 2  0.6006  0.5518  0.593333  6.95138e-310
89 918 2  0.7565  0.6097  0.613333  6.95138e-310
from 4 to 1 matchnode 1401

1401 2218 2  0.4536  0.8099  0.77  7.13692e-312
from 4 to 2 matchnode 1401

1401 719 2  0.69  0.48  0.856667  7.13706e-312
1401 918 2  0.8118  0.7896  0.78  7.13706e-312

pattern answer1:
vertex1: 节点个数 1
30 1 0.47
vertex2: 节点个数 2
719 2 0.98
1903 2 1
vertex3: 节点个数 2
74 3 0.81
1751 3 0.87
vertex4: 节点个数 2
89 4 0.77
122 4 1
edge_match: 
from 1 to 4 matchnode 30

30 89 2  0.71  0.5208  0.516667  1.38376e-311
30 122 2  0.6716  0.7134  0.81  1.38376e-311
edge_match: 
from 2 to 1 matchnode 719

719 30 2  0.5767  0.486  0.816667  0
from 2 to 1 matchnode 1903

1903 30 2  0.8415  0.9114  0.593333  0
edge_match: 
from 3 to 1 matchnode 74

74 30 1  0.93  0.71  0.64  1.38376e-311
from 3 to 2 matchnode 74

74 719 2  0.7238  0.738  0.783333  6.95127e-310
74 1903 2  0.4675  0.4508  0.76  1.38374e-311
from 3 to 1 matchnode 1751

1751 30 2  0.4512  0.5292  0.68  1.38376e-311
from 3 to 2 matchnode 1751

1751 719 2  0.6696  0.4898  0.75  6.95127e-310
1751 1903 2  0.4623  0.473  0.8  1.38374e-311
edge_match: 
from 4 to 1 matchnode 89

89 30 1  0.87  0.75  0.62  1.38376e-311
from 4 to 2 matchnode 89

89 719 2  0.6006  0.5518  0.593333  6.95127e-310
89 1903 2  0.558  0.7802  0.846667  6.95127e-310
from 4 to 1 matchnode 122

122 30 2  0.7068  0.568  0.76  1.38376e-311
from 4 to 2 matchnode 122

122 719 2  0.5175  0.5084  0.916667  1.38376e-311
122 1903 2  0.5934  0.5762  0.843333  1.38376e-311

pattern answer2:
vertex1: 节点个数 1
44 1 0.9
vertex2: 节点个数 2
918 2 0.6
2101 2 0.83
vertex3: 节点个数 2
942 3 0.58
1613 3 0.68
vertex4: 节点个数 2
21 4 0.45
354 4 0.99
edge_match: 
from 1 to 4 matchnode 44

44 21 2  0.6596  0.76  0.736667  1.38374e-311
44 354 2  0.9021  0.48  0.916667  1.38374e-311
edge_match: 
from 2 to 1 matchnode 918

918 44 2  0.7448  0.8918  0.576667  1.38374e-311
from 2 to 1 matchnode 2101

2101 44 2  0.5396  0.5733  0.653333  1.38374e-311
edge_match: 
from 3 to 1 matchnode 942

942 44 2  0.6552  0.801  0.616667  1.38376e-311
from 3 to 2 matchnode 942

942 918 2  0.4888  0.6279  0.46  6.95127e-310
942 2101 2  0.4757  0.6278  0.61  1.38376e-311
from 3 to 1 matchnode 1613

1613 44 2  0.7663  0.4814  0.836667  1.38376e-311
from 3 to 2 matchnode 1613

1613 918 2  0.9306  0.5775  0.553333  6.95127e-310
1613 2101 2  0.7371  0.7332  0.813333  1.38376e-311
edge_match: 
from 4 to 1 matchnode 21

21 44 2  0.6156  0.5278  0.526667  1.38374e-311
from 4 to 2 matchnode 21

21 918 2  0.639  0.798  0.466667  6.95127e-310
21 2101 2  0.7636  0.63  0.583333  6.95127e-310
from 4 to 1 matchnode 354

354 44 2  0.5226  0.6952  0.926667  1.38374e-311
from 4 to 2 matchnode 354

354 918 2  0.612  0.714  0.646667  1.38374e-311
354 2101 2  0.486  0.7068  0.76  1.38374e-311

pattern answer3:
vertex1: 节点个数 1
83 1 0.86
vertex2: 节点个数 2
719 2 0.98
2548 2 0.63
vertex3: 节点个数 2
175 3 0.72
942 3 0.58
vertex4: 节点个数 2
67 4 0.78
122 4 1
edge_match: 
from 1 to 4 matchnode 83

83 67 1  0.96  0.77  0.82  1.38374e-311
83 122 2  0.4753  0.8184  0.77  1.38374e-311
edge_match: 
from 2 to 1 matchnode 719

719 83 2  0.5192  0.8008  0.783333  1.38374e-311
from 2 to 1 matchnode 2548

2548 83 2  0.4818  0.5772  0.743333  1.38374e-311
edge_match: 
from 3 to 1 matchnode 175

175 83 2  0.5865  0.52  0.683333  1.38376e-311
from 3 to 2 matchnode 175

175 719 2  0.6141  0.6314  0.823333  6.95127e-310
175 2548 2  0.8366  0.7161  0.706667  1.38374e-311
from 3 to 1 matchnode 942

942 83 1  0.64  0.88  0.72  1.38376e-311
from 3 to 2 matchnode 942

942 719 2  0.5382  0.4592  0.776667  6.95127e-310
942 2548 2  0.7332  0.5208  0.66  1.38374e-311
edge_match: 
from 4 to 1 matchnode 67

67 83 1  0.51  0.45  0.82  1.38376e-311
from 4 to 2 matchnode 67

67 719 2  0.6603  0.6399  0.72  6.95127e-310
67 2548 2  0.5734  0.8649  0.726667  6.95127e-310
from 4 to 1 matchnode 122

122 83 2  0.801  0.4536  0.77  1.38376e-311
from 4 to 2 matchnode 122

122 719 2  0.5175  0.5084  0.916667  1.38376e-311
122 2548 2  0.705  0.5766  0.8  1.38376e-311

pattern answer4:
vertex1: 节点个数 1
443 1 0.87
vertex2: 节点个数 2
63 2 0.52
1283 2 0.59
vertex3: 节点个数 2
584 3 0.78
942 3 0.58
vertex4: 节点个数 2
122 4 1
210 4 0.82
edge_match: 
from 1 to 4 matchnode 443

443 122 2  0.5848  0.6864  0.91  1.38376e-311
443 210 2  0.5695  0.637  0.736667  1.38376e-311
edge_match: 
from 2 to 1 matchnode 63

63 443 2  0.4956  0.65  0.603333  1.38374e-311
from 2 to 1 matchnode 1283

1283 443 2  0.6966  0.6231  0.773333  1.38374e-311
edge_match: 
from 3 to 1 matchnode 584

584 443 2  0.486  0.6004  0.82  1.38376e-311
from 3 to 2 matchnode 584

584 63 2  0.6768  0.6208  0.723333  6.95127e-310
584 1283 2  0.752  0.5432  0.746667  1.38374e-311
from 3 to 1 matchnode 942

942 443 2  0.8464  0.47  0.533333  1.38376e-311
from 3 to 2 matchnode 942

942 63 2  0.5002  0.6734  0.673333  6.95127e-310
942 1283 2  0.6039  0.6624  0.52  1.38374e-311
edge_match: 
from 4 to 1 matchnode 122

122 443 2  0.7921  0.648  0.773333  1.38376e-311
from 4 to 2 matchnode 122

122 63 2  0.5913  0.4928  0.57  1.38376e-311
122 1283 2  0.8217  0.5952  0.66  1.38376e-311
from 4 to 1 matchnode 210

210 443 2  0.729  0.5293  0.85  1.38376e-311
from 4 to 2 matchnode 210

210 63 2  0.5184  0.608  0.736667  1.38376e-311
210 1283 2  0.576  0.532  0.76  1.38376e-311

pattern answer5:
vertex1: 节点个数 1
549 1 0.53
vertex2: 节点个数 2
187 2 0.54
2514 2 0.7
vertex3: 节点个数 2
751 3 0.98
942 3 0.58
vertex4: 节点个数 2
122 4 1
413 4 0.64
edge_match: 
from 1 to 4 matchnode 549

549 122 2  0.9212  0.67  0.613333  1.38376e-311
549 413 2  0.73  0.6942  0.66  1.38376e-311
edge_match: 
from 2 to 1 matchnode 187

187 549 2  0.4656  0.4661  0.55  3.27886e-312
from 2 to 1 matchnode 2514

2514 549 2  0.5624  0.4914  0.526667  3.27886e-312
edge_match: 
from 3 to 1 matchnode 751

751 549 2  0.6528  0.7476  0.803333  1.38376e-311
from 3 to 2 matchnode 751

751 187 2  0.5115  0.4503  0.746667  6.95127e-310
751 2514 2  0.5246  0.6486  0.84  6.95127e-310
from 3 to 1 matchnode 942

942 549 2  0.7138  0.5896  0.703333  1.38376e-311
from 3 to 2 matchnode 942

942 187 2  0.69  0.4704  0.526667  6.95127e-310
942 2514 2  0.7081  0.5376  0.593333  6.95127e-310
edge_match: 
from 4 to 1 matchnode 122

122 549 1  0.86  0.67  0.765  1.38376e-311
from 4 to 2 matchnode 122

122 187 2  0.5325  0.5332  0.77  1.38376e-311
122 2514 2  0.5916  0.6076  0.893333  1.38376e-311
from 4 to 1 matchnode 413

413 549 2  0.8924  0.731  0.45  1.38376e-311
from 4 to 2 matchnode 413

413 187 2  0.6208  0.52  0.536667  6.95127e-310
413 2514 2  0.799  0.7905  0.686667  6.95127e-310

pattern answer6:
vertex1: 节点个数 1
2218 1 0.73
vertex2: 节点个数 2
719 2 0.98
918 2 0.6
vertex3: 节点个数 2
74 3 0.81
942 3 0.58
vertex4: 节点个数 2
89 4 0.77
1401 4 0.98
edge_match: 
from 1 to 4 matchnode 2218

2218 89 2  0.798  0.567  0.79  1.38376e-311
2218 1401 2  0.855  0.864  0.886667  1.38376e-311
edge_match: 
from 2 to 1 matchnode 719

719 2218 2  0.799  0.6975  0.78  3.27886e-312
from 2 to 1 matchnode 918

918 2218 2  0.7372  0.6097  0.59  3.27886e-312
edge_match: 
from 3 to 1 matchnode 74

74 2218 2  0.9024  0.9408  0.78  1.38376e-311
from 3 to 2 matchnode 74

74 719 2  0.7238  0.738  0.783333  6.95127e-310
74 918 2  0.8455  0.6804  0.76  6.95127e-310
from 3 to 1 matchnode 942

942 2218 2  0.9212  0.4575  0.646667  1.38376e-311
from 3 to 2 matchnode 942

942 719 2  0.5382  0.4592  0.776667  6.95127e-310
942 918 2  0.4888  0.6279  0.46  6.95127e-310
edge_match: 
from 4 to 1 matchnode 89

89 2218 2  0.8544  0.5586  0.766667  1.38376e-311
from 4 to 2 matchnode 89

89 719 2  0.6006  0.5518  0.593333  6.95127e-310
89 918 2  0.7565  0.6097  0.613333  6.95127e-310
from 4 to 1 matchnode 1401

1401 2218 2  0.4536  0.8099  0.77  1.38376e-311
from 4 to 2 matchnode 1401

1401 719 2  0.69  0.48  0.856667  1.38376e-311
1401 918 2  0.8118  0.7896  0.78  1.38376e-311

