pattern answer1:
vertex1: 节点个数 1
69 1 0.61
vertex2: 节点个数 3
2850 2 0.9
3183 2 0.63
5505 2 0.83
vertex3: 节点个数 3
96 3 0.69
1067 3 0.61
2413 3 0.81
vertex4: 节点个数 3
2305 4 0.71
5552 4 0.7
8360 4 0.48
edge_match: 
from 1 to 2 matchnode 69

69 2850 2  0.828  0.5304  0.823333  9.69752e-312
69 3183 2  0.539  0.8148  0.713333  9.69752e-312
69 5505 1  0.71  0.79  0.72  9.69752e-312
from 1 to 3 matchnode 69

69 96 2  0.504  0.6141  0.746667  9.69752e-312
69 1067 2  0.5355  0.792  0.59  9.69752e-312
69 2413 2  0.7744  0.6237  0.503333  9.69752e-312
from 1 to 4 matchnode 69

69 2305 2  0.6794  0.474  0.48  9.69752e-312
69 5552 2  0.6888  0.4717  0.58  9.69752e-312
69 8360 2  0.5985  0.456  0.526667  9.69752e-312
edge_match: 
from 2 to 1 matchnode 2850

2850 69 2  0.6132  0.517  0.633333  9.69752e-312
from 2 to 4 matchnode 2850

2850 2305 2  0.6804  0.4794  0.666667  6.9516e-310
2850 5552 2  0.4977  0.6035  0.806667  9.70347e-312
2850 8360 2  0.57  0.464  0.66  9.70347e-312
from 2 to 1 matchnode 3183

3183 69 2  0.4536  0.4697  0.606667  9.69752e-312
from 2 to 4 matchnode 3183

3183 2305 2  0.6351  0.4736  0.533333  6.9516e-310
3183 5552 2  0.48  0.6336  0.546667  9.70347e-312
3183 8360 2  0.4672  0.4958  0.456667  9.70347e-312
from 2 to 1 matchnode 5505

5505 69 1  0.91  1  0.72  9.69752e-312
from 2 to 4 matchnode 5505

5505 2305 2  0.7138  0.5976  0.726667  6.9516e-310
5505 5552 2  0.4968  0.5964  0.513333  9.70347e-312
5505 8360 2  0.6364  0.5063  0.65  9.70347e-312
edge_match: 
from 3 to 2 matchnode 96

96 2850 2  0.4554  0.5785  0.8  6.9516e-310
96 3183 1  1  0.55  0.66  6.9516e-310
96 5505 2  0.4888  0.5312  0.81  6.9516e-310
from 3 to 2 matchnode 1067

1067 2850 2  0.7912  0.702  0.823333  9.70347e-312
1067 3183 1  0.54  0.76  0.62  9.70347e-312
1067 5505 2  0.62  0.5896  0.74  9.70347e-312
from 3 to 2 matchnode 2413

2413 2850 2  0.6324  0.6232  0.866667  9.70347e-312
2413 3183 2  0.555  0.5548  0.73  9.70347e-312
2413 5505 2  0.5643  0.6014  0.746667  9.70347e-312
edge_match: 

pattern answer2:
vertex1: 节点个数 1
226 1 0.45
vertex2: 节点个数 3
3183 2 0.63
5203 2 0.88
5611 2 0.96
vertex3: 节点个数 3
96 3 0.69
154 3 0.64
1067 3 0.61
vertex4: 节点个数 3
5538 4 0.75
5653 4 0.6
8064 4 0.73
edge_match: 
from 1 to 2 matchnode 226

226 3183 2  0.64  0.5445  0.59  9.70347e-312
226 5203 2  0.7268  0.4851  0.656667  9.70347e-312
226 5611 2  0.5376  0.8118  0.7  9.70347e-312
from 1 to 3 matchnode 226

226 96 1  0.64  0.99  0.57  9.70347e-312
226 154 2  0.5963  0.8366  0.683333  9.70347e-312
226 1067 1  0.53  0.64  0.53  9.70347e-312
from 1 to 4 matchnode 226

226 5538 2  0.5828  0.8556  0.49  9.70347e-312
226 5653 2  0.4928  0.7896  0.62  9.70347e-312
226 8064 2  0.7031  0.7722  0.606667  9.70347e-312
edge_match: 
from 2 to 1 matchnode 3183

3183 226 2  0.4582  0.468  0.583333  9.70347e-312
from 2 to 4 matchnode 3183

3183 5538 2  0.7068  0.5301  0.65  9.70347e-312
3183 5653 2  0.7826  0.7081  0.503333  9.70347e-312
3183 8064 2  0.6375  0.6083  0.523333  9.70347e-312
from 2 to 1 matchnode 5203

5203 226 2  0.513  0.7055  0.48  9.70347e-312
from 2 to 4 matchnode 5203

5203 5538 2  0.684  0.528  0.833333  9.70347e-312
5203 5653 2  0.5529  0.595  0.496667  9.70347e-312
5203 8064 2  0.6106  0.78  0.566667  9.70347e-312
from 2 to 1 matchnode 5611

5611 226 2  0.5841  0.5751  0.7  9.70347e-312
from 2 to 4 matchnode 5611

5611 5538 2  0.5382  0.5238  0.833333  9.70347e-312
5611 5653 2  0.4704  0.5824  0.776667  9.70347e-312
5611 8064 2  0.8372  0.7189  0.57  9.70347e-312
edge_match: 
from 3 to 2 matchnode 96

96 3183 1  1  0.55  0.66  6.9516e-310
96 5203 2  0.5544  0.7565  0.793333  6.9516e-310
96 5611 1  0.84  0.82  0.825  6.9516e-310
from 3 to 2 matchnode 154

154 3183 2  0.5074  0.462  0.563333  9.70347e-312
154 5203 2  0.78  0.7626  0.72  9.70347e-312
154 5611 2  0.5676  0.665  0.673333  9.70347e-312
from 3 to 2 matchnode 1067

1067 3183 1  0.54  0.76  0.62  9.70347e-312
1067 5203 2  0.4779  0.816  0.77  9.70347e-312
1067 5611 2  0.5346  0.7296  0.733333  9.70347e-312
edge_match: 

