pattern answer1:
vertex1: 节点个数 1
32722 1 0.95
vertex2: 节点个数 3
62676 2 0.6
65240 2 0.85
145714 2 0.66
vertex3: 节点个数 3
16842 3 0.59
109944 3 0.69
138443 3 0.86
vertex4: 节点个数 3
25180 4 0.88
27161 4 0.51
52204 4 0.61
edge_match: 
from 1 to 2 matchnode 32722

32722 62676 2  0.6364  0.6723  0.656667  9.88131e-324
32722 65240 2  0.8342  0.664  0.74  9.88131e-324
32722 145714 2  0.4558  0.7968  0.676667  9.88131e-324
from 1 to 3 matchnode 32722

32722 16842 2  0.8342  0.5146  0.653333  9.88131e-324
32722 109944 2  0.7482  0.7719  0.686667  9.88131e-324
32722 138443 2  0.6536  0.5146  0.743333  9.88131e-324
from 1 to 4 matchnode 32722

32722 25180 2  0.602  0.7304  0.75  9.88131e-324
32722 27161 2  0.6966  0.5229  0.626667  9.88131e-324
32722 52204 2  0.5418  0.5063  0.66  9.88131e-324
edge_match: 
from 2 to 1 matchnode 62676

62676 32722 2  0.8051  0.6916  0.656667  9.88131e-324
from 2 to 4 matchnode 62676

62676 25180 2  0.679  0.8008  0.633333  6.9514e-310
62676 27161 2  0.7857  0.5733  0.51  6.9514e-310
62676 52204 2  0.6111  0.5551  0.543333  6.9514e-310
from 2 to 1 matchnode 65240

65240 32722 2  0.6142  0.5928  0.74  9.88131e-324
from 2 to 4 matchnode 65240

65240 25180 2  0.518  0.6864  0.716667  6.9514e-310
65240 27161 2  0.5994  0.4914  0.593333  6.9514e-310
65240 52204 2  0.4662  0.4758  0.626667  6.9514e-310
from 2 to 1 matchnode 145714

145714 32722 2  0.7968  0.6308  0.676667  9.88131e-324
from 2 to 4 matchnode 145714

145714 25180 2  0.672  0.7304  0.653333  6.9514e-310
145714 27161 2  0.7776  0.5229  0.53  6.9514e-310
145714 52204 2  0.6048  0.5063  0.563333  6.9514e-310
edge_match: 
from 3 to 2 matchnode 16842

16842 62676 2  0.7326  0.4779  0.536667  6.9514e-310
16842 65240 2  0.9603  0.472  0.62  6.9514e-310
16842 145714 2  0.5247  0.5664  0.556667  6.9514e-310
from 3 to 2 matchnode 109944

109944 62676 2  0.666  0.6885  0.57  1.29534e-311
109944 65240 2  0.873  0.68  0.653333  1.29534e-311
109944 145714 2  0.477  0.816  0.59  1.29534e-311
from 3 to 2 matchnode 138443

138443 62676 2  0.7104  0.7776  0.626667  1.29534e-311
138443 65240 2  0.9312  0.768  0.71  1.29534e-311
138443 145714 2  0.5088  0.9216  0.646667  1.29534e-311
edge_match: 

pattern answer2:
vertex1: 节点个数 1
67209 1 0.68
vertex2: 节点个数 3
62310 2 0.99
68257 2 0.96
153475 2 0.48
vertex3: 节点个数 3
70244 3 0.99
201581 3 0.68
218492 3 0.46
vertex4: 节点个数 3
48091 4 0.89
68448 4 0.86
89657 4 0.51
edge_match: 
from 1 to 2 matchnode 67209

67209 62310 2  0.4876  0.5796  0.783333  9.88131e-324
67209 68257 2  0.7776  0.4838  0.736667  9.88131e-324
67209 153475 2  0.6318  0.5074  0.576667  9.88131e-324
from 1 to 3 matchnode 67209

67209 70244 2  0.828  0.4851  0.783333  9.88131e-324
67209 201581 2  0.6156  0.5074  0.643333  9.88131e-324
67209 218492 2  0.6318  0.472  0.57  9.88131e-324
from 1 to 4 matchnode 67209

67209 48091 2  0.7047  0.531  0.713333  9.88131e-324
67209 68448 2  0.6642  0.5782  0.703333  9.88131e-324
67209 89657 2  0.7209  0.5841  0.586667  9.88131e-324
edge_match: 
from 2 to 1 matchnode 62310

62310 67209 2  0.6016  0.5226  0.746667  9.88131e-324
from 2 to 4 matchnode 62310

62310 48091 2  0.5568  0.603  0.816667  6.9514e-310
62310 68448 2  0.5248  0.6566  0.806667  6.9514e-310
62310 89657 2  0.5696  0.6633  0.69  6.9514e-310
from 2 to 1 matchnode 68257

68257 67209 2  0.8742  0.468  0.736667  9.88131e-324
from 2 to 4 matchnode 68257

68257 48091 2  0.8091  0.54  0.806667  6.9514e-310
68257 68448 2  0.7626  0.588  0.796667  6.9514e-310
68257 89657 2  0.8277  0.594  0.68  6.9514e-310
from 2 to 1 matchnode 153475

153475 67209 2  0.6298  0.5226  0.576667  9.88131e-324
from 2 to 4 matchnode 153475

153475 48091 2  0.5829  0.603  0.646667  6.9514e-310
153475 68448 2  0.5494  0.6566  0.636667  6.9514e-310
153475 89657 2  0.5963  0.6633  0.52  6.9514e-310
edge_match: 
from 3 to 2 matchnode 70244

70244 62310 2  0.4575  0.6499  0.85  6.9514e-310
70244 68257 2  0.5856  0.7954  0.84  6.9514e-310
70244 153475 2  0.4758  0.8342  0.68  6.9514e-310
from 3 to 2 matchnode 201581

201581 62310 2  0.7275  0.4623  0.746667  1.29534e-311
201581 68257 2  0.9312  0.5658  0.736667  1.29534e-311
201581 153475 2  0.7566  0.5934  0.576667  1.29534e-311
from 3 to 2 matchnode 218492

218492 62310 2  0.6825  0.5896  0.673333  1.29534e-311
218492 68257 2  0.8736  0.7216  0.663333  1.29534e-311
218492 153475 2  0.7098  0.7568  0.503333  1.29534e-311
edge_match: 

pattern answer3:
vertex1: 节点个数 1
67220 1 0.87
vertex2: 节点个数 3
62310 2 0.99
68257 2 0.96
112263 2 0.56
vertex3: 节点个数 3
70244 3 0.99
72641 3 0.89
107078 3 0.77
vertex4: 节点个数 3
78173 4 0.62
114402 4 0.55
120959 4 0.74
edge_match: 
from 1 to 2 matchnode 67220

67220 62310 2  0.675  0.6499  0.81  1.29534e-311
67220 68257 2  0.864  0.7954  0.8  1.29534e-311
67220 112263 2  0.819  0.8439  0.666667  1.29534e-311
from 1 to 3 matchnode 67220

67220 70244 2  0.765  0.5159  0.846667  1.29534e-311
67220 72641 2  0.468  0.776  0.776667  1.29534e-311
67220 107078 2  0.648  0.6402  0.736667  1.29534e-311
from 1 to 4 matchnode 67220

67220 78173 2  0.837  0.582  0.686667  1.29534e-311
67220 114402 2  0.621  0.7081  0.663333  1.29534e-311
67220 120959 2  0.54  0.6402  0.726667  1.29534e-311
edge_match: 
from 2 to 1 matchnode 62310

62310 67220 2  0.456  0.7912  0.76  1.29534e-311
from 2 to 4 matchnode 62310

62310 78173 2  0.5548  0.608  0.763333  6.9514e-310
62310 114402 2  0.5415  0.7452  0.653333  1.29534e-311
62310 120959 2  0.4959  0.7636  0.716667  1.29534e-311
from 2 to 1 matchnode 68257

68257 67220 2  0.704  0.7912  0.75  1.29534e-311
from 2 to 4 matchnode 68257

68257 78173 2  0.7081  0.4544  0.753333  6.9514e-310
68257 114402 2  0.836  0.7452  0.643333  1.29534e-311
68257 120959 2  0.7656  0.7636  0.706667  1.29534e-311
from 2 to 1 matchnode 112263

112263 67220 2  0.464  0.5848  0.616667  1.29534e-311
from 2 to 4 matchnode 112263

112263 78173 2  0.4557  0.474  0.583333  6.9514e-310
112263 114402 2  0.551  0.5508  0.51  1.29534e-311
112263 120959 2  0.5046  0.5644  0.573333  1.29534e-311
edge_match: 
from 3 to 2 matchnode 70244

70244 62310 2  0.4575  0.6499  0.85  6.9514e-310
70244 68257 2  0.5856  0.7954  0.84  6.9514e-310
70244 112263 2  0.5551  0.8439  0.706667  6.9514e-310
from 3 to 2 matchnode 72641

72641 62310 2  0.5025  0.4757  0.816667  6.9514e-310
72641 68257 2  0.6432  0.5822  0.806667  6.9514e-310
72641 112263 2  0.6097  0.6177  0.673333  6.9514e-310
from 3 to 2 matchnode 107078

107078 62310 2  0.645  0.6097  0.776667  1.29534e-311
107078 68257 2  0.8256  0.7462  0.766667  1.29534e-311
107078 112263 2  0.7826  0.7917  0.633333  1.29534e-311
edge_match: 

pattern answer4:
vertex1: 节点个数 1
71978 1 0.52
vertex2: 节点个数 3
68257 2 0.96
104288 2 0.63
106866 2 0.83
vertex3: 节点个数 3
84944 3 0.54
107078 3 0.77
113124 3 0.99
vertex4: 节点个数 3
48091 4 0.89
68448 4 0.86
89657 4 0.51
edge_match: 
from 1 to 2 matchnode 71978

71978 68257 2  0.72  0.7052  0.683333  9.88131e-324
71978 104288 2  0.69  0.7826  0.573333  9.88131e-324
71978 106866 2  0.6675  0.7568  0.64  9.88131e-324
from 1 to 3 matchnode 71978

71978 84944 2  0.585  0.516  0.543333  9.88131e-324
71978 107078 2  0.54  0.5676  0.62  9.88131e-324
71978 113124 2  0.48  0.5762  0.693333  9.88131e-324
from 1 to 4 matchnode 71978

71978 48091 2  0.6525  0.774  0.66  9.88131e-324
71978 68448 2  0.615  0.8428  0.65  9.88131e-324
71978 89657 2  0.6675  0.8514  0.533333  9.88131e-324
edge_match: 
from 2 to 1 matchnode 68257

68257 71978 2  0.8184  0.582  0.683333  9.88131e-324
from 2 to 4 matchnode 68257

68257 48091 2  0.8091  0.54  0.806667  6.9514e-310
68257 68448 2  0.7626  0.588  0.796667  6.9514e-310
68257 89657 2  0.8277  0.594  0.68  6.9514e-310
from 2 to 1 matchnode 104288

104288 71978 2  0.7744  0.5044  0.573333  9.88131e-324
from 2 to 4 matchnode 104288

104288 48091 2  0.7656  0.468  0.696667  6.9514e-310
104288 68448 2  0.7216  0.5096  0.686667  6.9514e-310
104288 89657 2  0.7832  0.5148  0.57  6.9514e-310
from 2 to 1 matchnode 106866

106866 71978 2  0.5192  0.485  0.64  9.88131e-324
from 2 to 4 matchnode 106866

106866 48091 2  0.5133  0.45  0.763333  6.9514e-310
106866 68448 2  0.4838  0.49  0.753333  6.9514e-310
106866 89657 2  0.5251  0.495  0.636667  6.9514e-310
edge_match: 
from 3 to 2 matchnode 84944

84944 68257 2  0.8064  0.451  0.69  1.29487e-311
84944 104288 2  0.7728  0.5005  0.58  1.29487e-311
84944 106866 2  0.7476  0.484  0.646667  1.29487e-311
from 3 to 2 matchnode 107078

107078 68257 2  0.8256  0.7462  0.766667  1.29534e-311
107078 104288 2  0.7912  0.8281  0.656667  1.29534e-311
107078 106866 2  0.7654  0.8008  0.723333  1.29534e-311
from 3 to 2 matchnode 113124

113124 68257 2  0.6912  0.738  0.84  1.29534e-311
113124 104288 2  0.6624  0.819  0.73  1.29534e-311
113124 106866 2  0.6408  0.792  0.796667  1.29534e-311
edge_match: 

pattern answer5:
vertex1: 节点个数 1
75679 1 0.59
vertex2: 节点个数 3
68257 2 0.96
113921 2 0.64
129258 2 0.56
vertex3: 节点个数 3
100263 3 0.99
107078 3 0.77
113124 3 0.99
vertex4: 节点个数 3
52204 4 0.61
114402 4 0.55
120959 4 0.74
edge_match: 
from 1 to 2 matchnode 75679

75679 68257 2  0.7968  0.7134  0.706667  9.88131e-324
75679 113921 2  0.5478  0.6438  0.6  9.88131e-324
75679 129258 2  0.581  0.7134  0.573333  9.88131e-324
from 1 to 3 matchnode 75679

75679 100263 2  0.4731  0.4785  0.716667  9.88131e-324
75679 107078 2  0.5976  0.5742  0.643333  9.88131e-324
75679 113124 2  0.5312  0.5829  0.716667  9.88131e-324
from 1 to 4 matchnode 75679

75679 52204 2  0.485  0.5742  0.626667  9.88131e-324
75679 114402 2  0.5727  0.6351  0.57  9.88131e-324
75679 120959 2  0.498  0.5742  0.633333  9.88131e-324
edge_match: 
from 2 to 1 matchnode 68257

68257 75679 2  0.6688  0.8924  0.656667  9.88131e-324
from 2 to 4 matchnode 68257

68257 52204 2  0.9409  0.4686  0.75  6.9514e-310
68257 114402 2  0.836  0.7452  0.643333  1.29534e-311
68257 120959 2  0.7656  0.7636  0.706667  1.29534e-311
from 2 to 1 matchnode 113921

113921 75679 2  0.6916  0.7566  0.55  9.88131e-324
from 2 to 4 matchnode 113921

113921 52204 2  0.5733  0.4758  0.556667  6.9514e-310
113921 114402 2  0.8645  0.6318  0.536667  1.29534e-311
113921 120959 2  0.7917  0.6474  0.6  1.29534e-311
from 2 to 1 matchnode 129258

129258 75679 2  0.5624  0.8827  0.523333  9.88131e-324
from 2 to 4 matchnode 129258

129258 52204 2  0.4662  0.5551  0.53  6.9514e-310
129258 114402 2  0.703  0.7371  0.51  1.29534e-311
129258 120959 2  0.6438  0.7553  0.573333  1.29534e-311
edge_match: 
from 3 to 2 matchnode 100263

100263 68257 2  0.6912  0.533  0.84  1.29487e-311
100263 113921 2  0.4752  0.481  0.733333  1.29487e-311
100263 129258 2  0.504  0.533  0.706667  1.29487e-311
from 3 to 2 matchnode 107078

107078 68257 2  0.8256  0.7462  0.766667  1.29534e-311
107078 113921 2  0.5676  0.6734  0.66  1.29534e-311
107078 129258 2  0.602  0.7462  0.633333  1.29534e-311
from 3 to 2 matchnode 113124

113124 68257 2  0.6912  0.738  0.84  1.29534e-311
113124 113921 2  0.4752  0.666  0.733333  1.29534e-311
113124 129258 2  0.504  0.738  0.706667  1.29534e-311
edge_match: 

pattern answer6:
vertex1: 节点个数 1
78176 1 0.56
vertex2: 节点个数 3
65240 2 0.85
99194 2 0.6
116487 2 0.55
vertex3: 节点个数 3
67454 3 0.99
109944 3 0.69
115287 3 0.85
vertex4: 节点个数 3
25180 4 0.88
27161 4 0.51
62445 4 0.87
edge_match: 
from 1 to 2 matchnode 78176

78176 65240 2  0.6693  0.64  0.61  9.88131e-324
78176 99194 2  0.5865  0.568  0.526667  9.88131e-324
78176 116487 2  0.6831  0.568  0.51  9.88131e-324
from 1 to 3 matchnode 78176

78176 67454 2  0.6348  0.8  0.656667  9.88131e-324
78176 109944 2  0.6003  0.744  0.556667  9.88131e-324
78176 115287 2  0.5175  0.624  0.61  9.88131e-324
from 1 to 4 matchnode 78176

78176 25180 2  0.483  0.704  0.62  9.88131e-324
78176 27161 2  0.5589  0.504  0.496667  9.88131e-324
78176 62445 2  0.6003  0.632  0.616667  9.88131e-324
edge_match: 
from 2 to 1 matchnode 65240

65240 78176 2  0.5032  0.6396  0.61  9.88131e-324
from 2 to 4 matchnode 65240

65240 25180 2  0.518  0.6864  0.716667  6.9514e-310
65240 27161 2  0.5994  0.4914  0.593333  6.9514e-310
65240 62445 2  0.6438  0.6162  0.713333  1.29534e-311
from 2 to 1 matchnode 99194

99194 78176 2  0.6732  0.6396  0.526667  9.88131e-324
from 2 to 4 matchnode 99194

99194 25180 2  0.693  0.6864  0.633333  6.9514e-310
99194 27161 2  0.8019  0.4914  0.51  6.9514e-310
99194 62445 2  0.8613  0.6162  0.63  1.29534e-311
from 2 to 1 matchnode 116487

116487 78176 2  0.5168  0.615  0.51  9.88131e-324
from 2 to 4 matchnode 116487

116487 25180 2  0.532  0.66  0.616667  6.9514e-310
116487 27161 2  0.6156  0.4725  0.493333  6.9514e-310
116487 62445 2  0.6612  0.5925  0.613333  1.29534e-311
edge_match: 
from 3 to 2 matchnode 67454

67454 65240 2  0.5626  0.744  0.753333  1.29534e-311
67454 99194 2  0.493  0.6603  0.67  1.29534e-311
67454 116487 2  0.5742  0.6603  0.653333  1.29534e-311
from 3 to 2 matchnode 109944

109944 65240 2  0.873  0.68  0.653333  1.29534e-311
109944 99194 2  0.765  0.6035  0.57  1.29534e-311
109944 116487 2  0.891  0.6035  0.553333  1.29534e-311
from 3 to 2 matchnode 115287

115287 65240 2  0.679  0.672  0.706667  1.29534e-311
115287 99194 2  0.595  0.5964  0.623333  1.29534e-311
115287 116487 2  0.693  0.5964  0.606667  1.29534e-311
edge_match: 

pattern answer7:
vertex1: 节点个数 1
80027 1 0.7
vertex2: 节点个数 3
66559 2 0.75
68257 2 0.96
104958 2 0.61
vertex3: 节点个数 3
107078 3 0.77
113124 3 0.99
218492 3 0.46
vertex4: 节点个数 3
48091 4 0.89
62675 4 0.58
68448 4 0.86
edge_match: 
from 1 to 2 matchnode 80027

80027 66559 2  0.637  0.6039  0.673333  9.88131e-324
80027 68257 2  0.9408  0.8118  0.743333  9.88131e-324
80027 104958 2  0.6664  0.5742  0.626667  9.88131e-324
from 1 to 3 matchnode 80027

80027 107078 2  0.7056  0.6534  0.68  9.88131e-324
80027 113124 2  0.6272  0.6633  0.753333  9.88131e-324
80027 218492 2  0.7644  0.792  0.576667  9.88131e-324
from 1 to 4 matchnode 80027

80027 48091 2  0.8526  0.891  0.72  9.88131e-324
80027 62675 2  0.6272  0.6138  0.616667  9.88131e-324
80027 68448 2  0.8036  0.9702  0.71  9.88131e-324
edge_match: 
from 2 to 1 matchnode 66559

66559 80027 2  0.4928  0.6612  0.673333  9.88131e-324
from 2 to 4 matchnode 66559

66559 48091 2  0.6699  0.783  0.736667  6.9514e-310
66559 62675 2  0.4928  0.5394  0.633333  6.9514e-310
66559 68448 2  0.6314  0.8526  0.726667  6.9514e-310
from 2 to 1 matchnode 68257

68257 80027 2  0.5952  0.456  0.743333  9.88131e-324
from 2 to 4 matchnode 68257

68257 48091 2  0.8091  0.54  0.806667  6.9514e-310
68257 62675 2  0.8536  0.6035  0.74  6.9514e-310
68257 68448 2  0.7626  0.588  0.796667  6.9514e-310
from 2 to 1 matchnode 104958

104958 80027 2  0.6272  0.57  0.626667  9.88131e-324
from 2 to 4 matchnode 104958

104958 48091 2  0.8526  0.675  0.69  6.9514e-310
104958 62675 2  0.704  0.5185  0.623333  6.9514e-310
104958 68448 2  0.8036  0.735  0.68  6.9514e-310
edge_match: 
from 3 to 2 matchnode 107078

107078 66559 2  0.559  0.5551  0.696667  1.29534e-311
107078 68257 2  0.8256  0.7462  0.766667  1.29534e-311
107078 104958 2  0.5848  0.5278  0.65  1.29534e-311
from 3 to 2 matchnode 113124

113124 66559 2  0.468  0.549  0.77  1.29534e-311
113124 68257 2  0.6912  0.738  0.84  1.29534e-311
113124 104958 2  0.4896  0.522  0.723333  1.29534e-311
from 3 to 2 matchnode 218492

218492 66559 2  0.5915  0.5368  0.593333  1.29534e-311
218492 68257 2  0.8736  0.7216  0.663333  1.29534e-311
218492 104958 2  0.6188  0.5104  0.546667  1.29534e-311
edge_match: 

pattern answer8:
vertex1: 节点个数 1
84248 1 0.81
vertex2: 节点个数 3
62676 2 0.6
65240 2 0.85
145714 2 0.66
vertex3: 节点个数 3
16842 3 0.59
109944 3 0.69
138443 3 0.86
vertex4: 节点个数 3
25180 4 0.88
27161 4 0.51
52204 4 0.61
edge_match: 
from 1 to 2 matchnode 84248

84248 62676 2  0.666  0.7857  0.61  9.88131e-324
84248 65240 2  0.873  0.776  0.693333  9.88131e-324
84248 145714 2  0.477  0.9312  0.63  9.88131e-324
from 1 to 3 matchnode 84248

84248 16842 2  0.873  0.6014  0.606667  9.88131e-324
84248 109944 2  0.783  0.9021  0.64  9.88131e-324
84248 138443 2  0.684  0.6014  0.696667  9.88131e-324
from 1 to 4 matchnode 84248

84248 25180 2  0.63  0.8536  0.703333  9.88131e-324
84248 27161 2  0.729  0.6111  0.58  9.88131e-324
84248 52204 2  0.567  0.5917  0.613333  9.88131e-324
edge_match: 
from 2 to 1 matchnode 62676

62676 84248 2  0.6014  0.7189  0.61  9.88131e-324
from 2 to 4 matchnode 62676

62676 25180 2  0.679  0.8008  0.633333  6.9514e-310
62676 27161 2  0.7857  0.5733  0.51  6.9514e-310
62676 52204 2  0.6111  0.5551  0.543333  6.9514e-310
from 2 to 1 matchnode 65240

65240 84248 2  0.4588  0.6162  0.693333  9.88131e-324
from 2 to 4 matchnode 65240

65240 25180 2  0.518  0.6864  0.716667  6.9514e-310
65240 27161 2  0.5994  0.4914  0.593333  6.9514e-310
65240 52204 2  0.4662  0.4758  0.626667  6.9514e-310
from 2 to 1 matchnode 145714

145714 84248 2  0.5952  0.6557  0.63  9.88131e-324
from 2 to 4 matchnode 145714

145714 25180 2  0.672  0.7304  0.653333  6.9514e-310
145714 27161 2  0.7776  0.5229  0.53  6.9514e-310
145714 52204 2  0.6048  0.5063  0.563333  6.9514e-310
edge_match: 
from 3 to 2 matchnode 16842

16842 62676 2  0.7326  0.4779  0.536667  6.9514e-310
16842 65240 2  0.9603  0.472  0.62  6.9514e-310
16842 145714 2  0.5247  0.5664  0.556667  6.9514e-310
from 3 to 2 matchnode 109944

109944 62676 2  0.666  0.6885  0.57  1.29534e-311
109944 65240 2  0.873  0.68  0.653333  1.29534e-311
109944 145714 2  0.477  0.816  0.59  1.29534e-311
from 3 to 2 matchnode 138443

138443 62676 2  0.7104  0.7776  0.626667  1.29534e-311
138443 65240 2  0.9312  0.768  0.71  1.29534e-311
138443 145714 2  0.5088  0.9216  0.646667  1.29534e-311
edge_match: 

pattern answer9:
vertex1: 节点个数 1
85427 1 0.6
vertex2: 节点个数 3
65240 2 0.85
99194 2 0.6
116487 2 0.55
vertex3: 节点个数 3
67454 3 0.99
109944 3 0.69
115287 3 0.85
vertex4: 节点个数 3
25180 4 0.88
62445 4 0.87
65536 4 0.5
edge_match: 
from 1 to 2 matchnode 85427

85427 65240 2  0.8827  0.544  0.623333  9.88131e-324
85427 99194 2  0.7735  0.4828  0.54  9.88131e-324
85427 116487 2  0.9009  0.4828  0.523333  9.88131e-324
from 1 to 3 matchnode 85427

85427 67454 2  0.8372  0.68  0.67  9.88131e-324
85427 109944 2  0.7917  0.6324  0.57  9.88131e-324
85427 115287 2  0.6825  0.5304  0.623333  9.88131e-324
from 1 to 4 matchnode 85427

85427 25180 2  0.637  0.5984  0.633333  9.88131e-324
85427 62445 2  0.7917  0.5372  0.63  9.88131e-324
85427 65536 2  0.91  0.4556  0.506667  9.88131e-324
edge_match: 
from 2 to 1 matchnode 65240

65240 85427 2  0.6142  0.5304  0.623333  9.88131e-324
from 2 to 4 matchnode 65240

65240 25180 2  0.518  0.6864  0.716667  6.9514e-310
65240 62445 2  0.6438  0.6162  0.713333  1.29534e-311
65240 65536 2  0.74  0.5226  0.59  6.9514e-310
from 2 to 1 matchnode 99194

99194 85427 2  0.8217  0.5304  0.54  9.88131e-324
from 2 to 4 matchnode 99194

99194 25180 2  0.693  0.6864  0.633333  6.9514e-310
99194 62445 2  0.8613  0.6162  0.63  1.29534e-311
99194 65536 2  0.99  0.5226  0.506667  6.9514e-310
from 2 to 1 matchnode 116487

116487 85427 2  0.6308  0.51  0.523333  9.88131e-324
from 2 to 4 matchnode 116487

116487 25180 2  0.532  0.66  0.616667  6.9514e-310
116487 62445 2  0.6612  0.5925  0.613333  1.29534e-311
116487 65536 2  0.76  0.5025  0.49  6.9514e-310
edge_match: 
from 3 to 2 matchnode 67454

67454 65240 2  0.5626  0.744  0.753333  1.29534e-311
67454 99194 2  0.493  0.6603  0.67  1.29534e-311
67454 116487 2  0.5742  0.6603  0.653333  1.29534e-311
from 3 to 2 matchnode 109944

109944 65240 2  0.873  0.68  0.653333  1.29534e-311
109944 99194 2  0.765  0.6035  0.57  1.29534e-311
109944 116487 2  0.891  0.6035  0.553333  1.29534e-311
from 3 to 2 matchnode 115287

115287 65240 2  0.679  0.672  0.706667  1.29534e-311
115287 99194 2  0.595  0.5964  0.623333  1.29534e-311
115287 116487 2  0.693  0.5964  0.606667  1.29534e-311
edge_match: 

pattern answer10:
vertex1: 节点个数 1
95539 1 0.54
vertex2: 节点个数 3
65240 2 0.85
99194 2 0.6
116487 2 0.55
vertex3: 节点个数 3
67454 3 0.99
109944 3 0.69
115287 3 0.85
vertex4: 节点个数 3
25180 4 0.88
62445 4 0.87
65536 4 0.5
edge_match: 
from 1 to 2 matchnode 95539

95539 65240 2  0.8245  0.544  0.603333  9.88131e-324
95539 99194 2  0.7225  0.4828  0.52  9.88131e-324
95539 116487 2  0.8415  0.4828  0.503333  9.88131e-324
from 1 to 3 matchnode 95539

95539 67454 2  0.782  0.68  0.65  9.88131e-324
95539 109944 2  0.7395  0.6324  0.55  9.88131e-324
95539 115287 2  0.6375  0.5304  0.603333  9.88131e-324
from 1 to 4 matchnode 95539

95539 25180 2  0.595  0.5984  0.613333  9.88131e-324
95539 62445 2  0.7395  0.5372  0.61  9.88131e-324
95539 65536 2  0.85  0.4556  0.486667  9.88131e-324
edge_match: 
from 2 to 1 matchnode 65240

65240 95539 2  0.5106  0.7098  0.603333  9.88131e-324
from 2 to 4 matchnode 65240

65240 25180 2  0.518  0.6864  0.716667  6.9514e-310
65240 62445 2  0.6438  0.6162  0.713333  1.29534e-311
65240 65536 2  0.74  0.5226  0.59  6.9514e-310
from 2 to 1 matchnode 99194

99194 95539 2  0.6831  0.7098  0.52  9.88131e-324
from 2 to 4 matchnode 99194

99194 25180 2  0.693  0.6864  0.633333  6.9514e-310
99194 62445 2  0.8613  0.6162  0.63  1.29534e-311
99194 65536 2  0.99  0.5226  0.506667  6.9514e-310
from 2 to 1 matchnode 116487

116487 95539 2  0.5244  0.6825  0.503333  9.88131e-324
from 2 to 4 matchnode 116487

116487 25180 2  0.532  0.66  0.616667  6.9514e-310
116487 62445 2  0.6612  0.5925  0.613333  1.29534e-311
116487 65536 2  0.76  0.5025  0.49  6.9514e-310
edge_match: 
from 3 to 2 matchnode 67454

67454 65240 2  0.5626  0.744  0.753333  1.29534e-311
67454 99194 2  0.493  0.6603  0.67  1.29534e-311
67454 116487 2  0.5742  0.6603  0.653333  1.29534e-311
from 3 to 2 matchnode 109944

109944 65240 2  0.873  0.68  0.653333  1.29534e-311
109944 99194 2  0.765  0.6035  0.57  1.29534e-311
109944 116487 2  0.891  0.6035  0.553333  1.29534e-311
from 3 to 2 matchnode 115287

115287 65240 2  0.679  0.672  0.706667  1.29534e-311
115287 99194 2  0.595  0.5964  0.623333  1.29534e-311
115287 116487 2  0.693  0.5964  0.606667  1.29534e-311
edge_match: 

pattern answer11:
vertex1: 节点个数 1
95883 1 0.47
vertex2: 节点个数 3
62310 2 0.99
68257 2 0.96
113921 2 0.64
vertex3: 节点个数 3
107078 3 0.77
113124 3 0.99
201581 3 0.68
vertex4: 节点个数 3
26592 4 0.74
114402 4 0.55
120959 4 0.74
edge_match: 
from 1 to 2 matchnode 95883

95883 62310 2  0.63  0.4757  0.676667  1.29533e-311
95883 68257 2  0.8064  0.5822  0.666667  1.29533e-311
95883 113921 2  0.5544  0.5254  0.56  1.29533e-311
from 1 to 3 matchnode 95883

95883 107078 2  0.6048  0.4686  0.603333  1.29533e-311
95883 113124 2  0.5376  0.4757  0.676667  1.29533e-311
95883 201581 2  0.6384  0.6106  0.573333  1.29533e-311
from 1 to 4 matchnode 95883

95883 26592 2  0.6142  0.5247  0.63  1.29533e-311
95883 114402 2  0.5796  0.5183  0.53  1.29533e-311
95883 120959 2  0.504  0.4686  0.593333  1.29533e-311
edge_match: 
from 2 to 1 matchnode 62310

62310 95883 2  0.5184  0.5628  0.676667  1.29533e-311
from 2 to 4 matchnode 62310

62310 26592 2  0.5624  0.9405  0.803333  6.9514e-310
62310 114402 2  0.5415  0.7452  0.653333  1.29534e-311
62310 120959 2  0.4959  0.7636  0.716667  1.29534e-311
from 2 to 1 matchnode 68257

68257 95883 2  0.7533  0.504  0.666667  1.29533e-311
from 2 to 4 matchnode 68257

68257 26592 2  0.7178  0.7029  0.793333  6.9514e-310
68257 114402 2  0.836  0.7452  0.643333  1.29534e-311
68257 120959 2  0.7656  0.7636  0.706667  1.29534e-311
from 2 to 1 matchnode 113921

113921 95883 2  0.5642  0.5616  0.51  1.29533e-311
from 2 to 4 matchnode 113921

113921 26592 2  0.6808  0.4554  0.686667  6.9514e-310
113921 114402 2  0.8645  0.6318  0.536667  1.29534e-311
113921 120959 2  0.7917  0.6474  0.6  1.29534e-311
edge_match: 
from 3 to 2 matchnode 107078

107078 62310 2  0.645  0.6097  0.776667  1.29534e-311
107078 68257 2  0.8256  0.7462  0.766667  1.29534e-311
107078 113921 2  0.5676  0.6734  0.66  1.29534e-311
from 3 to 2 matchnode 113124

113124 62310 2  0.54  0.603  0.85  1.29534e-311
113124 68257 2  0.6912  0.738  0.84  1.29534e-311
113124 113921 2  0.4752  0.666  0.733333  1.29534e-311
from 3 to 2 matchnode 201581

201581 62310 2  0.7275  0.4623  0.746667  1.29534e-311
201581 68257 2  0.9312  0.5658  0.736667  1.29534e-311
201581 113921 2  0.6402  0.5106  0.63  1.29534e-311
edge_match: 

pattern answer12:
vertex1: 节点个数 1
119650 1 0.93
vertex2: 节点个数 3
62676 2 0.6
65240 2 0.85
66426 2 0.99
vertex3: 节点个数 3
96806 3 0.88
109944 3 0.69
115287 3 0.85
vertex4: 节点个数 3
25180 4 0.88
62445 4 0.87
70980 4 0.48
edge_match: 
from 1 to 2 matchnode 119650

119650 62676 2  0.5698  0.5022  0.65  1.29549e-311
119650 65240 2  0.7469  0.496  0.733333  1.29549e-311
119650 66426 2  0.539  0.465  0.78  1.29549e-311
from 1 to 3 matchnode 119650

119650 96806 2  0.7546  0.4774  0.743333  1.29549e-311
119650 109944 2  0.6699  0.5766  0.68  1.29549e-311
119650 115287 2  0.5775  0.4836  0.733333  1.29549e-311
from 1 to 4 matchnode 119650

119650 25180 2  0.539  0.5456  0.743333  1.29549e-311
119650 62445 2  0.6699  0.4898  0.74  1.29549e-311
119650 70980 2  0.7084  0.4712  0.61  1.29549e-311
edge_match: 
from 2 to 1 matchnode 62676

62676 119650 2  0.9312  0.8645  0.65  1.29549e-311
from 2 to 4 matchnode 62676

62676 25180 2  0.679  0.8008  0.633333  6.9514e-310
62676 62445 2  0.8439  0.7189  0.63  1.29534e-311
62676 70980 2  0.8924  0.6916  0.5  6.9514e-310
from 2 to 1 matchnode 65240

65240 119650 2  0.7104  0.741  0.733333  1.29549e-311
from 2 to 4 matchnode 65240

65240 25180 2  0.518  0.6864  0.716667  6.9514e-310
65240 62445 2  0.6438  0.6162  0.713333  1.29534e-311
65240 70980 2  0.6808  0.5928  0.583333  6.9514e-310
from 2 to 1 matchnode 66426

66426 119650 2  0.7584  0.57  0.78  1.29549e-311
from 2 to 4 matchnode 66426

66426 25180 2  0.553  0.528  0.763333  6.9514e-310
66426 62445 2  0.6873  0.474  0.76  1.29534e-311
66426 70980 2  0.7268  0.456  0.63  6.9514e-310
edge_match: 
from 3 to 2 matchnode 96806

96806 62676 2  0.6216  0.4941  0.633333  1.29534e-311
96806 65240 2  0.8148  0.488  0.716667  1.29534e-311
96806 66426 2  0.588  0.4575  0.763333  1.29534e-311
from 3 to 2 matchnode 109944

109944 62676 2  0.666  0.6885  0.57  1.29534e-311
109944 65240 2  0.873  0.68  0.653333  1.29534e-311
109944 66426 2  0.63  0.6375  0.7  1.29534e-311
from 3 to 2 matchnode 115287

115287 62676 2  0.518  0.6804  0.623333  1.29534e-311
115287 65240 2  0.679  0.672  0.706667  1.29534e-311
115287 66426 2  0.49  0.63  0.753333  1.29534e-311
edge_match: 

pattern answer13:
vertex1: 节点个数 1
124883 1 0.47
vertex2: 节点个数 3
62676 2 0.6
65240 2 0.85
145714 2 0.66
vertex3: 节点个数 3
16842 3 0.59
109944 3 0.69
138443 3 0.86
vertex4: 节点个数 3
25180 4 0.88
27161 4 0.51
52204 4 0.61
edge_match: 
from 1 to 2 matchnode 124883

124883 62676 2  0.6956  0.648  0.496667  9.88131e-324
124883 65240 2  0.9118  0.64  0.58  9.88131e-324
124883 145714 2  0.4982  0.768  0.516667  9.88131e-324
from 1 to 3 matchnode 124883

124883 16842 2  0.9118  0.496  0.493333  9.88131e-324
124883 109944 2  0.8178  0.744  0.526667  9.88131e-324
124883 138443 2  0.7144  0.496  0.583333  9.88131e-324
from 1 to 4 matchnode 124883

124883 25180 2  0.658  0.704  0.59  9.88131e-324
124883 27161 2  0.7614  0.504  0.466667  9.88131e-324
124883 52204 2  0.5922  0.488  0.5  9.88131e-324
edge_match: 
from 2 to 1 matchnode 62676

62676 124883 2  0.8245  0.8463  0.496667  9.88131e-324
from 2 to 4 matchnode 62676

62676 25180 2  0.679  0.8008  0.633333  6.9514e-310
62676 27161 2  0.7857  0.5733  0.51  6.9514e-310
62676 52204 2  0.6111  0.5551  0.543333  6.9514e-310
from 2 to 1 matchnode 65240

65240 124883 2  0.629  0.7254  0.58  9.88131e-324
from 2 to 4 matchnode 65240

65240 25180 2  0.518  0.6864  0.716667  6.9514e-310
65240 27161 2  0.5994  0.4914  0.593333  6.9514e-310
65240 52204 2  0.4662  0.4758  0.626667  6.9514e-310
from 2 to 1 matchnode 145714

145714 124883 2  0.816  0.7719  0.516667  9.88131e-324
from 2 to 4 matchnode 145714

145714 25180 2  0.672  0.7304  0.653333  6.9514e-310
145714 27161 2  0.7776  0.5229  0.53  6.9514e-310
145714 52204 2  0.6048  0.5063  0.563333  6.9514e-310
edge_match: 
from 3 to 2 matchnode 16842

16842 62676 2  0.7326  0.4779  0.536667  6.9514e-310
16842 65240 2  0.9603  0.472  0.62  6.9514e-310
16842 145714 2  0.5247  0.5664  0.556667  6.9514e-310
from 3 to 2 matchnode 109944

109944 62676 2  0.666  0.6885  0.57  1.29534e-311
109944 65240 2  0.873  0.68  0.653333  1.29534e-311
109944 145714 2  0.477  0.816  0.59  1.29534e-311
from 3 to 2 matchnode 138443

138443 62676 2  0.7104  0.7776  0.626667  1.29534e-311
138443 65240 2  0.9312  0.768  0.71  1.29534e-311
138443 145714 2  0.5088  0.9216  0.646667  1.29534e-311
edge_match: 

pattern answer14:
vertex1: 节点个数 1
132733 1 0.65
vertex2: 节点个数 3
62310 2 0.99
89095 2 0.6
106866 2 0.83
vertex3: 节点个数 3
70244 3 0.99
107078 3 0.77
187383 3 0.79
vertex4: 节点个数 3
21177 4 0.98
26592 4 0.74
52204 4 0.61
edge_match: 
from 1 to 2 matchnode 132733

132733 62310 2  0.477  0.8556  0.773333  1.2955e-311
132733 89095 2  0.6664  0.5335  0.606667  1.2955e-311
132733 106866 2  0.6052  0.8536  0.683333  1.2955e-311
from 1 to 3 matchnode 132733

132733 70244 2  0.81  0.7161  0.773333  1.2955e-311
132733 107078 2  0.4896  0.6402  0.663333  1.2955e-311
132733 187383 2  0.5236  0.5917  0.67  1.2955e-311
from 1 to 4 matchnode 132733

132733 21177 2  0.684  0.6603  0.77  1.2955e-311
132733 26592 2  0.666  0.9207  0.69  1.2955e-311
132733 52204 2  0.873  0.6138  0.646667  1.2955e-311
edge_match: 
from 2 to 1 matchnode 62310

62310 132733 2  0.7068  0.532  0.773333  1.2955e-311
from 2 to 4 matchnode 62310

62310 21177 2  0.5776  0.6745  0.883333  6.9514e-310
62310 26592 2  0.5624  0.9405  0.803333  6.9514e-310
62310 52204 2  0.7372  0.627  0.76  6.9514e-310
from 2 to 1 matchnode 89095

89095 132733 2  0.6138  0.5152  0.643333  1.2955e-311
from 2 to 4 matchnode 89095

89095 21177 2  0.5016  0.6532  0.753333  6.9514e-310
89095 26592 2  0.4884  0.9108  0.673333  6.9514e-310
89095 52204 2  0.6402  0.6072  0.63  6.9514e-310
from 2 to 1 matchnode 106866

106866 132733 2  0.6324  0.532  0.72  1.2955e-311
from 2 to 4 matchnode 106866

106866 21177 2  0.5168  0.6745  0.83  6.9514e-310
106866 26592 2  0.5032  0.9405  0.75  6.9514e-310
106866 52204 2  0.6596  0.627  0.706667  6.9514e-310
edge_match: 
from 3 to 2 matchnode 70244

70244 62310 2  0.4575  0.6499  0.85  6.9514e-310
70244 89095 2  0.5978  0.5335  0.72  6.9514e-310
70244 106866 2  0.5429  0.8536  0.796667  6.9514e-310
from 3 to 2 matchnode 107078

107078 62310 2  0.645  0.6097  0.776667  1.29534e-311
107078 89095 2  0.8428  0.5005  0.646667  1.29534e-311
107078 106866 2  0.7654  0.8008  0.723333  1.29534e-311
from 3 to 2 matchnode 187383

187383 62310 2  0.45  0.6164  0.783333  1.29534e-311
187383 89095 2  0.588  0.506  0.653333  1.29534e-311
187383 106866 2  0.534  0.8096  0.73  1.29534e-311
edge_match: 

pattern answer15:
vertex1: 节点个数 1
136982 1 0.82
vertex2: 节点个数 3
62310 2 0.99
68257 2 0.96
129258 2 0.56
vertex3: 节点个数 3
72641 3 0.89
107078 3 0.77
113124 3 0.99
vertex4: 节点个数 3
52204 4 0.61
114402 4 0.55
120959 4 0.74
edge_match: 
from 1 to 2 matchnode 136982

136982 62310 2  0.7425  0.5427  0.793333  1.2955e-311
136982 68257 2  0.9504  0.6642  0.783333  1.2955e-311
136982 129258 2  0.693  0.6642  0.65  1.2955e-311
from 1 to 3 matchnode 136982

136982 72641 2  0.5148  0.648  0.76  1.2955e-311
136982 107078 2  0.7128  0.5346  0.72  1.2955e-311
136982 113124 2  0.6336  0.5427  0.793333  1.2955e-311
from 1 to 4 matchnode 136982

136982 52204 2  0.5238  0.4884  0.703333  1.2955e-311
136982 114402 2  0.6831  0.5913  0.646667  1.2955e-311
136982 120959 2  0.594  0.5346  0.71  1.2955e-311
edge_match: 
from 2 to 1 matchnode 62310

62310 136982 2  0.5415  0.6072  0.743333  1.2955e-311
from 2 to 4 matchnode 62310

62310 52204 2  0.7372  0.627  0.76  6.9514e-310
62310 114402 2  0.5415  0.7452  0.653333  1.29534e-311
62310 120959 2  0.4959  0.7636  0.716667  1.29534e-311
from 2 to 1 matchnode 68257

68257 136982 2  0.836  0.6072  0.733333  1.2955e-311
from 2 to 4 matchnode 68257

68257 52204 2  0.9409  0.4686  0.75  6.9514e-310
68257 114402 2  0.836  0.7452  0.643333  1.29534e-311
68257 120959 2  0.7656  0.7636  0.706667  1.29534e-311
from 2 to 1 matchnode 129258

129258 136982 2  0.703  0.6006  0.6  1.2955e-311
from 2 to 4 matchnode 129258

129258 52204 2  0.4662  0.5551  0.53  6.9514e-310
129258 114402 2  0.703  0.7371  0.51  1.29534e-311
129258 120959 2  0.6438  0.7553  0.573333  1.29534e-311
edge_match: 
from 3 to 2 matchnode 72641

72641 62310 2  0.5025  0.4757  0.816667  6.9514e-310
72641 68257 2  0.6432  0.5822  0.806667  6.9514e-310
72641 129258 2  0.469  0.5822  0.673333  6.9514e-310
from 3 to 2 matchnode 107078

107078 62310 2  0.645  0.6097  0.776667  1.29534e-311
107078 68257 2  0.8256  0.7462  0.766667  1.29534e-311
107078 129258 2  0.602  0.7462  0.633333  1.29534e-311
from 3 to 2 matchnode 113124

113124 62310 2  0.54  0.603  0.85  1.29534e-311
113124 68257 2  0.6912  0.738  0.84  1.29534e-311
113124 129258 2  0.504  0.738  0.706667  1.29534e-311
edge_match: 

pattern answer16:
vertex1: 节点个数 1
188031 1 0.67
vertex2: 节点个数 3
189089 2 0.5
248674 2 0.65
249704 2 1
vertex3: 节点个数 3
239011 3 0.52
239256 3 0.47
243787 3 0.8
vertex4: 节点个数 3
69403 4 0.58
100268 4 0.73
218733 4 0.71
edge_match: 
from 1 to 2 matchnode 188031

188031 189089 2  0.5985  0.4968  0.636667  9.88131e-324
188031 248674 2  0.646  0.468  0.686667  9.88131e-324
188031 249704 2  0.5795  0.6984  0.803333  9.88131e-324
from 1 to 3 matchnode 188031

188031 239011 2  0.874  0.4536  0.643333  9.88131e-324
188031 239256 2  0.4845  0.6552  0.626667  9.88131e-324
188031 243787 2  0.7315  0.6768  0.736667  9.88131e-324
from 1 to 4 matchnode 188031

188031 69403 2  0.8455  0.504  0.663333  9.88131e-324
188031 100268 2  0.9025  0.468  0.713333  9.88131e-324
188031 218733 2  0.8265  0.6336  0.706667  9.88131e-324
edge_match: 
from 2 to 1 matchnode 189089

189089 188031 2  0.8342  0.6642  0.636667  9.88131e-324
from 2 to 4 matchnode 189089

189089 69403 2  0.8633  0.567  0.606667  6.9514e-310
189089 100268 2  0.9215  0.5265  0.656667  6.9514e-310
189089 218733 2  0.8439  0.7128  0.65  1.29534e-311
from 2 to 1 matchnode 248674

248674 188031 2  0.4644  0.6314  0.686667  9.88131e-324
from 2 to 4 matchnode 248674

248674 69403 2  0.4806  0.539  0.656667  6.9514e-310
248674 100268 2  0.513  0.5005  0.706667  6.9514e-310
248674 218733 2  0.4698  0.6776  0.7  1.29534e-311
from 2 to 1 matchnode 249704

249704 188031 2  0.5762  0.7134  0.803333  9.88131e-324
from 2 to 4 matchnode 249704

249704 69403 2  0.5963  0.609  0.773333  6.9514e-310
249704 100268 2  0.6365  0.5655  0.823333  6.9514e-310
249704 218733 2  0.5829  0.7656  0.816667  1.29534e-311
edge_match: 
from 3 to 2 matchnode 239011

239011 189089 2  0.6048  0.5727  0.586667  6.9514e-310
239011 248674 2  0.6528  0.5395  0.636667  6.9514e-310
239011 249704 2  0.5856  0.8051  0.753333  6.9514e-310
from 3 to 2 matchnode 239256

239256 189089 2  0.6048  0.5313  0.57  6.9514e-310
239256 248674 2  0.6528  0.5005  0.62  6.9514e-310
239256 249704 2  0.5856  0.7469  0.736667  6.9514e-310
from 3 to 2 matchnode 243787

243787 189089 2  0.5166  0.6141  0.68  1.29534e-311
243787 248674 2  0.5576  0.5785  0.73  1.29534e-311
243787 249704 2  0.5002  0.8633  0.846667  1.29534e-311
edge_match: 

