pattern answer1:
vertex1: 节点个数 1
32722 1 0.95
vertex2: 节点个数 2
65240 2 0.85
68257 2 0.96
vertex3: 节点个数 2
67454 3 0.99
83937 3 0.86
vertex4: 节点个数 2
71744 4 0.95
144444 4 0.68
edge_match: 
from 1 to 3 matchnode 32722

32722 67454 2  0.7912  0.83  0.786667  1.97626e-323
32722 83937 2  0.8342  0.6972  0.743333  1.97626e-323
from 1 to 4 matchnode 32722

32722 71744 2  0.7826  0.7221  0.773333  1.97626e-323
32722 144444 2  0.7998  0.5312  0.683333  1.97626e-323
edge_match: 
from 2 to 1 matchnode 65240

65240 32722 2  0.6142  0.5928  0.74  1.97626e-323
from 2 to 3 matchnode 65240

65240 67454 2  0.6808  0.78  0.753333  6.9515e-310
65240 83937 2  0.7178  0.6552  0.71  6.9515e-310
from 2 to 1 matchnode 68257

68257 32722 2  0.7304  0.6992  0.776667  1.97626e-323
from 2 to 3 matchnode 68257

68257 67454 2  0.8096  0.92  0.79  6.9515e-310
68257 83937 2  0.8536  0.7728  0.746667  6.9515e-310
edge_match: 
from 3 to 4 matchnode 67454

67454 71744 2  0.5278  0.8091  0.786667  1.15298e-311
67454 144444 2  0.5394  0.5952  0.696667  1.15298e-311
from 3 to 4 matchnode 83937

83937 71744 3  0.571389  0.704613  0.6025  1.15298e-311
83937 144444 3  0.583947  0.518336  0.535  1.15298e-311
edge_match: 
from 4 to 1 matchnode 71744

71744 32722 2  0.664  0.7144  0.773333  1.97626e-323
from 4 to 2 matchnode 71744

71744 65240 2  0.776  0.752  0.74  6.9515e-310
71744 68257 3  0.7296  0.639764  0.725  6.9515e-310
from 4 to 3 matchnode 71744

71744 67454 2  0.736  0.94  0.786667  6.9515e-310
71744 83937 2  0.776  0.7896  0.743333  6.9515e-310
from 4 to 1 matchnode 144444

144444 32722 2  0.5395  0.6232  0.683333  1.97626e-323
from 4 to 2 matchnode 144444

144444 65240 2  0.6305  0.656  0.65  6.9515e-310
144444 68257 3  0.5928  0.558092  0.6575  6.9515e-310
from 4 to 3 matchnode 144444

144444 67454 2  0.598  0.82  0.696667  6.9515e-310
144444 83937 2  0.6305  0.6888  0.653333  6.9515e-310

pattern answer2:
vertex1: 节点个数 1
64065 1 0.96
vertex2: 节点个数 2
204703 2 0.89
261568 2 0.62
vertex3: 节点个数 2
230225 3 0.73
245522 3 0.54
vertex4: 节点个数 2
112925 4 0.99
238229 4 0.8
edge_match: 
from 1 to 3 matchnode 64065

64065 230225 3  0.505908  0.585488  0.6175  1.97626e-323
64065 245522 3  0.66975  0.610944  0.645  1.97626e-323
from 1 to 4 matchnode 64065

64065 112925 3  0.78432  0.56832  0.815  1.97626e-323
64065 238229 3  0.52976  0.613032  0.62  1.97626e-323
edge_match: 
from 2 to 1 matchnode 204703

204703 64065 2  0.9306  0.6956  0.836667  1.97626e-323
from 2 to 3 matchnode 204703

204703 230225 3  0.564564  0.835461  0.74  6.9515e-310
204703 245522 3  0.761852  0.588984  0.5275  1.15236e-311
from 2 to 1 matchnode 261568

261568 64065 3  0.5434  0.587466  0.7775  1.97626e-323
from 2 to 3 matchnode 261568

261568 230225 3  0.56115  0.52193  0.7075  6.9515e-310
261568 245522 2  0.8099  0.5642  0.63  1.15236e-311
edge_match: 
from 3 to 4 matchnode 230225

230225 112925 3  0.642816  0.574028  0.8475  6.9515e-310
230225 238229 2  0.7161  0.5185  0.686667  6.9515e-310
from 3 to 4 matchnode 245522

245522 112925 2  0.9408  0.6188  0.74  1.15236e-311
245522 238229 2  0.598  0.8827  0.59  1.15236e-311
edge_match: 
from 4 to 1 matchnode 112925

112925 64065 2  0.738  0.6497  0.963333  1.97626e-323
from 4 to 2 matchnode 112925

112925 204703 2  0.7695  0.7452  0.856667  6.9515e-310
112925 261568 3  0.502326  0.66885  0.7275  6.9515e-310
from 4 to 3 matchnode 112925

112925 230225 2  0.6162  0.7052  0.713333  6.9515e-310
112925 245522 3  0.7942  0.611226  0.5925  1.15236e-311
from 4 to 1 matchnode 238229

238229 64065 3  0.678714  0.52416  0.69  1.97626e-323
from 4 to 2 matchnode 238229

238229 204703 3  0.666792  0.611156  0.7125  6.9515e-310
238229 261568 3  0.522348  0.855  0.6025  6.9515e-310
from 4 to 3 matchnode 238229

238229 230225 1  0.82  0.9  0.765  6.9515e-310
238229 245522 3  0.513912  0.64064  0.645  1.15236e-311

pattern answer3:
vertex1: 节点个数 1
67209 1 0.68
vertex2: 节点个数 2
68257 2 0.96
528545 2 0.73
vertex3: 节点个数 2
140780 3 0.99
201581 3 0.68
vertex4: 节点个数 2
125354 4 0.71
186657 4 0.65
edge_match: 
from 1 to 3 matchnode 67209

67209 140780 2  0.7938  0.5369  0.746667  9.88131e-324
67209 201581 2  0.6156  0.5074  0.643333  9.88131e-324
from 1 to 4 matchnode 67209

67209 125354 2  0.6318  0.5546  0.653333  9.88131e-324
67209 186657 2  0.6723  0.59  0.633333  9.88131e-324
edge_match: 
from 2 to 1 matchnode 68257

68257 67209 3  0.78584  0.595608  0.6575  9.88131e-324
from 2 to 3 matchnode 68257

68257 140780 2  0.9114  0.546  0.84  6.9515e-310
68257 201581 2  0.7068  0.516  0.736667  6.9515e-310
from 2 to 1 matchnode 528545

528545 67209 3  0.68385  0.50544  0.5175  9.88131e-324
from 2 to 3 matchnode 528545

528545 140780 3  0.71295  0.58968  0.595  6.9515e-310
528545 201581 3  0.5529  0.55728  0.5175  6.9515e-310
edge_match: 
from 3 to 4 matchnode 140780

140780 125354 2  0.6552  0.517  0.756667  1.15298e-311
140780 186657 2  0.6972  0.55  0.736667  1.15298e-311
from 3 to 4 matchnode 201581

201581 125354 2  0.7566  0.6486  0.653333  1.15244e-311
201581 186657 2  0.8051  0.69  0.633333  1.15244e-311
edge_match: 
from 4 to 1 matchnode 125354

125354 67209 2  0.893  0.585  0.653333  9.88131e-324
from 4 to 2 matchnode 125354

125354 68257 2  0.912  0.615  0.746667  6.9515e-310
125354 528545 3  0.90307  0.6912  0.5625  6.9515e-310
from 4 to 3 matchnode 125354

125354 140780 2  0.931  0.6825  0.756667  6.9515e-310
125354 201581 2  0.722  0.645  0.653333  1.15244e-311
from 4 to 1 matchnode 186657

186657 67209 2  0.658  0.6318  0.633333  9.88131e-324
from 4 to 2 matchnode 186657

186657 68257 2  0.672  0.6642  0.726667  6.9515e-310
186657 528545 3  0.66542  0.746496  0.5475  6.9515e-310
from 4 to 3 matchnode 186657

186657 140780 2  0.686  0.7371  0.736667  6.9515e-310
186657 201581 2  0.532  0.6966  0.633333  1.15244e-311

pattern answer4:
vertex1: 节点个数 1
78176 1 0.56
vertex2: 节点个数 2
62676 2 0.6
65240 2 0.85
vertex3: 节点个数 2
96806 3 0.88
109944 3 0.69
vertex4: 节点个数 2
71744 4 0.95
119255 4 0.55
edge_match: 
from 1 to 3 matchnode 78176

78176 96806 2  0.6762  0.616  0.62  1.97626e-323
78176 109944 2  0.6003  0.744  0.556667  1.97626e-323
from 1 to 4 matchnode 78176

78176 71744 2  0.6279  0.696  0.643333  1.97626e-323
78176 119255 2  0.5106  0.792  0.51  1.97626e-323
edge_match: 
from 2 to 1 matchnode 62676

62676 78176 2  0.6596  0.7462  0.526667  1.97626e-323
from 2 to 3 matchnode 62676

62676 96806 2  0.9506  0.7007  0.633333  1.1525e-311
62676 109944 2  0.8439  0.8463  0.57  6.9515e-310
from 2 to 1 matchnode 65240

65240 78176 2  0.5032  0.6396  0.61  1.97626e-323
from 2 to 3 matchnode 65240

65240 96806 2  0.7252  0.6006  0.716667  1.1525e-311
65240 109944 2  0.6438  0.7254  0.653333  6.9515e-310
edge_match: 
from 3 to 4 matchnode 96806

96806 71744 2  0.7644  0.5307  0.75  1.15298e-311
96806 119255 2  0.6216  0.6039  0.616667  1.15298e-311
from 3 to 4 matchnode 109944

109944 71744 2  0.819  0.7395  0.686667  1.15298e-311
109944 119255 2  0.666  0.8415  0.553333  1.15298e-311
edge_match: 
from 4 to 1 matchnode 71744

71744 78176 2  0.544  0.7708  0.643333  1.97626e-323
from 4 to 2 matchnode 71744

71744 62676 2  0.592  0.7614  0.656667  6.9515e-310
71744 65240 2  0.776  0.752  0.74  6.9515e-310
from 4 to 3 matchnode 71744

71744 96806 2  0.784  0.7238  0.75  1.15298e-311
71744 109944 2  0.696  0.8742  0.686667  6.9515e-310
from 4 to 1 matchnode 119255

119255 78176 2  0.6664  0.5412  0.51  1.97626e-323
from 4 to 2 matchnode 119255

119255 62676 2  0.7252  0.5346  0.523333  1.15298e-311
119255 65240 2  0.9506  0.528  0.606667  1.15298e-311
from 4 to 3 matchnode 119255

119255 96806 2  0.9604  0.5082  0.616667  1.15298e-311
119255 109944 2  0.8526  0.6138  0.553333  6.9515e-310

pattern answer5:
vertex1: 节点个数 1
80027 1 0.7
vertex2: 节点个数 2
68257 2 0.96
145788 2 0.86
vertex3: 节点个数 2
113124 3 0.99
139384 3 1
vertex4: 节点个数 2
125354 4 0.71
220686 4 0.62
edge_match: 
from 1 to 3 matchnode 80027

80027 113124 2  0.6272  0.6633  0.753333  1.97626e-323
80027 139384 2  0.6076  0.9405  0.756667  1.97626e-323
from 1 to 4 matchnode 80027

80027 125354 2  0.7644  0.9306  0.66  1.97626e-323
80027 220686 2  0.8036  0.5643  0.63  1.97626e-323
edge_match: 
from 2 to 1 matchnode 68257

68257 80027 3  0.53504  0.580336  0.6625  1.97626e-323
from 2 to 3 matchnode 68257

68257 113124 3  0.53504  0.511612  0.735  1.15332e-311
68257 139384 2  0.5766  0.57  0.843333  6.9515e-310
from 2 to 1 matchnode 145788

145788 80027 2  0.5888  0.608  0.71  1.97626e-323
from 2 to 3 matchnode 145788

145788 113124 2  0.5888  0.536  0.806667  1.15332e-311
145788 139384 2  0.5704  0.76  0.81  6.9515e-310
edge_match: 
from 3 to 4 matchnode 113124

113124 125354 2  0.5616  0.846  0.756667  1.15298e-311
113124 220686 2  0.5904  0.513  0.726667  1.15298e-311
from 3 to 4 matchnode 139384

139384 125354 3  0.511758  0.56682  0.7625  1.15233e-311
139384 220686 3  0.519726  0.758814  0.715  1.15233e-311
edge_match: 
from 4 to 1 matchnode 125354

125354 80027 2  0.608  0.57  0.66  1.97626e-323
from 4 to 2 matchnode 125354

125354 68257 2  0.912  0.615  0.746667  6.9515e-310
125354 145788 2  0.532  0.6825  0.713333  6.9515e-310
from 4 to 3 matchnode 125354

125354 113124 2  0.608  0.5025  0.756667  1.15332e-311
125354 139384 2  0.589  0.7125  0.76  1.15233e-311
from 4 to 1 matchnode 220686

220686 80027 2  0.6208  0.6916  0.63  1.97626e-323
from 4 to 2 matchnode 220686

220686 68257 2  0.9312  0.7462  0.716667  1.15298e-311
220686 145788 2  0.5432  0.8281  0.683333  1.15298e-311
from 4 to 3 matchnode 220686

220686 113124 2  0.6208  0.6097  0.726667  1.15332e-311
220686 139384 2  0.6014  0.8645  0.73  1.15233e-311

pattern answer6:
vertex1: 节点个数 1
85427 1 0.6
vertex2: 节点个数 2
51538 2 0.6
68257 2 0.96
vertex3: 节点个数 2
109944 3 0.69
140780 3 0.99
vertex4: 节点个数 2
125354 4 0.71
137706 4 0.72
edge_match: 
from 1 to 3 matchnode 85427

85427 109944 2  0.7917  0.6324  0.57  1.97626e-323
85427 140780 3  0.84721  0.513604  0.645  1.97626e-323
from 1 to 4 matchnode 85427

85427 125354 3  0.67431  0.530536  0.575  1.97626e-323
85427 137706 3  0.53599  0.547468  0.5775  1.97626e-323
edge_match: 
from 2 to 1 matchnode 51538

51538 85427 3  0.62054  0.637637  0.615  1.97626e-323
from 2 to 3 matchnode 51538

51538 109944 3  0.68172  0.546546  0.6375  6.9515e-310
51538 140780 3  0.85652  0.637637  0.7125  6.9515e-310
from 2 to 1 matchnode 68257

68257 85427 2  0.7304  0.6256  0.66  1.97626e-323
from 2 to 3 matchnode 68257

68257 109944 2  0.7656  0.8556  0.69  6.9515e-310
68257 140780 2  0.9114  0.546  0.84  6.9515e-310
edge_match: 
from 3 to 4 matchnode 109944

109944 125354 3  0.6669  0.66317  0.5975  1.15298e-311
109944 137706 3  0.5301  0.684335  0.6  1.15298e-311
from 3 to 4 matchnode 140780

140780 125354 2  0.6552  0.517  0.756667  1.15298e-311
140780 137706 2  0.5208  0.5335  0.76  1.15298e-311
edge_match: 
from 4 to 1 matchnode 125354

125354 85427 2  0.6745  0.6825  0.626667  1.97626e-323
from 4 to 2 matchnode 125354

125354 51538 3  0.562875  0.562875  0.7125  6.9515e-310
125354 68257 2  0.912  0.615  0.746667  6.9515e-310
from 4 to 3 matchnode 125354

125354 109944 2  0.741  0.585  0.656667  6.9515e-310
125354 140780 2  0.931  0.6825  0.756667  6.9515e-310
from 4 to 1 matchnode 137706

137706 85427 2  0.7968  0.5236  0.58  1.97626e-323
from 4 to 2 matchnode 137706

137706 51538 3  0.569664  0.569492  0.6325  1.15298e-311
137706 68257 3  0.87552  0.524062  0.6675  1.15298e-311
from 4 to 3 matchnode 137706

137706 109944 2  0.8352  0.7161  0.61  6.9515e-310
137706 140780 3  0.89376  0.581581  0.675  6.9515e-310

pattern answer7:
vertex1: 节点个数 1
95539 1 0.54
vertex2: 节点个数 2
62676 2 0.6
65240 2 0.85
vertex3: 节点个数 2
96806 3 0.88
109944 3 0.69
vertex4: 节点个数 2
71744 4 0.95
119255 4 0.55
edge_match: 
from 1 to 3 matchnode 95539

95539 96806 2  0.833  0.5236  0.613333  1.97626e-323
95539 109944 2  0.7395  0.6324  0.55  1.97626e-323
from 1 to 4 matchnode 95539

95539 71744 2  0.7735  0.5916  0.636667  1.97626e-323
95539 119255 2  0.629  0.6732  0.503333  1.97626e-323
edge_match: 
from 2 to 1 matchnode 62676

62676 95539 2  0.6693  0.8281  0.52  1.97626e-323
from 2 to 3 matchnode 62676

62676 96806 2  0.9506  0.7007  0.633333  1.1525e-311
62676 109944 2  0.8439  0.8463  0.57  6.9515e-310
from 2 to 1 matchnode 65240

65240 95539 2  0.5106  0.7098  0.603333  1.97626e-323
from 2 to 3 matchnode 65240

65240 96806 2  0.7252  0.6006  0.716667  1.1525e-311
65240 109944 2  0.6438  0.7254  0.653333  6.9515e-310
edge_match: 
from 3 to 4 matchnode 96806

96806 71744 2  0.7644  0.5307  0.75  1.15298e-311
96806 119255 2  0.6216  0.6039  0.616667  1.15298e-311
from 3 to 4 matchnode 109944

109944 71744 2  0.819  0.7395  0.686667  1.15298e-311
109944 119255 2  0.666  0.8415  0.553333  1.15298e-311
edge_match: 
from 4 to 1 matchnode 71744

71744 95539 2  0.552  0.8554  0.636667  1.97626e-323
from 4 to 2 matchnode 71744

71744 62676 2  0.592  0.7614  0.656667  6.9515e-310
71744 65240 2  0.776  0.752  0.74  6.9515e-310
from 4 to 3 matchnode 71744

71744 96806 2  0.784  0.7238  0.75  1.15298e-311
71744 109944 2  0.696  0.8742  0.686667  6.9515e-310
from 4 to 1 matchnode 119255

119255 95539 2  0.6762  0.6006  0.503333  1.97626e-323
from 4 to 2 matchnode 119255

119255 62676 2  0.7252  0.5346  0.523333  1.15298e-311
119255 65240 2  0.9506  0.528  0.606667  1.15298e-311
from 4 to 3 matchnode 119255

119255 96806 2  0.9604  0.5082  0.616667  1.15298e-311
119255 109944 2  0.8526  0.6138  0.553333  6.9515e-310

pattern answer8:
vertex1: 节点个数 1
119650 1 0.93
vertex2: 节点个数 2
62676 2 0.6
65240 2 0.85
vertex3: 节点个数 2
109944 3 0.69
220363 3 0.9
vertex4: 节点个数 2
71744 4 0.95
119255 4 0.55
edge_match: 
from 1 to 3 matchnode 119650

119650 109944 2  0.6699  0.5766  0.68  1.97626e-323
119650 220363 2  0.7623  0.5084  0.75  1.97626e-323
from 1 to 4 matchnode 119650

119650 71744 2  0.7007  0.5394  0.766667  1.97626e-323
119650 119255 2  0.5698  0.6138  0.633333  1.97626e-323
edge_match: 
from 2 to 1 matchnode 62676

62676 119650 2  0.9312  0.8645  0.65  1.97626e-323
from 2 to 3 matchnode 62676

62676 109944 2  0.8439  0.8463  0.57  6.9515e-310
62676 220363 2  0.9603  0.7462  0.64  1.1525e-311
from 2 to 1 matchnode 65240

65240 119650 2  0.7104  0.741  0.733333  1.97626e-323
from 2 to 3 matchnode 65240

65240 109944 2  0.6438  0.7254  0.653333  6.9515e-310
65240 220363 2  0.7326  0.6396  0.723333  1.1525e-311
edge_match: 
from 3 to 4 matchnode 109944

109944 71744 2  0.819  0.7395  0.686667  1.15298e-311
109944 119255 2  0.666  0.8415  0.553333  1.15298e-311
from 3 to 4 matchnode 220363

220363 71744 3  0.811538  0.75168  0.6925  1.15298e-311
220363 119255 3  0.659932  0.85536  0.5925  1.15298e-311
edge_match: 
from 4 to 1 matchnode 71744

71744 119650 2  0.768  0.893  0.766667  1.97626e-323
from 4 to 2 matchnode 71744

71744 62676 2  0.592  0.7614  0.656667  6.9515e-310
71744 65240 2  0.776  0.752  0.74  6.9515e-310
from 4 to 3 matchnode 71744

71744 109944 2  0.696  0.8742  0.686667  6.9515e-310
71744 220363 2  0.792  0.7708  0.756667  1.15298e-311
from 4 to 1 matchnode 119255

119255 119650 2  0.9408  0.627  0.633333  1.97626e-323
from 4 to 2 matchnode 119255

119255 62676 2  0.7252  0.5346  0.523333  1.15298e-311
119255 65240 2  0.9506  0.528  0.606667  1.15298e-311
from 4 to 3 matchnode 119255

119255 109944 2  0.8526  0.6138  0.553333  6.9515e-310
119255 220363 2  0.9702  0.5412  0.623333  1.15298e-311

pattern answer9:
vertex1: 节点个数 1
166283 1 0.95
vertex2: 节点个数 2
336738 2 0.65
543535 2 0.8
vertex3: 节点个数 2
245522 3 0.54
260918 3 0.71
vertex4: 节点个数 2
167260 4 0.93
538156 4 0.71
edge_match: 
from 1 to 3 matchnode 166283

166283 245522 2  0.72  0.5984  0.726667  1.97626e-323
166283 260918 3  0.6272  0.55692  0.7725  1.97626e-323
from 1 to 4 matchnode 166283

166283 167260 3  0.5152  0.550528  0.8425  1.97626e-323
166283 538156 3  0.50552  0.518568  0.8325  1.97626e-323
edge_match: 
from 2 to 1 matchnode 336738

336738 166283 2  0.59  0.6438  0.823333  1.97626e-323
from 2 to 3 matchnode 336738

336738 245522 3  0.501828  0.5852  0.6925  1.15236e-311
336738 260918 3  0.502605  0.541575  0.6775  1.15298e-311
from 2 to 1 matchnode 543535

543535 166283 2  0.96  0.7047  0.873333  1.97626e-323
from 2 to 3 matchnode 543535

543535 245522 3  0.627072  0.7942  0.7925  1.15236e-311
543535 260918 3  0.570768  0.537328  0.7475  1.15298e-311
edge_match: 
from 3 to 4 matchnode 245522

245522 167260 3  0.546  0.7029  0.79  1.15236e-311
245522 538156 2  0.8832  0.873  0.513333  1.15236e-311
from 3 to 4 matchnode 260918

260918 167260 3  0.6408  0.65142  0.7825  1.15298e-311
260918 538156 2  0.664  0.729  0.67  1.15298e-311
edge_match: 
from 4 to 1 matchnode 167260

167260 166283 3  0.716352  0.621528  0.665  1.97626e-323
from 4 to 2 matchnode 167260

167260 336738 2  0.7826  0.5415  0.713333  6.9515e-310
167260 543535 2  0.5041  0.8455  0.876667  6.9515e-310
from 4 to 3 matchnode 167260

167260 245522 2  0.6816  0.9025  0.79  1.15236e-311
167260 260918 2  0.6204  0.6106  0.73  1.15333e-311
from 4 to 1 matchnode 538156

538156 166283 3  0.585  0.577071  0.8775  1.97626e-323
from 4 to 2 matchnode 538156

538156 336738 2  0.6006  0.7722  0.78  1.15298e-311
538156 543535 3  0.52234  0.759552  0.735  1.15298e-311
from 4 to 3 matchnode 538156

538156 245522 3  0.67158  0.726528  0.67  1.15236e-311
538156 260918 2  0.8918  0.7826  0.72  1.15333e-311

pattern answer10:
vertex1: 节点个数 1
171993 1 0.74
vertex2: 节点个数 2
170874 2 0.91
598011 2 0.78
vertex3: 节点个数 2
49785 3 0.95
86657 3 0.7
vertex4: 节点个数 2
115315 4 0.86
162269 4 0.61
edge_match: 
from 1 to 3 matchnode 171993

171993 49785 3  0.63336  0.65436  0.805  1.97626e-323
171993 86657 1  0.91  0.82  0.72  1.97626e-323
from 1 to 4 matchnode 171993

171993 115315 3  0.52416  0.72447  0.7825  1.97626e-323
171993 162269 2  0.6461  0.7626  0.683333  1.97626e-323
edge_match: 
from 2 to 1 matchnode 170874

170874 171993 2  0.5985  0.5015  0.606667  1.97626e-323
from 2 to 3 matchnode 170874

170874 49785 3  0.627072  0.56791  0.65  6.9515e-310
170874 86657 3  0.70992  0.508862  0.7575  6.9515e-310
from 2 to 1 matchnode 598011

598011 171993 2  0.6486  0.555  0.74  1.97626e-323
from 2 to 3 matchnode 598011

598011 49785 3  0.892584  0.812544  0.9075  6.9515e-310
598011 86657 1  0.69  0.75  0.74  6.9515e-310
edge_match: 
from 3 to 4 matchnode 49785

49785 115315 3  0.516672  0.61659  0.735  1.15298e-311
49785 162269 3  0.520572  0.61845  0.7775  1.15298e-311
from 3 to 4 matchnode 86657

86657 115315 2  0.576  0.8835  0.796667  1.15298e-311
86657 162269 1  0.71  0.93  0.655  1.15298e-311
edge_match: 
from 4 to 1 matchnode 115315

115315 171993 2  0.6279  0.576  0.74  1.97626e-323
from 4 to 2 matchnode 115315

115315 170874 3  0.58212  0.601344  0.6925  6.9515e-310
115315 598011 3  0.516516  0.642096  0.69  6.9515e-310
from 4 to 3 matchnode 115315

115315 49785 3  0.505197  0.53958  0.7575  1.15298e-311
115315 86657 1  0.66  0.72  0.78  6.9515e-310
from 4 to 1 matchnode 162269

162269 171993 2  0.7332  0.518  0.683333  1.97626e-323
from 4 to 2 matchnode 162269

162269 170874 3  0.68796  0.58464  0.63  1.15298e-311
162269 598011 3  0.610428  0.62426  0.6275  1.15298e-311
from 4 to 3 matchnode 162269

162269 49785 3  0.54288  0.5586  0.7725  1.15298e-311
162269 86657 1  0.78  0.7  0.655  6.9515e-310

pattern answer11:
vertex1: 节点个数 1
184306 1 0.69
vertex2: 节点个数 2
332937 2 0.8
527943 2 0.98
vertex3: 节点个数 2
245522 3 0.54
432417 3 0.69
vertex4: 节点个数 2
112925 4 0.99
126705 4 0.69
edge_match: 
from 1 to 3 matchnode 184306

184306 245522 3  0.5856  0.658825  0.5725  9.88131e-324
184306 432417 3  0.556974  0.5976  0.6325  9.88131e-324
from 1 to 4 matchnode 184306

184306 112925 2  0.6534  0.6225  0.633333  9.88131e-324
184306 126705 3  0.639764  0.573118  0.5675  9.88131e-324
edge_match: 
from 2 to 1 matchnode 332937

332937 184306 3  0.588672  0.5621  0.6625  9.88131e-324
from 2 to 3 matchnode 332937

332937 245522 3  0.569088  0.57024  0.73  1.15236e-311
332937 432417 3  0.530868  0.811008  0.7825  1.15298e-311
from 2 to 1 matchnode 527943

527943 184306 3  0.803136  0.603064  0.7775  9.88131e-324
from 2 to 3 matchnode 527943

527943 245522 3  0.61194  0.583854  0.705  1.15236e-311
527943 432417 3  0.769761  0.517256  0.66  1.15298e-311
edge_match: 
from 3 to 4 matchnode 245522

245522 112925 2  0.9408  0.6188  0.74  1.15236e-311
245522 126705 1  0.98  0.91  0.615  1.15236e-311
from 3 to 4 matchnode 432417

432417 112925 3  0.84672  0.544544  0.7275  1.15298e-311
432417 126705 2  0.882  0.8008  0.64  1.15298e-311
edge_match: 
from 4 to 1 matchnode 112925

112925 184306 2  0.912  0.6237  0.79  9.88131e-324
from 4 to 2 matchnode 112925

112925 332937 3  0.61617  0.607905  0.75  6.9515e-310
112925 527943 3  0.543235  0.810144  0.755  6.9515e-310
from 4 to 3 matchnode 112925

112925 245522 3  0.7942  0.611226  0.5925  1.15236e-311
112925 432417 3  0.610736  0.733824  0.78  1.15333e-311
from 4 to 1 matchnode 126705

126705 184306 1  0.96  0.77  0.69  9.88131e-324
from 4 to 2 matchnode 126705

126705 332937 2  0.6486  0.7505  0.67  6.9515e-310
126705 527943 1  0.98  0.6  0.835  6.9515e-310
from 4 to 3 matchnode 126705

126705 245522 3  0.69597  0.562716  0.53  1.15236e-311
126705 432417 3  0.775866  0.6612  0.5875  1.15333e-311

pattern answer12:
vertex1: 节点个数 1
226267 1 0.71
vertex2: 节点个数 2
68257 2 0.96
528545 2 0.73
vertex3: 节点个数 2
109944 3 0.69
140780 3 0.99
vertex4: 节点个数 2
125354 4 0.71
186657 4 0.65
edge_match: 
from 1 to 3 matchnode 226267

226267 109944 3  0.506922  0.588432  0.665  9.88131e-324
226267 140780 3  0.636902  0.686504  0.74  9.88131e-324
from 1 to 4 matchnode 226267

226267 125354 3  0.506922  0.709136  0.67  9.88131e-324
226267 186657 3  0.539417  0.7544  0.655  9.88131e-324
edge_match: 
from 2 to 1 matchnode 68257

68257 226267 2  0.6248  0.8188  0.696667  9.88131e-324
from 2 to 3 matchnode 68257

68257 109944 2  0.7656  0.8556  0.69  6.9515e-310
68257 140780 2  0.9114  0.546  0.84  6.9515e-310
from 2 to 1 matchnode 528545

528545 226267 3  0.560175  0.5508  0.525  9.88131e-324
from 2 to 3 matchnode 528545

528545 109944 3  0.56745  0.50544  0.52  6.9515e-310
528545 140780 3  0.71295  0.58968  0.595  6.9515e-310
edge_match: 
from 3 to 4 matchnode 109944

109944 125354 3  0.6669  0.66317  0.5975  1.15298e-311
109944 186657 3  0.70965  0.7055  0.5825  1.15298e-311
from 3 to 4 matchnode 140780

140780 125354 2  0.6552  0.517  0.756667  1.15298e-311
140780 186657 2  0.6972  0.55  0.736667  1.15298e-311
edge_match: 
from 4 to 1 matchnode 125354

125354 226267 2  0.7315  0.6375  0.663333  9.88131e-324
from 4 to 2 matchnode 125354

125354 68257 2  0.912  0.615  0.746667  6.9515e-310
125354 528545 3  0.90307  0.6912  0.5625  6.9515e-310
from 4 to 3 matchnode 125354

125354 109944 2  0.741  0.585  0.656667  6.9515e-310
125354 140780 2  0.931  0.6825  0.756667  6.9515e-310
from 4 to 1 matchnode 186657

186657 226267 2  0.539  0.6885  0.643333  9.88131e-324
from 4 to 2 matchnode 186657

186657 68257 2  0.672  0.6642  0.726667  6.9515e-310
186657 528545 3  0.66542  0.746496  0.5475  6.9515e-310
from 4 to 3 matchnode 186657

186657 109944 2  0.546  0.6318  0.636667  6.9515e-310
186657 140780 2  0.686  0.7371  0.736667  6.9515e-310

pattern answer13:
vertex1: 节点个数 1
241697 1 0.93
vertex2: 节点个数 2
29930 2 0.83
417713 2 0.95
vertex3: 节点个数 2
29670 3 0.86
144160 3 0.73
vertex4: 节点个数 2
182845 4 0.5
264624 4 0.88
edge_match: 
from 1 to 3 matchnode 241697

241697 29670 3  0.696192  0.516912  0.7225  1.97626e-323
241697 144160 3  0.87552  0.749232  0.645  1.97626e-323
from 1 to 4 matchnode 241697

241697 182845 3  0.809088  0.7396  0.635  1.97626e-323
241697 264624 3  0.645428  0.589512  0.7775  1.97626e-323
edge_match: 
from 2 to 1 matchnode 29930

29930 241697 3  0.820911  0.65424  0.715  1.97626e-323
from 2 to 3 matchnode 29930

29930 29670 2  0.6132  0.629  0.643333  6.9515e-310
29930 144160 3  0.686857  0.769296  0.56  1.15298e-311
from 2 to 1 matchnode 417713

417713 241697 3  0.518568  0.62976  0.9025  1.97626e-323
from 2 to 3 matchnode 417713

417713 29670 3  0.52528  0.6438  0.6975  6.9515e-310
417713 144160 3  0.52972  0.722502  0.8525  1.15298e-311
edge_match: 
from 3 to 4 matchnode 29670

29670 182845 3  0.571389  0.717696  0.7575  1.15298e-311
29670 264624 2  0.71  0.5544  0.763333  1.15298e-311
from 3 to 4 matchnode 144160

144160 182845 3  0.51759  0.6708  0.72  1.1527e-311
144160 264624 3  0.7029  0.7812  0.73  1.1527e-311
edge_match: 
from 4 to 1 matchnode 182845

182845 241697 3  0.73332  0.56938  0.615  1.97626e-323
from 4 to 2 matchnode 182845

182845 29930 3  0.642978  0.518781  0.5275  6.9515e-310
182845 417713 2  0.5394  0.5376  0.686667  6.9515e-310
from 4 to 3 matchnode 182845

182845 29670 3  0.578  0.583596  0.6825  1.15298e-311
182845 144160 3  0.7524  0.845064  0.62  1.1527e-311
from 4 to 1 matchnode 264624

264624 241697 2  0.6716  0.8415  0.643333  1.97626e-323
from 4 to 2 matchnode 264624

264624 29930 3  0.620658  0.609696  0.5225  6.9515e-310
264624 417713 3  0.567936  0.8613  0.5325  6.9515e-310
from 4 to 3 matchnode 264624

264624 29670 3  0.931392  0.5874  0.71  1.15298e-311
264624 144160 3  0.55195  0.540144  0.8125  1.1527e-311

pattern answer14:
vertex1: 节点个数 1
248077 1 0.63
vertex2: 节点个数 2
29914 2 0.99
29930 2 0.83
vertex3: 节点个数 2
144160 3 0.73
287947 3 0.88
vertex4: 节点个数 2
182845 4 0.5
342756 4 0.78
edge_match: 
from 1 to 3 matchnode 248077

248077 144160 3  0.505875  0.792396  0.5825  1.97626e-323
248077 287947 3  0.663462  0.675  0.65  1.97626e-323
from 1 to 4 matchnode 248077

248077 182845 3  0.610512  0.548856  0.58  1.97626e-323
248077 342756 3  0.55536  0.51701  0.5275  1.97626e-323
edge_match: 
from 2 to 1 matchnode 29914

29914 248077 3  0.59856  0.6536  0.7975  1.97626e-323
from 2 to 3 matchnode 29914

29914 144160 3  0.6536  0.7524  0.8225  1.15298e-311
29914 287947 2  0.6806  0.5922  0.903333  6.9515e-310
from 2 to 1 matchnode 29930

29930 248077 2  0.7056  0.8352  0.72  1.97626e-323
from 2 to 3 matchnode 29930

29930 144160 3  0.686857  0.769296  0.56  1.15298e-311
29930 287947 3  0.537768  0.663264  0.6575  6.9515e-310
edge_match: 
from 3 to 4 matchnode 144160

144160 182845 3  0.51759  0.6708  0.72  1.1527e-311
144160 342756 2  0.6461  0.56  0.756667  1.1527e-311
from 3 to 4 matchnode 287947

287947 182845 3  0.66317  0.8019  0.7075  1.1527e-311
287947 342756 3  0.55664  0.555632  0.5975  1.1527e-311
edge_match: 
from 4 to 1 matchnode 182845

182845 248077 3  0.68904  0.734096  0.595  1.97626e-323
from 4 to 2 matchnode 182845

182845 29914 3  0.62832  0.57888  0.675  6.9515e-310
182845 29930 3  0.642978  0.518781  0.5275  6.9515e-310
from 4 to 3 matchnode 182845

182845 144160 3  0.7524  0.845064  0.62  1.1527e-311
182845 287947 3  0.853776  0.618552  0.6625  1.1527e-311
from 4 to 1 matchnode 342756

342756 248077 2  0.5394  0.688  0.723333  1.97626e-323
from 4 to 2 matchnode 342756

342756 29914 3  0.547008  0.52668  0.6625  1.15298e-311
342756 29930 3  0.532896  0.616968  0.7425  1.15298e-311
from 4 to 3 matchnode 342756

342756 144160 2  0.589  0.792  0.756667  1.1527e-311
342756 287947 3  0.51129  0.504308  0.6025  1.1527e-311

pattern answer15:
vertex1: 节点个数 1
257761 1 0.81
vertex2: 节点个数 2
263740 2 0.94
272944 2 0.51
vertex3: 节点个数 2
260918 3 0.71
528148 3 0.91
vertex4: 节点个数 2
238229 4 0.8
526137 4 0.86
edge_match: 
from 1 to 3 matchnode 257761

257761 260918 3  0.58473  0.76076  0.6025  1.97626e-323
257761 528148 3  0.61101  0.67716  0.6525  1.97626e-323
from 1 to 4 matchnode 257761

257761 238229 3  0.53037  0.67716  0.7175  1.97626e-323
257761 526137 2  0.5152  0.8232  0.866667  1.97626e-323
edge_match: 
from 2 to 1 matchnode 263740

263740 257761 3  0.643968  0.7429  0.81  1.97626e-323
from 2 to 3 matchnode 263740

263740 260918 3  0.615296  0.749075  0.5825  1.15298e-311
263740 528148 3  0.52824  0.5346  0.655  1.15298e-311
from 2 to 1 matchnode 272944

272944 257761 2  0.837  0.6555  0.606667  1.97626e-323
from 2 to 3 matchnode 272944

272944 260918 3  0.6237  0.627456  0.6175  1.15298e-311
272944 528148 3  0.573852  0.5376  0.665  1.15298e-311
edge_match: 
from 3 to 4 matchnode 260918

260918 238229 3  0.761024  0.543678  0.72  1.15298e-311
260918 526137 3  0.73508  0.642586  0.835  1.15298e-311
from 3 to 4 matchnode 528148

528148 238229 2  0.585  0.6478  0.796667  1.15298e-311
528148 526137 3  0.64768  0.638176  0.78  1.15298e-311
edge_match: 
from 4 to 1 matchnode 238229

238229 257761 3  0.728364  0.551088  0.76  1.97626e-323
from 4 to 2 matchnode 238229

238229 263740 3  0.581064  0.568512  0.7875  6.9515e-310
238229 272944 2  0.7216  0.828  0.68  6.9515e-310
from 4 to 3 matchnode 238229

238229 260918 2  0.7938  0.7917  0.66  1.15333e-311
238229 528148 3  0.573804  0.552156  0.89  1.15333e-311
from 4 to 1 matchnode 526137

526137 257761 3  0.6579  0.537186  0.665  1.97626e-323
from 4 to 2 matchnode 526137

526137 263740 2  0.6084  0.817  0.763333  1.15298e-311
526137 272944 3  0.51408  0.62244  0.5575  1.15298e-311
from 4 to 3 matchnode 526137

526137 260918 3  0.703444  0.837837  0.635  1.15333e-311
526137 528148 3  0.53312  0.741468  0.8475  1.15333e-311

pattern answer16:
vertex1: 节点个数 1
261687 1 0.65
vertex2: 节点个数 2
204703 2 0.89
261568 2 0.62
vertex3: 节点个数 2
230225 3 0.73
245522 3 0.54
vertex4: 节点个数 2
238229 4 0.8
538156 4 0.71
edge_match: 
from 1 to 3 matchnode 261687

261687 230225 2  0.7128  0.664  0.75  1.97626e-323
261687 245522 3  0.588984  0.65184  0.59  1.97626e-323
from 1 to 4 matchnode 261687

261687 238229 3  0.51128  0.558372  0.54  1.97626e-323
261687 538156 3  0.532611  0.6624  0.7025  1.97626e-323
edge_match: 
from 2 to 1 matchnode 204703

204703 261687 3  0.667212  0.604989  0.72  1.97626e-323
from 2 to 3 matchnode 204703

204703 230225 3  0.564564  0.835461  0.74  6.9515e-310
204703 245522 3  0.761852  0.588984  0.5275  1.15236e-311
from 2 to 1 matchnode 261568

261568 261687 3  0.774774  0.641364  0.6525  1.97626e-323
from 2 to 3 matchnode 261568

261568 230225 3  0.56115  0.52193  0.7075  6.9515e-310
261568 245522 2  0.8099  0.5642  0.63  1.15236e-311
edge_match: 
from 3 to 4 matchnode 230225

230225 238229 2  0.7161  0.5185  0.686667  6.9515e-310
230225 538156 3  0.571113  0.574574  0.84  6.9515e-310
from 3 to 4 matchnode 245522

245522 238229 2  0.598  0.8827  0.59  1.15236e-311
245522 538156 2  0.8832  0.873  0.513333  1.15236e-311
edge_match: 
from 4 to 1 matchnode 238229

238229 261687 3  0.6272  0.794236  0.6825  1.97626e-323
from 4 to 2 matchnode 238229

238229 204703 3  0.666792  0.611156  0.7125  6.9515e-310
238229 261568 3  0.522348  0.855  0.6025  6.9515e-310
from 4 to 3 matchnode 238229

238229 230225 1  0.82  0.9  0.765  6.9515e-310
238229 245522 3  0.513912  0.64064  0.645  1.15236e-311
from 4 to 1 matchnode 538156

538156 261687 2  0.5236  0.6536  0.78  1.97626e-323
from 4 to 2 matchnode 538156

538156 204703 2  0.7031  0.7189  0.796667  1.15298e-311
538156 261568 3  0.631085  0.545928  0.5325  1.15298e-311
from 4 to 3 matchnode 538156

538156 230225 2  0.6006  0.7482  0.726667  6.9515e-310
538156 245522 3  0.67158  0.726528  0.67  1.15236e-311

pattern answer17:
vertex1: 节点个数 1
266782 1 0.85
vertex2: 节点个数 2
204703 2 0.89
263740 2 0.94
vertex3: 节点个数 2
245522 3 0.54
260918 3 0.71
vertex4: 节点个数 2
112925 4 0.99
126705 4 0.69
edge_match: 
from 1 to 3 matchnode 266782

266782 245522 3  0.6669  0.697048  0.5525  1.97626e-323
266782 260918 2  0.6396  0.9702  0.59  1.97626e-323
from 1 to 4 matchnode 266782

266782 112925 2  0.624  0.5092  0.856667  1.97626e-323
266782 126705 3  0.726528  0.522192  0.5725  1.97626e-323
edge_match: 
from 2 to 1 matchnode 204703

204703 266782 3  0.534528  0.84816  0.8825  1.97626e-323
from 2 to 3 matchnode 204703

204703 245522 3  0.761852  0.588984  0.5275  1.15236e-311
204703 260918 3  0.838292  0.873873  0.735  1.15298e-311
from 2 to 1 matchnode 263740

263740 266782 3  0.551232  0.53568  0.895  1.97626e-323
from 2 to 3 matchnode 263740

263740 245522 3  0.51858  0.56672  0.55  1.15236e-311
263740 260918 3  0.615296  0.749075  0.5825  1.15298e-311
edge_match: 
from 3 to 4 matchnode 245522

245522 112925 2  0.9408  0.6188  0.74  1.15236e-311
245522 126705 1  0.98  0.91  0.615  1.15236e-311
from 3 to 4 matchnode 260918

260918 112925 3  0.550368  0.62928  0.6775  1.15298e-311
260918 126705 2  0.5915  0.5963  0.543333  1.15298e-311
edge_match: 
from 4 to 1 matchnode 112925

112925 266782 3  0.6324  0.59126  0.88  1.97626e-323
from 4 to 2 matchnode 112925

112925 204703 2  0.7695  0.7452  0.856667  6.9515e-310
112925 263740 1  0.88  0.94  0.965  6.9515e-310
from 4 to 3 matchnode 112925

112925 245522 3  0.7942  0.611226  0.5925  1.15236e-311
112925 260918 3  0.729904  0.695604  0.785  1.15333e-311
from 4 to 1 matchnode 126705

126705 266782 3  0.680295  0.54723  0.7475  1.97626e-323
from 4 to 2 matchnode 126705

126705 204703 1  0.81  0.92  0.79  6.9515e-310
126705 263740 2  0.8448  0.6392  0.873333  6.9515e-310
from 4 to 3 matchnode 126705

126705 245522 3  0.69597  0.562716  0.53  1.15236e-311
126705 260918 3  0.564564  0.912285  0.5875  1.15333e-311

pattern answer18:
vertex1: 节点个数 1
415954 1 0.66
vertex2: 节点个数 2
288740 2 0.53
417713 2 0.95
vertex3: 节点个数 2
91765 3 0.59
287947 3 0.88
vertex4: 节点个数 2
182845 4 0.5
405867 4 0.62
edge_match: 
from 1 to 3 matchnode 415954

415954 91765 3  0.505908  0.67032  0.63  1.97626e-323
415954 287947 3  0.5031  0.5589  0.605  1.97626e-323
from 1 to 4 matchnode 415954

415954 182845 3  0.667212  0.78498  0.6075  1.97626e-323
415954 405867 3  0.569244  0.66348  0.64  1.97626e-323
edge_match: 
from 2 to 1 matchnode 288740

288740 415954 2  0.552  0.5016  0.656667  1.97626e-323
from 2 to 3 matchnode 288740

288740 91765 3  0.603198  0.692664  0.5975  1.15298e-311
288740 287947 2  0.539  0.6319  0.766667  6.9515e-310
from 2 to 1 matchnode 417713

417713 415954 2  0.7735  0.9207  0.686667  1.97626e-323
from 2 to 3 matchnode 417713

417713 91765 3  0.620928  0.8008  0.6325  1.15298e-311
417713 287947 3  0.7938  0.534  0.725  6.9515e-310
edge_match: 
from 3 to 4 matchnode 91765

91765 182845 2  0.6643  0.6052  0.663333  1.1527e-311
91765 405867 3  0.571113  0.531075  0.71  1.1527e-311
from 3 to 4 matchnode 287947

287947 182845 3  0.66317  0.8019  0.7075  1.1527e-311
287947 405867 3  0.686012  0.575016  0.695  1.1527e-311
edge_match: 
from 4 to 1 matchnode 182845

182845 415954 2  0.7553  0.663  0.693333  1.97626e-323
from 4 to 2 matchnode 182845

182845 288740 3  0.583704  0.531432  0.575  6.9515e-310
182845 417713 2  0.5394  0.5376  0.686667  6.9515e-310
from 4 to 3 matchnode 182845

182845 91765 2  0.6336  0.8008  0.526667  1.1527e-311
182845 287947 3  0.853776  0.618552  0.6625  1.1527e-311
from 4 to 1 matchnode 405867

405867 415954 3  0.52479  0.7347  0.5675  1.97626e-323
from 4 to 2 matchnode 405867

405867 288740 3  0.61852  0.5005  0.58  1.15298e-311
405867 417713 3  0.628488  0.530964  0.5175  1.15298e-311
from 4 to 3 matchnode 405867

405867 91765 3  0.50715  0.7216  0.5375  1.1527e-311
405867 287947 3  0.701092  0.6248  0.6725  1.1527e-311

pattern answer19:
vertex1: 节点个数 1
417844 1 0.52
vertex2: 节点个数 2
275411 2 0.94
417731 2 0.93
vertex3: 节点个数 2
183859 3 0.69
417219 3 0.85
vertex4: 节点个数 2
315436 4 0.71
668444 4 0.98
edge_match: 
from 1 to 3 matchnode 417844

417844 183859 3  0.501952  0.6888  0.6425  1.97626e-323
417844 417219 2  0.6586  0.6336  0.51  1.97626e-323
from 1 to 4 matchnode 417844

417844 315436 2  0.7636  0.54  0.74  1.97626e-323
417844 668444 3  0.50949  0.53856  0.755  1.97626e-323
edge_match: 
from 2 to 1 matchnode 275411

275411 417844 3  0.883476  0.5508  0.64  1.97626e-323
from 2 to 3 matchnode 275411

275411 183859 3  0.58212  0.666072  0.7125  1.15322e-311
275411 417219 3  0.854756  0.5742  0.685  6.9515e-310
from 2 to 1 matchnode 417731

417731 417844 3  0.55936  0.540594  0.675  1.97626e-323
from 2 to 3 matchnode 417731

417731 183859 3  0.534204  0.520793  0.635  1.15322e-311
417731 417219 2  0.6966  0.6399  0.64  6.9515e-310
edge_match: 
from 3 to 4 matchnode 183859

183859 315436 2  0.5476  0.6486  0.686667  1.15298e-311
183859 668444 2  0.6715  0.66  0.843333  1.15298e-311
from 3 to 4 matchnode 417219

417219 315436 3  0.59136  0.608556  0.55  1.15298e-311
417219 668444 2  0.782  0.6424  0.896667  1.15298e-311
edge_match: 
from 4 to 1 matchnode 315436

315436 417844 3  0.59682  0.611793  0.5275  1.97626e-323
from 4 to 2 matchnode 315436

315436 275411 3  0.61938  0.516  0.5875  6.9515e-310
315436 417731 2  0.5452  0.5244  0.556667  6.9515e-310
from 4 to 3 matchnode 315436

315436 183859 2  0.837  0.616  0.503333  1.15298e-311
315436 417219 3  0.845856  0.52272  0.7025  1.15333e-311
from 4 to 1 matchnode 668444

668444 417844 2  0.567  0.8742  0.786667  1.97626e-323
from 4 to 2 matchnode 668444

668444 275411 2  0.74  0.6536  0.836667  6.9515e-310
668444 417731 3  0.6384  0.9114  0.7475  6.9515e-310
from 4 to 3 matchnode 668444

668444 183859 3  0.801792  0.542568  0.7325  1.15298e-311
668444 417219 2  0.7921  0.513  0.806667  1.15333e-311

pattern answer20:
vertex1: 节点个数 1
485267 1 0.52
vertex2: 节点个数 2
68471 2 0.53
161365 2 0.8
vertex3: 节点个数 2
76731 3 0.83
446726 3 0.85
vertex4: 节点个数 2
289140 4 0.98
421714 4 0.5
edge_match: 
from 1 to 3 matchnode 485267

485267 76731 3  0.81972  0.60435  0.77  1.97626e-323
485267 446726 1  0.97  0.76  0.685  1.97626e-323
from 1 to 4 matchnode 485267

485267 289140 1  0.93  0.54  0.75  1.97626e-323
485267 421714 3  0.500892  0.604608  0.5375  1.97626e-323
edge_match: 
from 2 to 1 matchnode 68471

68471 485267 2  0.736  0.66  0.57  1.97626e-323
from 2 to 3 matchnode 68471

68471 76731 2  0.6762  0.91  0.783333  6.9515e-310
68471 446726 3  0.69696  0.557568  0.655  6.9515e-310
from 2 to 1 matchnode 161365

161365 485267 2  0.741  0.5626  0.583333  1.97626e-323
from 2 to 3 matchnode 161365

161365 76731 3  0.642586  0.521157  0.7575  6.9515e-310
161365 446726 3  0.699132  0.60876  0.7225  6.9515e-310
edge_match: 
from 3 to 4 matchnode 76731

76731 289140 2  0.8064  0.5488  0.743333  1.15298e-311
76731 421714 2  0.801  0.752  0.653333  1.15298e-311
from 3 to 4 matchnode 446726

446726 289140 2  0.86  0.7735  0.863333  6.9515e-310
446726 421714 2  0.7347  0.558  0.62  6.9515e-310
edge_match: 
from 4 to 1 matchnode 289140

289140 485267 3  0.724552  0.648784  0.63  1.97626e-323
from 4 to 2 matchnode 289140

289140 68471 2  0.735  0.5313  0.643333  6.9515e-310
289140 161365 3  0.697333  0.611585  0.8525  6.9515e-310
from 4 to 3 matchnode 289140

289140 76731 3  0.647976  0.6003  0.6025  6.9515e-310
289140 446726 3  0.874552  0.672111  0.805  6.9515e-310
from 4 to 1 matchnode 421714

421714 485267 3  0.7866  0.606825  0.565  1.97626e-323
from 4 to 2 matchnode 421714

421714 68471 1  0.87  0.95  0.515  6.9515e-310
421714 161365 3  0.589275  0.567062  0.615  6.9515e-310
from 4 to 3 matchnode 421714

421714 76731 3  0.588294  0.8645  0.7125  6.9515e-310
421714 446726 2  0.891  0.5952  0.643333  6.9515e-310

pattern answer21:
vertex1: 节点个数 1
487371 1 0.87
vertex2: 节点个数 2
68471 2 0.53
161365 2 0.8
vertex3: 节点个数 2
76731 3 0.83
446726 3 0.85
vertex4: 节点个数 2
289140 4 0.98
421714 4 0.5
edge_match: 
from 1 to 3 matchnode 487371

487371 76731 2  0.855  0.5412  0.75  1.97626e-323
487371 446726 3  0.66348  0.511024  0.6975  1.97626e-323
from 1 to 4 matchnode 487371

487371 289140 3  0.502164  0.576972  0.7425  1.97626e-323
487371 421714 2  0.6586  0.6768  0.666667  1.97626e-323
edge_match: 
from 2 to 1 matchnode 68471

68471 487371 3  0.68992  0.792792  0.66  1.97626e-323
from 2 to 3 matchnode 68471

68471 76731 2  0.6762  0.91  0.783333  6.9515e-310
68471 446726 3  0.69696  0.557568  0.655  6.9515e-310
from 2 to 1 matchnode 161365

161365 487371 2  0.744  0.9405  0.723333  1.97626e-323
from 2 to 3 matchnode 161365

161365 76731 3  0.642586  0.521157  0.7575  6.9515e-310
161365 446726 3  0.699132  0.60876  0.7225  6.9515e-310
edge_match: 
from 3 to 4 matchnode 76731

76731 289140 2  0.8064  0.5488  0.743333  1.15298e-311
76731 421714 2  0.801  0.752  0.653333  1.15298e-311
from 3 to 4 matchnode 446726

446726 289140 2  0.86  0.7735  0.863333  6.9515e-310
446726 421714 2  0.7347  0.558  0.62  6.9515e-310
edge_match: 
from 4 to 1 matchnode 289140

289140 487371 1  0.62  0.52  0.925  1.97626e-323
from 4 to 2 matchnode 289140

289140 68471 2  0.735  0.5313  0.643333  6.9515e-310
289140 161365 3  0.697333  0.611585  0.8525  6.9515e-310
from 4 to 3 matchnode 289140

289140 76731 3  0.647976  0.6003  0.6025  6.9515e-310
289140 446726 3  0.874552  0.672111  0.805  6.9515e-310
from 4 to 1 matchnode 421714

421714 487371 2  0.882  0.8463  0.65  1.97626e-323
from 4 to 2 matchnode 421714

421714 68471 1  0.87  0.95  0.515  6.9515e-310
421714 161365 3  0.589275  0.567062  0.615  6.9515e-310
from 4 to 3 matchnode 421714

421714 76731 3  0.588294  0.8645  0.7125  6.9515e-310
421714 446726 2  0.891  0.5952  0.643333  6.9515e-310

pattern answer22:
vertex1: 节点个数 1
537028 1 0.98
vertex2: 节点个数 2
204703 2 0.89
528989 2 0.93
vertex3: 节点个数 2
245522 3 0.54
432417 3 0.69
vertex4: 节点个数 2
126705 4 0.69
538156 4 0.71
edge_match: 
from 1 to 3 matchnode 537028

537028 245522 2  0.5785  0.518  0.6  1.97626e-323
537028 432417 3  0.700437  0.644  0.74  1.97626e-323
from 1 to 4 matchnode 537028

537028 126705 3  0.57  0.655424  0.6675  1.97626e-323
537028 538156 3  0.595608  0.77004  0.585  1.97626e-323
edge_match: 
from 2 to 1 matchnode 204703

204703 537028 3  0.838292  0.595386  0.8025  1.97626e-323
from 2 to 3 matchnode 204703

204703 245522 3  0.761852  0.588984  0.5275  1.15236e-311
204703 432417 3  0.701428  0.921888  0.73  1.15298e-311
from 2 to 1 matchnode 528989

528989 537028 3  0.6424  0.554496  0.835  1.97626e-323
from 2 to 3 matchnode 528989

528989 245522 2  0.7743  0.609  0.583333  1.15236e-311
528989 432417 3  0.693966  0.677376  0.6925  1.15298e-311
edge_match: 
from 3 to 4 matchnode 245522

245522 126705 1  0.98  0.91  0.615  1.15236e-311
245522 538156 2  0.8832  0.873  0.513333  1.15236e-311
from 3 to 4 matchnode 432417

432417 126705 2  0.882  0.8008  0.64  1.15298e-311
432417 538156 2  0.768  0.711  0.713333  1.15298e-311
edge_match: 
from 4 to 1 matchnode 126705

126705 537028 3  0.9016  0.60648  0.77  1.97626e-323
from 4 to 2 matchnode 126705

126705 204703 1  0.81  0.92  0.79  6.9515e-310
126705 528989 2  0.5994  0.8832  0.836667  6.9515e-310
from 4 to 3 matchnode 126705

126705 245522 3  0.69597  0.562716  0.53  1.15236e-311
126705 432417 3  0.775866  0.6612  0.5875  1.15333e-311
from 4 to 1 matchnode 538156

538156 537028 2  0.8918  0.5332  0.81  1.97626e-323
from 4 to 2 matchnode 538156

538156 204703 2  0.7031  0.7189  0.796667  1.15298e-311
538156 528989 3  0.640584  0.744744  0.755  1.15298e-311
from 4 to 3 matchnode 538156

538156 245522 3  0.67158  0.726528  0.67  1.15236e-311
538156 432417 3  0.570024  0.99  0.8275  1.15333e-311

pattern answer23:
vertex1: 节点个数 1
751480 1 0.54
vertex2: 节点个数 2
461739 2 0.69
462625 2 0.5
vertex3: 节点个数 2
282316 3 0.9
454853 3 0.88
vertex4: 节点个数 2
454856 4 0.62
762852 4 0.84
edge_match: 
from 1 to 3 matchnode 751480

751480 282316 3  0.921294  0.570459  0.55  1.97626e-323
751480 454853 2  0.6889  0.56  0.74  1.97626e-323
from 1 to 4 matchnode 751480

751480 454856 3  0.7315  0.521637  0.6025  1.97626e-323
751480 762852 3  0.5434  0.515778  0.58  1.97626e-323
edge_match: 
from 2 to 1 matchnode 461739

461739 751480 3  0.619164  0.7938  0.525  1.97626e-323
from 2 to 3 matchnode 461739

461739 282316 2  0.99  0.6889  0.596667  1.15332e-311
461739 454853 3  0.673596  0.56772  0.72  6.9515e-310
from 2 to 1 matchnode 462625

462625 751480 3  0.70794  0.51678  0.505  1.97626e-323
from 2 to 3 matchnode 462625

462625 282316 3  0.52394  0.671814  0.6775  1.15332e-311
462625 454853 2  0.6075  0.8217  0.78  6.9515e-310
edge_match: 
from 3 to 4 matchnode 282316

282316 454856 3  0.857088  0.575652  0.71  1.15298e-311
282316 762852 3  0.52155  0.562716  0.7  1.15298e-311
from 3 to 4 matchnode 454853

454853 454856 3  0.60672  0.708876  0.73  1.15298e-311
454853 762852 2  0.7056  0.5488  0.85  1.15298e-311
edge_match: 
from 4 to 1 matchnode 454856

454856 751480 3  0.547884  0.6768  0.63  1.97626e-323
from 4 to 2 matchnode 454856

454856 461739 3  0.56745  0.57528  0.5925  6.9515e-310
454856 462625 2  0.8178  0.768  0.586667  6.9515e-310
from 4 to 3 matchnode 454856

454856 282316 3  0.651452  0.5358  0.7275  1.15298e-311
454856 454853 2  0.5141  0.846  0.646667  1.15298e-311
from 4 to 1 matchnode 762852

762852 751480 2  0.5346  0.729  0.633333  1.97626e-323
from 4 to 2 matchnode 762852

762852 461739 3  0.503424  0.513174  0.7575  6.9515e-310
762852 462625 1  0.83  0.99  0.67  6.9515e-310
from 4 to 3 matchnode 762852

762852 282316 2  0.7084  0.5796  0.826667  1.15298e-311
762852 454853 3  0.504225  0.813483  0.795  1.15298e-311

pattern answer24:
vertex1: 节点个数 1
777343 1 0.74
vertex2: 节点个数 2
261568 2 0.62
489584 2 0.55
vertex3: 节点个数 2
245522 3 0.54
260530 3 0.87
vertex4: 节点个数 2
238229 4 0.8
538156 4 0.71
edge_match: 
from 1 to 3 matchnode 777343

777343 245522 3  0.582309  0.511872  0.555  1.97626e-323
777343 260530 3  0.650328  0.67609  0.73  1.97626e-323
from 1 to 4 matchnode 777343

777343 238229 3  0.53235  0.537674  0.7825  1.97626e-323
777343 538156 3  0.770224  0.56025  0.6625  1.97626e-323
edge_match: 
from 2 to 1 matchnode 261568

261568 777343 3  0.58695  0.559584  0.5675  1.97626e-323
from 2 to 3 matchnode 261568

261568 245522 2  0.8099  0.5642  0.63  1.15236e-311
261568 260530 3  0.7128  0.61677  0.8375  1.1527e-311
from 2 to 1 matchnode 489584

489584 777343 2  0.7056  0.646  0.583333  1.97626e-323
from 2 to 3 matchnode 489584

489584 245522 3  0.51678  0.599808  0.6925  1.15236e-311
489584 260530 3  0.833085  0.56871  0.63  1.1527e-311
edge_match: 
from 3 to 4 matchnode 245522

245522 238229 2  0.598  0.8827  0.59  1.15236e-311
245522 538156 2  0.8832  0.873  0.513333  1.15236e-311
from 3 to 4 matchnode 260530

260530 238229 3  0.5304  0.692064  0.575  1.15333e-311
260530 538156 2  0.6348  0.828  0.623333  1.15333e-311
edge_match: 
from 4 to 1 matchnode 238229

238229 777343 3  0.686686  0.865046  0.6725  1.97626e-323
from 4 to 2 matchnode 238229

238229 261568 3  0.522348  0.855  0.6025  6.9515e-310
238229 489584 2  0.5487  0.6624  0.59  6.9515e-310
from 4 to 3 matchnode 238229

238229 245522 3  0.513912  0.64064  0.645  1.15236e-311
238229 260530 3  0.6027  0.6408  0.76  1.15333e-311
from 4 to 1 matchnode 538156

538156 777343 2  0.6417  0.8928  0.516667  1.97626e-323
from 4 to 2 matchnode 538156

538156 261568 3  0.631085  0.545928  0.5325  1.15298e-311
538156 489584 3  0.655424  0.535304  0.51  1.15298e-311
from 4 to 3 matchnode 538156

538156 245522 3  0.67158  0.726528  0.67  1.15236e-311
538156 260530 3  0.639744  0.678224  0.835  1.15333e-311

