pattern answer1:
vertex1: 节点个数 1
44 1 0.9
vertex2: 节点个数 2
42 2 0.51
719 2 0.98
vertex3: 节点个数 2
74 3 0.81
729 3 0.94
vertex4: 节点个数 2
67 4 0.78
75 4 0.54
edge_match: 
from 1 to 2 matchnode 44

44 42 3  0.744744  0.55384  0.5925  9.82826e-312
44 719 3  0.717024  0.6768  0.8425  9.82826e-312
from 1 to 4 matchnode 44

44 67 2  0.9801  0.5226  0.696667  0
44 75 3  0.643692  0.58384  0.7875  0
edge_match: 
from 2 to 1 matchnode 42

42 44 3  0.66176  0.553755  0.5775  0
from 2 to 3 matchnode 42

42 74 2  0.7332  0.5293  0.73  6.95142e-310
42 729 2  0.6392  0.6499  0.773333  6.95142e-310
from 2 to 4 matchnode 42

42 67 3  0.5434  0.55986  0.695  6.95142e-310
42 75 1  0.55  0.79  0.525  9.82833e-312
from 2 to 1 matchnode 719

719 44 3  0.54912  0.51243  0.695  0
from 2 to 3 matchnode 719

719 74 3  0.678447  0.510972  0.625  9.82833e-312
719 729 2  0.5304  0.6014  0.93  9.82833e-312
from 2 to 4 matchnode 719

719 67 3  0.509454  0.523488  0.7775  6.95142e-310
719 75 3  0.507936  0.53599  0.605  9.82833e-312
edge_match: 
from 3 to 1 matchnode 74

74 44 1  0.57  0.92  0.855  0
from 3 to 2 matchnode 74

74 42 2  0.836  0.7998  0.603333  6.95142e-310
74 719 2  0.7238  0.738  0.783333  9.82833e-312
from 3 to 4 matchnode 74

74 67 2  0.799  0.528  0.796667  6.95142e-310
74 75 2  0.8835  0.651  0.613333  9.82833e-312
from 3 to 1 matchnode 729

729 44 3  0.602316  0.53064  0.8275  0
from 3 to 2 matchnode 729

729 42 3  0.627  0.711822  0.6875  6.95142e-310
729 719 3  0.54285  0.65682  0.8225  9.82833e-312
from 3 to 4 matchnode 729

729 67 3  0.7296  0.534534  0.885  6.95142e-310
729 75 3  0.662625  0.57939  0.695  9.82833e-312
edge_match: 
from 4 to 1 matchnode 67

67 44 3  0.8736  0.56867  0.65  0
from 4 to 3 matchnode 67

67 74 3  0.7968  0.62415  0.6275  6.95142e-310
67 729 2  0.5734  0.5022  0.83  6.95142e-310
from 4 to 1 matchnode 75

75 44 3  0.71424  0.51744  0.5325  0
from 4 to 3 matchnode 75

75 74 2  0.9021  0.5655  0.64  9.82833e-312
75 729 3  0.85728  0.57904  0.53  9.82833e-312

pattern answer2:
vertex1: 节点个数 1
83 1 0.86
vertex2: 节点个数 2
63 2 0.52
187 2 0.54
vertex3: 节点个数 2
74 3 0.81
2104 3 0.8
vertex4: 节点个数 2
67 4 0.78
210 4 0.82
edge_match: 
from 1 to 2 matchnode 83

83 63 2  0.6984  0.5016  0.743333  9.82841e-312
83 187 2  0.72  0.5168  0.753333  9.82841e-312
from 1 to 4 matchnode 83

83 67 1  0.96  0.77  0.82  0
83 210 3  0.60424  0.534204  0.8175  0
edge_match: 
from 2 to 1 matchnode 63

63 83 3  0.561924  0.847872  0.5875  0
from 2 to 3 matchnode 63

63 74 3  0.695268  0.6586  0.68  6.95142e-310
63 2104 3  0.616047  0.7524  0.5375  6.95142e-310
from 2 to 4 matchnode 63

63 67 3  0.664664  0.709632  0.6225  6.95142e-310
63 210 3  0.511784  0.549054  0.745  9.82826e-312
from 2 to 1 matchnode 187

187 83 3  0.78498  0.66348  0.75  0
from 2 to 3 matchnode 187

187 74 3  0.82467  0.536313  0.805  9.82824e-312
187 2104 3  0.80801  0.8827  0.6825  9.82824e-312
from 2 to 4 matchnode 187

187 67 3  0.566636  0.702086  0.5925  6.95142e-310
187 210 3  0.57036  0.9215  0.65  9.82826e-312
edge_match: 
from 3 to 1 matchnode 74

74 83 2  0.5985  0.8835  0.72  0
from 3 to 2 matchnode 74

74 63 2  0.7905  0.8134  0.6  6.95142e-310
74 187 3  0.656115  0.699524  0.585  9.82833e-312
from 3 to 4 matchnode 74

74 67 2  0.799  0.528  0.796667  6.95142e-310
74 210 3  0.759704  0.602316  0.795  9.82826e-312
from 3 to 1 matchnode 2104

2104 83 2  0.7735  0.533  0.71  0
from 3 to 2 matchnode 2104

2104 63 3  0.580642  0.548856  0.6425  6.95142e-310
2104 187 3  0.646464  0.592122  0.615  9.82833e-312
from 3 to 4 matchnode 2104

2104 67 3  0.7372  0.86526  0.6825  6.95142e-310
2104 210 2  0.8827  0.9108  0.783333  9.82826e-312
edge_match: 
from 4 to 1 matchnode 67

67 83 3  0.567858  0.632316  0.5125  0
from 4 to 3 matchnode 67

67 74 3  0.7968  0.62415  0.6275  6.95142e-310
67 2104 3  0.508862  0.6696  0.69  6.95142e-310
from 4 to 1 matchnode 210

210 83 3  0.794112  0.76076  0.6675  0
from 4 to 3 matchnode 210

210 74 2  0.5616  0.7505  0.833333  9.82826e-312
210 2104 3  0.520793  0.6348  0.66  9.82826e-312

pattern answer3:
vertex1: 节点个数 1
443 1 0.87
vertex2: 节点个数 2
42 2 0.51
63 2 0.52
vertex3: 节点个数 2
74 3 0.81
729 3 0.94
vertex4: 节点个数 2
89 4 0.77
122 4 1
edge_match: 
from 1 to 2 matchnode 443

443 42 3  0.767464  0.532532  0.55  9.82829e-312
443 63 3  0.601818  0.67298  0.52  9.82829e-312
from 1 to 4 matchnode 443

443 89 2  0.6693  0.7084  0.776667  1.97626e-323
443 122 2  0.5848  0.6864  0.91  1.97626e-323
edge_match: 
from 2 to 1 matchnode 42

42 443 3  0.560522  0.55476  0.57  1.97626e-323
from 2 to 3 matchnode 42

42 74 2  0.7332  0.5293  0.73  6.95142e-310
42 729 2  0.6392  0.6499  0.773333  6.95142e-310
from 2 to 4 matchnode 42

42 89 2  0.8554  0.6499  0.716667  6.95142e-310
42 122 3  0.582048  0.554224  0.65  9.82843e-312
from 2 to 1 matchnode 63

63 443 3  0.77697  0.506943  0.6775  1.97626e-323
from 2 to 3 matchnode 63

63 74 3  0.695268  0.6586  0.68  6.95142e-310
63 729 3  0.64449  0.534798  0.62  6.95142e-310
from 2 to 4 matchnode 63

63 89 3  0.561792  0.541728  0.645  6.95142e-310
63 122 3  0.696696  0.658944  0.6775  9.82843e-312
edge_match: 
from 3 to 1 matchnode 74

74 443 2  0.98  0.6555  0.716667  1.97626e-323
from 3 to 2 matchnode 74

74 42 2  0.836  0.7998  0.603333  6.95142e-310
74 63 2  0.7905  0.8134  0.6  6.95142e-310
from 3 to 4 matchnode 74

74 89 2  0.8075  0.7644  0.683333  6.95142e-310
74 122 3  0.621  0.664608  0.8025  9.82843e-312
from 3 to 1 matchnode 729

729 443 3  0.735  0.583395  0.7725  1.97626e-323
from 3 to 2 matchnode 729

729 42 3  0.627  0.711822  0.6875  6.95142e-310
729 63 3  0.592875  0.723926  0.685  6.95142e-310
from 3 to 4 matchnode 729

729 89 3  0.605625  0.680316  0.7475  6.95142e-310
729 122 3  0.523218  0.58656  0.7825  9.82843e-312
edge_match: 
from 4 to 1 matchnode 89

89 443 2  0.85  0.8645  0.703333  1.97626e-323
from 4 to 3 matchnode 89

89 74 3  0.829374  0.7191  0.6525  6.95142e-310
89 729 3  0.681615  0.603612  0.8625  6.95142e-310
from 4 to 1 matchnode 122

122 443 2  0.7921  0.648  0.773333  1.97626e-323
from 4 to 3 matchnode 122

122 74 1  0.76  0.8  0.905  9.82843e-312
122 729 3  0.726624  0.785312  0.565  9.82843e-312

pattern answer4:
vertex1: 节点个数 1
549 1 0.53
vertex2: 节点个数 2
42 2 0.51
719 2 0.98
vertex3: 节点个数 2
74 3 0.81
729 3 0.94
vertex4: 节点个数 2
67 4 0.78
75 4 0.54
edge_match: 
from 1 to 2 matchnode 549

549 42 3  0.836  0.623844  0.585  9.82843e-312
549 719 3  0.516344  0.8526  0.7325  9.82843e-312
from 1 to 4 matchnode 549

549 67 2  0.6141  0.697  0.633333  1.97626e-323
549 75 3  0.8835  0.50778  0.5925  1.97626e-323
edge_match: 
from 2 to 1 matchnode 42

42 549 2  0.8736  0.564  0.616667  1.97626e-323
from 2 to 3 matchnode 42

42 74 2  0.7332  0.5293  0.73  6.95142e-310
42 729 2  0.6392  0.6499  0.773333  6.95142e-310
from 2 to 4 matchnode 42

42 67 3  0.5434  0.55986  0.695  6.95142e-310
42 75 1  0.55  0.79  0.525  9.82833e-312
from 2 to 1 matchnode 719

719 549 3  0.602352  0.727353  0.7225  1.97626e-323
from 2 to 3 matchnode 719

719 74 3  0.678447  0.510972  0.625  9.82833e-312
719 729 2  0.5304  0.6014  0.93  9.82833e-312
from 2 to 4 matchnode 719

719 67 3  0.509454  0.523488  0.7775  6.95142e-310
719 75 3  0.507936  0.53599  0.605  9.82833e-312
edge_match: 
from 3 to 1 matchnode 74

74 549 3  0.684855  0.578508  0.7075  1.97626e-323
from 3 to 2 matchnode 74

74 42 2  0.836  0.7998  0.603333  6.95142e-310
74 719 2  0.7238  0.738  0.783333  9.82833e-312
from 3 to 4 matchnode 74

74 67 2  0.799  0.528  0.796667  6.95142e-310
74 75 2  0.8835  0.651  0.613333  9.82833e-312
from 3 to 1 matchnode 729

729 549 3  0.656496  0.73656  0.7125  1.97626e-323
from 3 to 2 matchnode 729

729 42 3  0.627  0.711822  0.6875  6.95142e-310
729 719 3  0.54285  0.65682  0.8225  9.82833e-312
from 3 to 4 matchnode 729

729 67 3  0.7296  0.534534  0.885  6.95142e-310
729 75 3  0.662625  0.57939  0.695  9.82833e-312
edge_match: 
from 4 to 1 matchnode 67

67 549 3  0.67032  0.70308  0.6925  1.97626e-323
from 4 to 3 matchnode 67

67 74 3  0.7968  0.62415  0.6275  6.95142e-310
67 729 2  0.5734  0.5022  0.83  6.95142e-310
from 4 to 1 matchnode 75

75 549 2  0.5829  0.6175  0.603333  1.97626e-323
from 4 to 3 matchnode 75

75 74 2  0.9021  0.5655  0.64  9.82833e-312
75 729 3  0.85728  0.57904  0.53  9.82833e-312

pattern answer5:
vertex1: 节点个数 1
745 1 0.67
vertex2: 节点个数 2
100 2 0.89
719 2 0.98
vertex3: 节点个数 2
49 3 0.97
74 3 0.81
vertex4: 节点个数 2
354 4 0.99
1401 4 0.98
edge_match: 
from 1 to 2 matchnode 745

745 100 3  0.767536  0.536268  0.555  9.82841e-312
745 719 3  0.554559  0.536176  0.69  9.82841e-312
from 1 to 4 matchnode 745

745 354 3  0.540408  0.664332  0.6  0
745 1401 3  0.596211  0.61272  0.6325  0
edge_match: 
from 2 to 1 matchnode 100

100 745 3  0.53504  0.658952  0.8375  0
from 2 to 3 matchnode 100

100 49 3  0.707712  0.795708  0.6825  6.95142e-310
100 74 2  0.836  0.8036  0.893333  6.95142e-310
from 2 to 4 matchnode 100

100 354 3  0.605625  0.679604  0.77  9.82827e-312
100 1401 2  0.7872  0.8415  0.87  9.82841e-312
from 2 to 1 matchnode 719

719 745 3  0.5412  0.717948  0.6125  0
from 2 to 3 matchnode 719

719 49 3  0.634392  0.602217  0.8325  9.82833e-312
719 74 3  0.678447  0.510972  0.625  9.82833e-312
from 2 to 4 matchnode 719

719 354 3  0.51034  0.602082  0.7625  9.82827e-312
719 1401 3  0.617838  0.668577  0.615  9.82841e-312
edge_match: 
from 3 to 1 matchnode 49

49 745 3  0.61776  0.51192  0.83  0
from 3 to 2 matchnode 49

49 100 3  0.511  0.500714  0.7975  6.95142e-310
49 719 3  0.513912  0.663462  0.915  9.82833e-312
from 3 to 4 matchnode 49

49 354 3  0.55845  0.776  0.8575  9.82827e-312
49 1401 3  0.72447  0.642528  0.8125  9.82841e-312
from 3 to 1 matchnode 74

74 745 1  0.64  0.82  0.74  0
from 3 to 2 matchnode 74

74 100 3  0.90307  0.67704  0.7925  6.95142e-310
74 719 2  0.7238  0.738  0.783333  9.82833e-312
from 3 to 4 matchnode 74

74 354 2  0.5369  0.9  0.743333  9.82827e-312
74 1401 3  0.72192  0.800316  0.685  9.82841e-312
edge_match: 
from 4 to 1 matchnode 354

354 745 3  0.53568  0.578592  0.86  0
from 4 to 3 matchnode 354

354 49 2  0.747  0.6566  0.976667  9.82826e-312
354 74 3  0.7128  0.874552  0.905  9.82826e-312
from 4 to 1 matchnode 1401

1401 745 2  0.77  0.6174  0.586667  0
from 4 to 3 matchnode 1401

1401 49 3  0.548535  0.582388  0.69  9.82825e-312
1401 74 3  0.504504  0.688644  0.6675  9.82825e-312

pattern answer6:
vertex1: 节点个数 1
1167 1 0.91
vertex2: 节点个数 2
100 2 0.89
192 2 0.62
vertex3: 节点个数 2
49 3 0.97
74 3 0.81
vertex4: 节点个数 2
89 4 0.77
122 4 1
edge_match: 
from 1 to 2 matchnode 1167

1167 100 2  0.6768  0.6111  0.643333  9.82843e-312
1167 192 3  0.72048  0.720811  0.5775  9.82843e-312
from 1 to 4 matchnode 1167

1167 89 3  0.742438  0.581808  0.62  1.4822e-323
1167 122 3  0.54531  0.56115  0.805  1.4822e-323
edge_match: 
from 2 to 1 matchnode 100

100 1167 2  0.6586  0.6256  0.856667  1.4822e-323
from 2 to 3 matchnode 100

100 49 3  0.707712  0.795708  0.6825  6.95142e-310
100 74 2  0.836  0.8036  0.893333  6.95142e-310
from 2 to 4 matchnode 100

100 89 3  0.810216  0.723814  0.6125  6.95142e-310
100 122 1  0.85  0.68  0.945  9.82843e-312
from 2 to 1 matchnode 192

192 1167 3  0.690606  0.604824  0.615  1.4822e-323
from 2 to 3 matchnode 192

192 49 2  0.7857  0.7068  0.69  9.82833e-312
192 74 3  0.777568  0.544824  0.64  9.82833e-312
from 2 to 4 matchnode 192

192 89 3  0.633906  0.575016  0.685  6.95142e-310
192 122 2  0.6324  0.836  0.826667  9.82843e-312
edge_match: 
from 3 to 1 matchnode 49

49 1167 3  0.70488  0.82863  0.875  1.4822e-323
from 3 to 2 matchnode 49

49 100 3  0.511  0.500714  0.7975  6.95142e-310
49 192 3  0.61304  0.64881  0.58  9.82824e-312
from 3 to 4 matchnode 49

49 89 3  0.533484  0.699273  0.7925  6.95142e-310
49 122 3  0.704352  0.50544  0.8875  9.82843e-312
from 3 to 1 matchnode 74

74 1167 3  0.503976  0.696514  0.7575  1.4822e-323
from 3 to 2 matchnode 74

74 100 3  0.90307  0.67704  0.7925  6.95142e-310
74 192 3  0.750974  0.55269  0.54  9.82824e-312
from 3 to 4 matchnode 74

74 89 2  0.8075  0.7644  0.683333  6.95142e-310
74 122 3  0.621  0.664608  0.8025  9.82843e-312
edge_match: 
from 4 to 1 matchnode 89

89 1167 3  0.548208  0.636272  0.7275  1.4822e-323
from 4 to 3 matchnode 89

89 49 3  0.68816  0.712712  0.755  6.95142e-310
89 74 3  0.829374  0.7191  0.6525  6.95142e-310
from 4 to 1 matchnode 122

122 1167 2  0.555  0.5704  0.893333  1.4822e-323
from 4 to 3 matchnode 122

122 49 2  0.8428  0.536  0.833333  9.82843e-312
122 74 1  0.76  0.8  0.905  9.82843e-312

pattern answer7:
vertex1: 节点个数 1
1400 1 0.64
vertex2: 节点个数 2
63 2 0.52
1283 2 0.59
vertex3: 节点个数 2
74 3 0.81
751 3 0.98
vertex4: 节点个数 2
210 4 0.82
354 4 0.99
edge_match: 
from 1 to 2 matchnode 1400

1400 63 3  0.73304  0.530299  0.6175  9.82841e-312
1400 1283 3  0.587723  0.793848  0.7375  9.82841e-312
from 1 to 4 matchnode 1400

1400 210 3  0.657  0.708488  0.72  1.97626e-323
1400 354 3  0.571144  0.61642  0.615  1.97626e-323
edge_match: 
from 2 to 1 matchnode 63

63 1400 3  0.6174  0.539055  0.665  1.97626e-323
from 2 to 3 matchnode 63

63 74 3  0.695268  0.6586  0.68  6.95142e-310
63 751 3  0.7182  0.7544  0.7025  6.95142e-310
from 2 to 4 matchnode 63

63 210 3  0.511784  0.549054  0.745  9.82826e-312
63 354 3  0.625048  0.621504  0.5025  9.82827e-312
from 2 to 1 matchnode 1283

1283 1400 3  0.580992  0.718536  0.5475  1.97626e-323
from 2 to 3 matchnode 1283

1283 74 3  0.589358  0.775806  0.6175  9.82841e-312
1283 751 3  0.54  0.750295  0.7075  9.82841e-312
from 2 to 4 matchnode 1283

1283 210 1  0.57  0.86  0.705  9.82826e-312
1283 354 2  0.6664  0.5529  0.663333  9.82827e-312
edge_match: 
from 3 to 1 matchnode 74

74 1400 3  0.582505  0.835548  0.545  1.97626e-323
from 3 to 2 matchnode 74

74 63 2  0.7905  0.8134  0.6  6.95142e-310
74 1283 3  0.588064  0.547008  0.6325  9.82841e-312
from 3 to 4 matchnode 74

74 210 3  0.759704  0.602316  0.795  9.82826e-312
74 354 2  0.5369  0.9  0.743333  9.82827e-312
from 3 to 1 matchnode 751

751 1400 3  0.571392  0.793702  0.705  1.97626e-323
from 3 to 2 matchnode 751

751 63 3  0.69564  0.797132  0.695  6.95142e-310
751 1283 3  0.531432  0.803136  0.7  9.82841e-312
from 3 to 4 matchnode 751

751 210 3  0.66176  0.650916  0.7925  9.82826e-312
751 354 3  0.60384  0.54112  0.945  9.82827e-312
edge_match: 
from 4 to 1 matchnode 210

210 1400 3  0.602352  0.71687  0.6475  1.97626e-323
from 4 to 3 matchnode 210

210 74 2  0.5616  0.7505  0.833333  9.82826e-312
210 751 3  0.529728  0.59808  0.8675  9.82826e-312
from 4 to 1 matchnode 354

354 1400 2  0.5952  0.686  0.643333  1.97626e-323
from 4 to 3 matchnode 354

354 74 3  0.7128  0.874552  0.905  9.82826e-312
354 751 2  0.81  0.8924  0.936667  9.82826e-312

pattern answer8:
vertex1: 节点个数 1
1754 1 0.84
vertex2: 节点个数 2
63 2 0.52
100 2 0.89
vertex3: 节点个数 2
74 3 0.81
729 3 0.94
vertex4: 节点个数 2
67 4 0.78
122 4 1
edge_match: 
from 1 to 2 matchnode 1754

1754 63 3  0.50688  0.6768  0.6  9.82843e-312
1754 100 3  0.621888  0.531075  0.59  9.82843e-312
from 1 to 4 matchnode 1754

1754 67 3  0.612864  0.631085  0.55  1.97626e-323
1754 122 3  0.764596  0.536  0.67  1.97626e-323
edge_match: 
from 2 to 1 matchnode 63

63 1754 2  0.5103  0.5546  0.77  1.97626e-323
from 2 to 3 matchnode 63

63 74 3  0.695268  0.6586  0.68  6.95142e-310
63 729 3  0.64449  0.534798  0.62  6.95142e-310
from 2 to 4 matchnode 63

63 67 3  0.664664  0.709632  0.6225  6.95142e-310
63 122 3  0.696696  0.658944  0.6775  9.82843e-312
from 2 to 1 matchnode 100

100 1754 3  0.55594  0.663872  0.7775  1.97626e-323
from 2 to 3 matchnode 100

100 74 2  0.836  0.8036  0.893333  6.95142e-310
100 729 3  0.676875  0.724416  0.6425  6.95142e-310
from 2 to 4 matchnode 100

100 67 3  0.6916  0.517275  0.705  6.95142e-310
100 122 1  0.85  0.68  0.945  9.82843e-312
edge_match: 
from 3 to 1 matchnode 74

74 1754 2  0.5776  0.8448  0.78  1.97626e-323
from 3 to 2 matchnode 74

74 63 2  0.7905  0.8134  0.6  6.95142e-310
74 100 3  0.90307  0.67704  0.7925  6.95142e-310
from 3 to 4 matchnode 74

74 67 2  0.799  0.528  0.796667  6.95142e-310
74 122 3  0.621  0.664608  0.8025  9.82843e-312
from 3 to 1 matchnode 729

729 1754 3  0.556198  0.7372  0.62  1.97626e-323
from 3 to 2 matchnode 729

729 63 3  0.592875  0.723926  0.685  6.95142e-310
729 100 3  0.544364  0.66928  0.7475  6.95142e-310
from 3 to 4 matchnode 729

729 67 3  0.7296  0.534534  0.885  6.95142e-310
729 122 3  0.523218  0.58656  0.7825  9.82843e-312
edge_match: 
from 4 to 1 matchnode 67

67 1754 3  0.66816  0.679338  0.6  1.97626e-323
from 4 to 3 matchnode 67

67 74 3  0.7968  0.62415  0.6275  6.95142e-310
67 729 2  0.5734  0.5022  0.83  6.95142e-310
from 4 to 1 matchnode 122

122 1754 3  0.56202  0.535246  0.9275  1.97626e-323
from 4 to 3 matchnode 122

122 74 1  0.76  0.8  0.905  9.82843e-312
122 729 3  0.726624  0.785312  0.565  9.82843e-312

pattern answer9:
vertex1: 节点个数 1
2043 1 0.54
vertex2: 节点个数 2
137 2 0.75
187 2 0.54
vertex3: 节点个数 2
74 3 0.81
1032 3 0.63
vertex4: 节点个数 2
67 4 0.78
89 4 0.77
edge_match: 
from 1 to 2 matchnode 2043

2043 137 3  0.73508  0.59073  0.5175  9.82827e-312
2043 187 3  0.69984  0.594048  0.5675  9.82827e-312
from 1 to 4 matchnode 2043

2043 67 3  0.60588  0.85554  0.545  1.97626e-323
2043 89 3  0.72819  0.557847  0.6175  1.97626e-323
edge_match: 
from 2 to 1 matchnode 137

137 2043 3  0.678528  0.68208  0.6575  1.97626e-323
from 2 to 3 matchnode 137

137 74 2  0.8455  0.54  0.806667  9.82824e-312
137 1032 3  0.69003  0.69678  0.805  9.82824e-312
from 2 to 4 matchnode 137

137 67 3  0.537726  0.629706  0.645  6.95142e-310
137 89 3  0.830304  0.827022  0.715  6.95142e-310
from 2 to 1 matchnode 187

187 2043 3  0.715008  0.76048  0.605  1.97626e-323
from 2 to 3 matchnode 187

187 74 3  0.82467  0.536313  0.805  9.82824e-312
187 1032 3  0.699132  0.533888  0.74  9.82824e-312
from 2 to 4 matchnode 187

187 67 3  0.566636  0.702086  0.5925  6.95142e-310
187 89 3  0.874944  0.922082  0.6625  6.95142e-310
edge_match: 
from 3 to 1 matchnode 74

74 2043 3  0.6052  0.737352  0.5625  1.97626e-323
from 3 to 2 matchnode 74

74 137 3  0.54188  0.564696  0.6975  9.82829e-312
74 187 3  0.656115  0.699524  0.585  9.82833e-312
from 3 to 4 matchnode 74

74 67 2  0.799  0.528  0.796667  6.95142e-310
74 89 2  0.8075  0.7644  0.683333  6.95142e-310
from 3 to 1 matchnode 1032

1032 2043 3  0.740124  0.71136  0.6375  1.97626e-323
from 3 to 2 matchnode 1032

1032 137 3  0.67068  0.5346  0.71  9.82829e-312
1032 187 3  0.660672  0.512691  0.5725  9.82833e-312
from 3 to 4 matchnode 1032

1032 67 3  0.595056  0.55678  0.535  6.95142e-310
1032 89 3  0.772896  0.523848  0.7525  6.95142e-310
edge_match: 
from 4 to 1 matchnode 67

67 2043 3  0.8633  0.59697  0.685  1.97626e-323
from 4 to 3 matchnode 67

67 74 3  0.7968  0.62415  0.6275  6.95142e-310
67 1032 2  0.5994  0.5265  0.51  6.95142e-310
from 4 to 1 matchnode 89

89 2043 2  0.9207  0.517  0.693333  1.97626e-323
from 4 to 3 matchnode 89

89 74 3  0.829374  0.7191  0.6525  6.95142e-310
89 1032 3  0.584988  0.68355  0.69  6.95142e-310

pattern answer10:
vertex1: 节点个数 1
2075 1 0.89
vertex2: 节点个数 2
63 2 0.52
2514 2 0.7
vertex3: 节点个数 2
74 3 0.81
2104 3 0.8
vertex4: 节点个数 2
122 4 1
289 4 0.5
edge_match: 
from 1 to 2 matchnode 2075

2075 63 3  0.674622  0.51128  0.695  9.82827e-312
2075 2514 3  0.599592  0.595056  0.64  9.82827e-312
from 1 to 4 matchnode 2075

2075 122 3  0.587574  0.606056  0.885  9.82825e-312
2075 289 3  0.70889  0.748992  0.74  9.82825e-312
edge_match: 
from 2 to 1 matchnode 63

63 2075 2  0.6853  0.5934  0.556667  9.82825e-312
from 2 to 3 matchnode 63

63 74 3  0.695268  0.6586  0.68  6.95142e-310
63 2104 3  0.616047  0.7524  0.5375  6.95142e-310
from 2 to 4 matchnode 63

63 122 3  0.696696  0.658944  0.6775  9.82843e-312
63 289 3  0.767949  0.75078  0.6225  9.82825e-312
from 2 to 1 matchnode 2514

2514 2075 3  0.583968  0.67797  0.78  9.82825e-312
from 2 to 3 matchnode 2514

2514 74 2  0.7347  0.5112  0.826667  9.82843e-312
2514 2104 3  0.535925  0.6825  0.7225  9.82843e-312
from 2 to 4 matchnode 2514

2514 122 3  0.716184  0.573066  0.7825  9.82843e-312
2514 289 3  0.535925  0.6975  0.61  9.82825e-312
edge_match: 
from 3 to 1 matchnode 74

74 2075 2  0.8835  0.6138  0.73  9.82825e-312
from 3 to 2 matchnode 74

74 63 2  0.7905  0.8134  0.6  6.95142e-310
74 2514 3  0.58327  0.703545  0.7175  9.82843e-312
from 3 to 4 matchnode 74

74 122 3  0.621  0.664608  0.8025  9.82843e-312
74 289 3  0.746415  0.77469  0.6725  9.82825e-312
from 3 to 1 matchnode 2104

2104 2075 3  0.81092  0.79488  0.8225  9.82825e-312
from 3 to 2 matchnode 2104

2104 63 3  0.580642  0.548856  0.6425  6.95142e-310
2104 2514 3  0.521084  0.730296  0.8025  9.82843e-312
from 3 to 4 matchnode 2104

2104 122 3  0.762129  0.793408  0.745  9.82843e-312
2104 289 3  0.52962  0.549976  0.5375  9.82825e-312
edge_match: 
from 4 to 1 matchnode 122

122 2075 2  0.9108  0.549  0.823333  9.82825e-312
from 4 to 3 matchnode 122

122 74 1  0.76  0.8  0.905  9.82843e-312
122 2104 3  0.717315  0.5642  0.7975  9.82843e-312
from 4 to 1 matchnode 289

289 2075 3  0.51183  0.707952  0.69  9.82825e-312
from 4 to 3 matchnode 289

289 74 3  0.931  0.628992  0.6075  9.82825e-312
289 2104 2  0.6142  0.783  0.533333  9.82825e-312

pattern answer11:
vertex1: 节点个数 1
2960 1 0.86
vertex2: 节点个数 2
719 2 0.98
1283 2 0.59
vertex3: 节点个数 2
751 3 0.98
942 3 0.58
vertex4: 节点个数 2
122 4 1
354 4 0.99
edge_match: 
from 1 to 2 matchnode 2960

2960 719 3  0.82026  0.690618  0.775  9.82826e-312
2960 1283 3  0.67473  0.638166  0.625  9.82826e-312
from 1 to 4 matchnode 2960

2960 122 3  0.70686  0.591945  0.6525  1.97626e-323
2960 354 3  0.53802  0.565719  0.72  1.97626e-323
edge_match: 
from 2 to 1 matchnode 719

719 2960 3  0.5874  0.664785  0.775  1.97626e-323
from 2 to 3 matchnode 719

719 751 3  0.60075  0.651355  0.805  9.82833e-312
719 942 3  0.77786  0.646062  0.545  9.82833e-312
from 2 to 4 matchnode 719

719 122 2  0.5402  0.6612  0.98  9.82843e-312
719 354 3  0.51034  0.602082  0.7625  9.82827e-312
from 2 to 1 matchnode 1283

1283 2960 3  0.528  0.765765  0.6775  1.97626e-323
from 2 to 3 matchnode 1283

1283 751 3  0.54  0.750295  0.7075  9.82841e-312
1283 942 3  0.817  0.550746  0.5575  9.82841e-312
from 2 to 4 matchnode 1283

1283 122 3  0.783783  0.614016  0.695  9.82843e-312
1283 354 2  0.6664  0.5529  0.663333  9.82827e-312
edge_match: 
from 3 to 1 matchnode 751

751 2960 2  0.5368  0.9306  0.893333  1.97626e-323
from 3 to 2 matchnode 751

751 719 3  0.636944  0.72324  0.8325  9.82833e-312
751 1283 3  0.531432  0.803136  0.7  9.82841e-312
from 3 to 4 matchnode 751

751 122 3  0.723168  0.612943  0.9075  9.82843e-312
751 354 3  0.60384  0.54112  0.945  9.82827e-312
from 3 to 1 matchnode 942

942 2960 3  0.556072  0.592614  0.675  1.97626e-323
from 3 to 2 matchnode 942

942 719 3  0.606424  0.50922  0.56  9.82833e-312
942 1283 3  0.682011  0.523776  0.64  9.82841e-312
from 3 to 4 matchnode 942

942 122 1  0.83  0.88  0.79  9.82843e-312
942 354 3  0.714987  0.752  0.66  9.82827e-312
edge_match: 
from 4 to 1 matchnode 122

122 2960 3  0.750288  0.583704  0.735  1.97626e-323
from 4 to 3 matchnode 122

122 751 1  0.88  0.56  0.99  9.82843e-312
122 942 3  0.785175  0.603856  0.505  9.82843e-312
from 4 to 1 matchnode 354

354 2960 2  0.792  0.9108  0.896667  1.97626e-323
from 4 to 3 matchnode 354

354 751 2  0.81  0.8924  0.936667  9.82826e-312
354 942 3  0.506232  0.56115  0.6325  9.82826e-312

