pattern answer1:
vertex1: 节点个数 1
69 1 0.61
vertex2: 节点个数 2
2386 2 0.79
2850 2 0.9
vertex3: 节点个数 2
154 3 0.64
1971 3 0.6
vertex4: 节点个数 2
82 4 0.9
118 4 0.84
edge_match: 
from 1 to 2 matchnode 69

69 2386 3  0.94  0.607145  0.64  1.16419e-311
69 2850 2  0.828  0.5304  0.823333  1.16419e-311
from 1 to 3 matchnode 69

69 154 3  0.5913  0.5984  0.7775  1.16419e-311
69 1971 3  0.63504  0.8208  0.7  1.16419e-311
from 1 to 4 matchnode 69

69 82 3  0.65142  0.530145  0.5725  1.16427e-311
69 118 2  0.558  0.7462  0.666667  1.16427e-311
edge_match: 
from 2 to 1 matchnode 2386

2386 69 3  0.756756  0.82859  0.7  3.83418e-312
from 2 to 3 matchnode 2386

2386 154 3  0.57942  0.83  0.72  6.95149e-310
2386 1971 3  0.764181  0.580041  0.61  1.16419e-311
from 2 to 4 matchnode 2386

2386 82 2  0.7524  0.5607  0.896667  6.95149e-310
2386 118 3  0.941094  0.5229  0.6925  1.16419e-311
from 2 to 1 matchnode 2850

2850 69 3  0.704996  0.814968  0.565  3.83418e-312
from 2 to 3 matchnode 2850

2850 154 1  0.92  0.84  0.77  6.95149e-310
2850 1971 3  0.568512  0.6862  0.6775  1.16419e-311
from 2 to 4 matchnode 2850

2850 82 2  0.6256  0.7812  0.813333  6.95149e-310
2850 118 3  0.543816  0.52734  0.78  1.16419e-311
edge_match: 
from 3 to 1 matchnode 154

154 69 3  0.538447  0.8217  0.5475  1.16424e-311
from 3 to 2 matchnode 154

154 2386 3  0.820911  0.715473  0.59  1.1643e-311
154 2850 3  0.6192  0.634926  0.7175  1.1643e-311
from 3 to 4 matchnode 154

154 82 1  0.68  0.93  0.77  1.16424e-311
154 118 3  0.922082  0.6142  0.655  1.16424e-311
from 3 to 1 matchnode 1971

1971 69 2  0.7917  0.7695  0.5  1.16424e-311
from 3 to 2 matchnode 1971

1971 2386 3  0.87  0.749075  0.6375  1.16419e-311
1971 2850 2  0.8464  0.553  0.686667  1.16419e-311
from 3 to 4 matchnode 1971

1971 82 3  0.60291  0.654075  0.57  1.16424e-311
1971 118 3  0.55419  0.6783  0.555  1.16424e-311
edge_match: 
from 4 to 1 matchnode 82

82 69 3  0.834372  0.793702  0.7275  1.16429e-311
from 4 to 2 matchnode 82

82 2386 3  0.529932  0.535808  0.66  1.16426e-311
82 2850 3  0.592282  0.52416  0.72  1.16426e-311
from 4 to 3 matchnode 82

82 154 3  0.508776  0.634725  0.7125  1.16419e-311
82 1971 3  0.614079  0.528264  0.635  1.16419e-311
from 4 to 1 matchnode 118

118 69 3  0.590976  0.72576  0.5325  1.16429e-311
from 4 to 2 matchnode 118

118 2386 3  0.777843  0.76048  0.7975  1.16419e-311
118 2850 3  0.532818  0.6327  0.745  1.16419e-311
from 4 to 3 matchnode 118

118 154 3  0.536544  0.69984  0.54  1.16427e-311
118 1971 3  0.837837  0.710622  0.5175  1.16427e-311

pattern answer2:
vertex1: 节点个数 1
411 1 0.91
vertex2: 节点个数 2
2386 2 0.79
2850 2 0.9
vertex3: 节点个数 2
2283 3 0.82
8067 3 0.51
vertex4: 节点个数 2
5162 4 0.86
5538 4 0.75
edge_match: 
from 1 to 2 matchnode 411

411 2386 3  0.50813  0.530299  0.645  1.16419e-311
411 2850 2  0.6716  0.5106  0.786667  1.16419e-311
from 1 to 3 matchnode 411

411 2283 3  0.58539  0.61074  0.5425  1.16419e-311
411 8067 3  0.827022  0.76048  0.6925  1.16419e-311
from 1 to 4 matchnode 411

411 5162 3  0.665812  0.800832  0.6475  1.16425e-311
411 5538 3  0.504896  0.743311  0.6475  1.16425e-311
edge_match: 
from 2 to 1 matchnode 2386

2386 411 2  0.5148  0.7315  0.796667  1.16424e-311
from 2 to 3 matchnode 2386

2386 2283 2  0.8514  0.6237  0.87  6.95149e-310
2386 8067 3  0.84721  0.576384  0.575  1.16433e-311
from 2 to 4 matchnode 2386

2386 5162 3  0.52065  0.60192  0.8075  6.95149e-310
2386 5538 1  0.78  0.97  0.77  1.16433e-311
from 2 to 1 matchnode 2850

2850 411 2  0.5917  0.776  0.786667  1.16424e-311
from 2 to 3 matchnode 2850

2850 2283 3  0.767464  0.615384  0.84  6.95149e-310
2850 8067 3  0.556198  0.63336  0.6675  1.16433e-311
from 2 to 4 matchnode 2850

2850 5162 3  0.52614  0.56916  0.65  6.95149e-310
2850 5538 2  0.6536  0.6438  0.753333  1.16433e-311
edge_match: 
from 3 to 1 matchnode 2283

2283 411 3  0.563436  0.582552  0.7725  1.16424e-311
from 3 to 2 matchnode 2283

2283 2386 3  0.65949  0.838488  0.71  1.16431e-311
2283 2850 3  0.874  0.715792  0.8625  1.16431e-311
from 3 to 4 matchnode 2283

2283 5162 2  0.6862  0.87  0.693333  1.16424e-311
2283 5538 2  0.7326  0.9024  0.73  1.16422e-311
from 3 to 1 matchnode 8067

8067 411 3  0.58656  0.508896  0.585  1.16424e-311
from 3 to 2 matchnode 8067

8067 2386 3  0.8265  0.5063  0.79  1.16431e-311
8067 2850 2  0.6624  0.8064  0.67  1.16431e-311
from 3 to 4 matchnode 8067

8067 5162 3  0.60885  0.501248  0.6525  1.16424e-311
8067 5538 2  0.8736  0.6624  0.62  1.16422e-311
edge_match: 
from 4 to 1 matchnode 5162

5162 411 3  0.527472  0.63612  0.7825  1.16424e-311
from 4 to 2 matchnode 5162

5162 2386 3  0.648648  0.6624  0.8475  1.16424e-311
5162 2850 2  0.5865  0.6216  0.786667  1.16424e-311
from 4 to 3 matchnode 5162

5162 2283 2  0.6912  0.9021  0.726667  1.16428e-311
5162 8067 3  0.734193  0.55664  0.68  1.16428e-311
from 4 to 1 matchnode 5538

5538 411 3  0.60912  0.6156  0.8625  1.16424e-311
from 4 to 2 matchnode 5538

5538 2386 2  0.6424  0.6174  0.783333  1.16433e-311
5538 2850 3  0.660376  0.509496  0.795  1.16433e-311
from 4 to 3 matchnode 5538

5538 2283 3  0.502386  0.731276  0.8175  1.1643e-311
5538 8067 3  0.686784  0.704522  0.75  1.1643e-311

pattern answer3:
vertex1: 节点个数 1
538 1 0.88
vertex2: 节点个数 2
2386 2 0.79
2850 2 0.9
vertex3: 节点个数 2
154 3 0.64
6169 3 0.97
vertex4: 节点个数 2
82 4 0.9
91 4 0.93
edge_match: 
from 1 to 2 matchnode 538

538 2386 2  0.5751  0.728  0.883333  1.16432e-311
538 2850 3  0.658168  0.6162  0.9125  1.16432e-311
from 1 to 3 matchnode 538

538 154 3  0.542156  0.52896  0.8425  1.16425e-311
538 6169 3  0.502152  0.56871  0.945  1.16425e-311
from 1 to 4 matchnode 538

538 82 2  0.7448  0.6319  0.926667  1.16423e-311
538 91 3  0.76832  0.6461  0.7375  1.16423e-311
edge_match: 
from 2 to 1 matchnode 2386

2386 538 2  0.7656  0.5723  0.883333  1.16426e-311
from 2 to 3 matchnode 2386

2386 154 3  0.57942  0.83  0.72  6.95149e-310
2386 6169 3  0.710424  0.74404  0.73  1.16419e-311
from 2 to 4 matchnode 2386

2386 82 2  0.7524  0.5607  0.896667  6.95149e-310
2386 91 3  0.77616  0.5733  0.715  6.95149e-310
from 2 to 1 matchnode 2850

2850 538 3  0.723492  0.857092  0.6925  1.16426e-311
from 2 to 3 matchnode 2850

2850 154 1  0.92  0.84  0.77  6.95149e-310
2850 6169 3  0.52768  0.50052  0.8475  1.16419e-311
from 2 to 4 matchnode 2850

2850 82 2  0.6256  0.7812  0.813333  6.95149e-310
2850 91 3  0.65772  0.596712  0.705  6.95149e-310
edge_match: 
from 3 to 1 matchnode 154

154 538 2  0.79  0.8277  0.72  1.16426e-311
from 3 to 2 matchnode 154

154 2386 3  0.820911  0.715473  0.59  1.1643e-311
154 2850 3  0.6192  0.634926  0.7175  1.1643e-311
from 3 to 4 matchnode 154

154 82 1  0.68  0.93  0.77  1.16424e-311
154 91 3  0.76048  0.6734  0.6775  1.16423e-311
from 3 to 1 matchnode 6169

6169 538 2  0.7268  0.5251  0.83  1.16426e-311
from 3 to 2 matchnode 6169

6169 2386 3  0.5412  0.501642  0.725  1.16419e-311
6169 2850 3  0.72036  0.589358  0.6975  1.16419e-311
from 3 to 4 matchnode 6169

6169 82 3  0.529416  0.607425  0.725  1.16424e-311
6169 91 3  0.505448  0.529914  0.615  1.16423e-311
edge_match: 
from 4 to 1 matchnode 82

82 538 3  0.67424  0.529984  0.81  1.16431e-311
from 4 to 2 matchnode 82

82 2386 3  0.529932  0.535808  0.66  1.16426e-311
82 2850 3  0.592282  0.52416  0.72  1.16426e-311
from 4 to 3 matchnode 82

82 154 3  0.508776  0.634725  0.7125  1.16419e-311
82 6169 3  0.81972  0.690606  0.835  1.16419e-311
from 4 to 1 matchnode 91

91 538 3  0.6664  0.52416  0.8175  1.16431e-311
from 4 to 2 matchnode 91

91 2386 3  0.52377  0.52992  0.6675  1.16425e-311
91 2850 3  0.585395  0.5184  0.7275  1.16425e-311
from 4 to 3 matchnode 91

91 154 3  0.50286  0.62775  0.72  1.16427e-311
91 6169 3  0.77418  0.70488  0.765  1.16427e-311

pattern answer4:
vertex1: 节点个数 1
744 1 0.72
vertex2: 节点个数 2
2850 2 0.9
5203 2 0.88
vertex3: 节点个数 2
154 3 0.64
1067 3 0.61
vertex4: 节点个数 2
118 4 0.84
1283 4 0.52
edge_match: 
from 1 to 2 matchnode 744

744 2850 3  0.696  0.65565  0.6875  1.16431e-311
744 5203 3  0.6006  0.739722  0.72  1.16431e-311
from 1 to 3 matchnode 744

744 154 1  0.77  0.97  0.68  1.16429e-311
744 1067 3  0.80801  0.7565  0.65  1.16429e-311
from 1 to 4 matchnode 744

744 118 3  0.684432  0.6225  0.675  1.16428e-311
744 1283 2  0.6624  0.615  0.746667  1.16428e-311
edge_match: 
from 2 to 1 matchnode 2850

2850 744 2  0.8924  0.7056  0.753333  1.16428e-311
from 2 to 3 matchnode 2850

2850 154 1  0.92  0.84  0.77  6.95149e-310
2850 1067 3  0.595944  0.660726  0.7525  1.16419e-311
from 2 to 4 matchnode 2850

2850 118 3  0.543816  0.52734  0.78  1.16419e-311
2850 1283 3  0.821008  0.509712  0.765  1.1643e-311
from 2 to 1 matchnode 5203

5203 744 3  0.795522  0.67914  0.585  1.16428e-311
from 2 to 3 matchnode 5203

5203 154 2  0.688  0.6188  0.72  6.95149e-310
5203 1067 3  0.775376  0.720099  0.77  1.16419e-311
from 2 to 4 matchnode 5203

5203 118 3  0.613008  0.575484  0.745  1.16419e-311
5203 1283 3  0.568032  0.642048  0.63  1.1643e-311
edge_match: 
from 3 to 1 matchnode 154

154 744 1  0.97  0.84  0.68  1.16428e-311
from 3 to 2 matchnode 154

154 2850 3  0.6192  0.634926  0.7175  1.1643e-311
154 5203 2  0.78  0.7626  0.72  1.1643e-311
from 3 to 4 matchnode 154

154 118 3  0.922082  0.6142  0.655  1.16424e-311
154 1283 2  0.8924  0.6068  0.72  1.16423e-311
from 3 to 1 matchnode 1067

1067 744 2  0.51  0.6643  0.676667  1.16428e-311
from 3 to 2 matchnode 1067

1067 2850 2  0.7912  0.702  0.823333  1.16419e-311
1067 5203 3  0.52976  0.73062  0.83  1.16419e-311
from 3 to 4 matchnode 1067

1067 118 2  0.551  0.5084  0.746667  1.16424e-311
1067 1283 2  0.712  0.6596  0.606667  1.16423e-311
edge_match: 
from 4 to 1 matchnode 118

118 744 3  0.556416  0.585144  0.6425  1.16428e-311
from 4 to 2 matchnode 118

118 2850 3  0.532818  0.6327  0.745  1.16419e-311
118 5203 3  0.5244  0.700608  0.785  1.16419e-311
from 4 to 3 matchnode 118

118 154 3  0.536544  0.69984  0.54  1.16427e-311
118 1067 3  0.662607  0.893564  0.7525  1.16427e-311
from 4 to 1 matchnode 1283

1283 744 3  0.529416  0.504792  0.635  1.16428e-311
from 4 to 2 matchnode 1283

1283 2850 3  0.592614  0.673794  0.615  1.16423e-311
1283 5203 3  0.748743  0.611065  0.68  1.16423e-311
from 4 to 3 matchnode 1283

1283 154 3  0.556974  0.829374  0.5575  1.16419e-311
1283 1067 3  0.787528  0.7332  0.59  1.16419e-311

pattern answer5:
vertex1: 节点个数 1
748 1 0.82
vertex2: 节点个数 2
2386 2 0.79
5203 2 0.88
vertex3: 节点个数 2
96 3 0.69
154 3 0.64
vertex4: 节点个数 2
2305 4 0.71
2583 4 0.71
edge_match: 
from 1 to 2 matchnode 748

748 2386 3  0.50048  0.6208  0.535  1.16423e-311
748 5203 2  0.5376  0.8075  0.836667  1.16423e-311
from 1 to 3 matchnode 748

748 96 3  0.771456  0.66101  0.695  1.16419e-311
748 154 3  0.59136  0.54739  0.66  1.16419e-311
from 1 to 4 matchnode 748

748 2305 3  0.76608  0.64752  0.7625  1.16425e-311
748 2583 3  0.57024  0.6688  0.665  1.16425e-311
edge_match: 
from 2 to 1 matchnode 2386

2386 748 2  0.5445  0.5481  0.87  6.95335e-310
from 2 to 3 matchnode 2386

2386 96 2  0.7326  0.6156  0.813333  6.95149e-310
2386 154 3  0.57942  0.83  0.72  6.95149e-310
from 2 to 4 matchnode 2386

2386 2305 3  0.515736  0.649221  0.64  6.95149e-310
2386 2583 3  0.784827  0.866016  0.7375  1.16429e-311
from 2 to 1 matchnode 5203

5203 748 2  0.7743  0.5643  0.836667  6.95335e-310
from 2 to 3 matchnode 5203

5203 96 3  0.6579  0.65504  0.6625  6.95149e-310
5203 154 2  0.688  0.6188  0.72  6.95149e-310
from 2 to 4 matchnode 5203

5203 2305 3  0.921888  0.561792  0.6775  6.95149e-310
5203 2583 2  0.819  0.5292  0.563333  1.16429e-311
edge_match: 
from 3 to 1 matchnode 96

96 748 2  0.8811  0.8811  0.773333  1.16425e-311
from 3 to 2 matchnode 96

96 2386 3  0.695604  0.7452  0.64  1.16426e-311
96 5203 2  0.5544  0.7565  0.793333  1.16426e-311
from 3 to 4 matchnode 96

96 2305 3  0.79002  0.606624  0.73  1.16419e-311
96 2583 3  0.58806  0.62656  0.6325  1.16433e-311
from 3 to 1 matchnode 154

154 748 3  0.735585  0.717948  0.6525  1.16425e-311
from 3 to 2 matchnode 154

154 2386 3  0.820911  0.715473  0.59  1.1643e-311
154 5203 2  0.78  0.7626  0.72  1.1643e-311
from 3 to 4 matchnode 154

154 2305 2  0.83  0.6696  0.663333  1.16419e-311
154 2583 3  0.513324  0.752928  0.805  1.16433e-311
edge_match: 
from 4 to 1 matchnode 2305

2305 748 3  0.658155  0.765765  0.67  1.16425e-311
from 4 to 2 matchnode 2305

2305 2386 3  0.66  0.679604  0.805  1.16428e-311
2305 5203 1  0.92  0.82  0.795  1.16428e-311
from 4 to 3 matchnode 2305

2305 96 3  0.58905  0.664741  0.8125  1.16419e-311
2305 154 3  0.72171  0.611  0.6425  1.16419e-311
from 4 to 1 matchnode 2583

2583 748 3  0.681318  0.504792  0.535  1.16425e-311
from 4 to 2 matchnode 2583

2583 2386 3  0.8554  0.50778  0.735  1.16423e-311
2583 5203 3  0.84778  0.650412  0.5775  1.16423e-311
from 4 to 3 matchnode 2583

2583 96 3  0.921294  0.6561  0.8375  1.16427e-311
2583 154 3  0.6992  0.736281  0.745  1.16427e-311

pattern answer6:
vertex1: 节点个数 1
869 1 0.92
vertex2: 节点个数 2
2850 2 0.9
3183 2 0.63
vertex3: 节点个数 2
1971 3 0.6
4718 3 0.7
vertex4: 节点个数 2
1283 4 0.52
5538 4 0.75
edge_match: 
from 1 to 2 matchnode 869

869 2850 3  0.508167  0.675675  0.7725  1.16419e-311
869 3183 3  0.610236  0.666666  0.6  1.16419e-311
from 1 to 3 matchnode 869

869 1971 3  0.532611  0.902286  0.6425  1.16419e-311
869 4718 2  0.7308  0.6365  0.656667  1.16419e-311
from 1 to 4 matchnode 869

869 1283 2  0.6348  0.8036  0.813333  1.16432e-311
869 5538 3  0.546  0.79443  0.835  1.16432e-311
edge_match: 
from 2 to 1 matchnode 2850

2850 869 3  0.642586  0.57936  0.84  6.95335e-310
from 2 to 3 matchnode 2850

2850 1971 3  0.568512  0.6862  0.6775  1.16419e-311
2850 4718 3  0.538704  0.694925  0.6625  1.16431e-311
from 2 to 4 matchnode 2850

2850 1283 3  0.821008  0.509712  0.765  1.1643e-311
2850 5538 2  0.6536  0.6438  0.753333  1.16433e-311
from 2 to 1 matchnode 3183

3183 869 3  0.629356  0.538083  0.7475  6.95335e-310
from 2 to 3 matchnode 3183

3183 1971 3  0.718146  0.703296  0.56  1.16419e-311
3183 4718 3  0.671814  0.6365  0.505  1.16431e-311
from 2 to 4 matchnode 3183

3183 1283 3  0.786968  0.64288  0.7275  1.1643e-311
3183 5538 3  0.64821  0.801009  0.5475  1.16433e-311
edge_match: 
from 3 to 1 matchnode 1971

1971 869 3  0.52332  0.55309  0.6175  1.16432e-311
from 3 to 2 matchnode 1971

1971 2850 2  0.8464  0.553  0.686667  1.16419e-311
1971 3183 3  0.532576  0.544  0.79  1.16419e-311
from 3 to 4 matchnode 1971

1971 1283 3  0.558624  0.567112  0.725  1.16423e-311
1971 5538 3  0.798504  0.672111  0.58  1.16422e-311
from 3 to 1 matchnode 4718

4718 869 2  0.6175  0.5141  0.666667  1.16432e-311
from 3 to 2 matchnode 4718

4718 2850 3  0.595608  0.74404  0.7925  1.16419e-311
4718 3183 3  0.5225  0.509952  0.6475  1.16419e-311
from 3 to 4 matchnode 4718

4718 1283 3  0.6486  0.523776  0.5525  1.16423e-311
4718 5538 3  0.55242  0.793408  0.565  1.16422e-311
edge_match: 
from 4 to 1 matchnode 1283

1283 869 3  0.9021  0.626808  0.57  1.16432e-311
from 4 to 2 matchnode 1283

1283 2850 3  0.592614  0.673794  0.615  1.16423e-311
1283 3183 3  0.7209  0.7138  0.76  1.16423e-311
from 4 to 3 matchnode 1283

1283 1971 2  0.828  0.7832  0.536667  1.16419e-311
1283 4718 3  0.598878  0.504504  0.6175  1.16419e-311
from 4 to 1 matchnode 5538

5538 869 3  0.548049  0.527589  0.635  1.16432e-311
from 4 to 2 matchnode 5538

5538 2850 3  0.660376  0.509496  0.795  1.16433e-311
5538 3183 3  0.712264  0.699732  0.665  1.16433e-311
from 4 to 3 matchnode 5538

5538 1971 3  0.66348  0.837401  0.5375  1.1643e-311
5538 4718 2  0.7134  0.5985  0.6  1.1643e-311

pattern answer7:
vertex1: 节点个数 1
2521 1 0.96
vertex2: 节点个数 2
2850 2 0.9
3183 2 0.63
vertex3: 节点个数 2
154 3 0.64
1067 3 0.61
vertex4: 节点个数 2
1283 4 0.52
2305 4 0.71
edge_match: 
from 1 to 2 matchnode 2521

2521 2850 2  0.6059  0.7227  0.75  1.16427e-311
2521 3183 3  0.50876  0.84645  0.7225  1.16427e-311
from 1 to 3 matchnode 2521

2521 154 3  0.53253  0.6806  0.82  1.16427e-311
2521 1067 2  0.6723  0.7154  0.653333  1.16427e-311
from 1 to 4 matchnode 2521

2521 1283 3  0.619164  0.570285  0.7475  1.16428e-311
2521 2305 3  0.673374  0.53667  0.68  1.16428e-311
edge_match: 
from 2 to 1 matchnode 2850

2850 2521 2  0.5723  0.8633  0.803333  1.16422e-311
from 2 to 3 matchnode 2850

2850 154 1  0.92  0.84  0.77  6.95149e-310
2850 1067 3  0.595944  0.660726  0.7525  1.16419e-311
from 2 to 4 matchnode 2850

2850 1283 3  0.821008  0.509712  0.765  1.1643e-311
2850 2305 3  0.7636  0.562464  0.7225  6.95149e-310
from 2 to 1 matchnode 3183

3183 2521 3  0.672336  0.675702  0.85  1.16422e-311
from 2 to 3 matchnode 3183

3183 154 3  0.765072  0.5688  0.5625  6.95149e-310
3183 1067 3  0.722358  0.561834  0.5975  1.16419e-311
from 2 to 4 matchnode 3183

3183 1283 3  0.786968  0.64288  0.7275  1.1643e-311
3183 2305 3  0.63612  0.6624  0.6775  6.95149e-310
edge_match: 
from 3 to 1 matchnode 154

154 2521 3  0.6612  0.77004  0.565  1.16433e-311
from 3 to 2 matchnode 154

154 2850 3  0.6192  0.634926  0.7175  1.1643e-311
154 3183 3  0.6624  0.530442  0.5725  1.1643e-311
from 3 to 4 matchnode 154

154 1283 2  0.8924  0.6068  0.72  1.16423e-311
154 2305 2  0.83  0.6696  0.663333  1.16419e-311
from 3 to 1 matchnode 1067

1067 2521 2  0.8188  0.6525  0.636667  1.16433e-311
from 3 to 2 matchnode 1067

1067 2850 2  0.7912  0.702  0.823333  1.16419e-311
1067 3183 3  0.67983  0.72756  0.795  1.16419e-311
from 3 to 4 matchnode 1067

1067 1283 2  0.712  0.6596  0.606667  1.16423e-311
1067 2305 2  0.594  0.7007  0.673333  1.16419e-311
edge_match: 
from 4 to 1 matchnode 1283

1283 2521 3  0.803682  0.626152  0.63  1.16432e-311
from 4 to 2 matchnode 1283

1283 2850 3  0.592614  0.673794  0.615  1.16423e-311
1283 3183 3  0.7209  0.7138  0.76  1.16423e-311
from 4 to 3 matchnode 1283

1283 154 3  0.556974  0.829374  0.5575  1.16419e-311
1283 1067 3  0.787528  0.7332  0.59  1.16419e-311
from 4 to 1 matchnode 2305

2305 2521 2  0.782  0.7917  0.67  1.16432e-311
from 4 to 2 matchnode 2305

2305 2850 3  0.517132  0.7566  0.87  1.16428e-311
2305 3183 3  0.55803  0.7742  0.7825  1.16428e-311
from 4 to 3 matchnode 2305

2305 154 3  0.72171  0.611  0.6425  1.16419e-311
2305 1067 3  0.67228  0.9212  0.6375  1.16419e-311

pattern answer8:
vertex1: 节点个数 1
2574 1 0.99
vertex2: 节点个数 2
2386 2 0.79
5611 2 0.96
vertex3: 节点个数 2
2283 3 0.82
8067 3 0.51
vertex4: 节点个数 2
5538 4 0.75
8196 4 0.82
edge_match: 
from 1 to 2 matchnode 2574

2574 2386 3  0.57494  0.747054  0.5875  1.16422e-311
2574 5611 3  0.7296  0.571136  0.7725  1.16422e-311
from 1 to 3 matchnode 2574

2574 2283 3  0.642048  0.508668  0.7375  1.16433e-311
2574 8067 3  0.665898  0.91238  0.5075  1.16433e-311
from 1 to 4 matchnode 2574

2574 5538 3  0.54201  0.9604  0.5675  1.16426e-311
2574 8196 3  0.576384  0.62468  0.7375  1.16426e-311
edge_match: 
from 2 to 1 matchnode 2386

2386 2574 3  0.703296  0.58482  0.8575  6.95335e-310
from 2 to 3 matchnode 2386

2386 2283 2  0.8514  0.6237  0.87  6.95149e-310
2386 8067 3  0.84721  0.576384  0.575  1.16433e-311
from 2 to 4 matchnode 2386

2386 5538 1  0.78  0.97  0.77  1.16433e-311
2386 8196 3  0.701568  0.623904  0.8225  1.16419e-311
from 2 to 1 matchnode 5611

5611 2574 2  0.9504  0.7695  0.88  6.95335e-310
from 2 to 3 matchnode 5611

5611 2283 2  0.7227  0.6072  0.676667  6.95149e-310
5611 8067 2  0.801  0.664  0.6  1.16433e-311
from 2 to 4 matchnode 5611

5611 5538 3  0.51894  0.778038  0.675  1.16433e-311
5611 8196 3  0.75168  0.71392  0.6775  1.16419e-311
edge_match: 
from 3 to 1 matchnode 2283

2283 2574 2  0.6624  0.7885  0.833333  1.16426e-311
from 3 to 2 matchnode 2283

2283 2386 3  0.65949  0.838488  0.71  1.16431e-311
2283 5611 3  0.837045  0.9408  0.845  1.16431e-311
from 3 to 4 matchnode 2283

2283 5538 2  0.7326  0.9024  0.73  1.16422e-311
2283 8196 3  0.728064  0.689088  0.6875  1.16419e-311
from 3 to 1 matchnode 8067

8067 2574 3  0.718272  0.532  0.795  1.16426e-311
from 3 to 2 matchnode 8067

8067 2386 3  0.8265  0.5063  0.79  1.16431e-311
8067 5611 3  0.6534  0.510048  0.7725  1.16431e-311
from 3 to 4 matchnode 8067

8067 5538 2  0.8736  0.6624  0.62  1.16422e-311
8067 8196 2  0.9216  0.9312  0.643333  1.16419e-311
edge_match: 
from 4 to 1 matchnode 5538

5538 2574 3  0.8064  0.50008  0.6175  1.16426e-311
from 4 to 2 matchnode 5538

5538 2386 2  0.6424  0.6174  0.783333  1.16433e-311
5538 5611 3  0.708488  0.7448  0.69  1.16433e-311
from 4 to 3 matchnode 5538

5538 2283 3  0.502386  0.731276  0.8175  1.1643e-311
5538 8067 3  0.686784  0.704522  0.75  1.1643e-311
from 4 to 1 matchnode 8196

8196 2574 3  0.566784  0.86583  0.74  1.16426e-311
from 4 to 2 matchnode 8196

8196 2386 2  0.74  0.5518  0.686667  1.16419e-311
8196 5611 3  0.5346  0.80352  0.8075  1.16419e-311
from 4 to 3 matchnode 8196

8196 2283 1  0.65  0.96  0.82  1.16419e-311
8196 8067 2  0.5135  0.7104  0.716667  1.16419e-311

pattern answer9:
vertex1: 节点个数 1
3161 1 0.54
vertex2: 节点个数 2
1834 2 0.81
5611 2 0.96
vertex3: 节点个数 2
286 3 0.64
2283 3 0.82
vertex4: 节点个数 2
82 4 0.9
2305 4 0.71
edge_match: 
from 1 to 2 matchnode 3161

3161 1834 3  0.665812  0.750974  0.6875  1.16433e-311
3161 5611 2  0.5074  0.518  0.63  1.16433e-311
from 1 to 3 matchnode 3161

3161 286 3  0.903264  0.62426  0.6275  1.16429e-311
3161 2283 3  0.64974  0.893952  0.545  1.16429e-311
from 1 to 4 matchnode 3161

3161 82 3  0.517748  0.6708  0.7275  1.16425e-311
3161 2305 3  0.717948  0.612458  0.6675  1.16425e-311
edge_match: 
from 2 to 1 matchnode 1834

1834 3161 3  0.510048  0.50764  0.7625  1.16429e-311
from 2 to 3 matchnode 1834

1834 286 2  0.6552  0.616  0.77  6.95149e-310
1834 2283 3  0.64989  0.553288  0.79  6.95149e-310
from 2 to 4 matchnode 1834

1834 82 3  0.566048  0.543879  0.7225  6.95149e-310
1834 2305 3  0.7011  0.598176  0.6525  6.95149e-310
from 2 to 1 matchnode 5611

5611 3161 3  0.559728  0.52398  0.62  1.16429e-311
from 2 to 3 matchnode 5611

5611 286 3  0.643968  0.627396  0.755  6.95149e-310
5611 2283 2  0.7227  0.6072  0.676667  6.95149e-310
from 2 to 4 matchnode 5611

5611 82 3  0.570834  0.760554  0.645  6.95149e-310
5611 2305 3  0.541025  0.62208  0.795  6.95149e-310
edge_match: 
from 3 to 1 matchnode 286

286 3161 3  0.597714  0.601818  0.7075  1.16425e-311
from 3 to 2 matchnode 286

286 1834 3  0.544073  0.623623  0.8275  1.16428e-311
286 5611 3  0.5644  0.666988  0.6375  1.16428e-311
from 3 to 4 matchnode 286

286 82 3  0.588392  0.562391  0.855  1.16424e-311
286 2305 1  0.83  0.72  0.675  1.16419e-311
from 3 to 1 matchnode 2283

2283 3161 3  0.574574  0.795522  0.57  1.16425e-311
from 3 to 2 matchnode 2283

2283 1834 3  0.692386  0.573496  0.8375  1.16431e-311
2283 5611 3  0.837045  0.9408  0.845  1.16431e-311
from 3 to 4 matchnode 2283

2283 82 3  0.578664  0.59808  0.7425  1.16424e-311
2283 2305 3  0.622725  0.921984  0.8025  1.16419e-311
edge_match: 
from 4 to 1 matchnode 82

82 3161 2  0.7084  0.637  0.693333  1.1643e-311
from 4 to 2 matchnode 82

82 1834 2  0.6624  0.7938  0.783333  1.16426e-311
82 5611 3  0.717412  0.60606  0.735  1.16426e-311
from 4 to 3 matchnode 82

82 286 3  0.60372  0.744744  0.7725  1.16419e-311
82 2283 3  0.553668  0.731313  0.79  1.16419e-311
from 4 to 1 matchnode 2305

2305 3161 3  0.606144  0.513604  0.7325  1.1643e-311
from 4 to 2 matchnode 2305

2305 1834 3  0.52256  0.7216  0.6225  1.16428e-311
2305 5611 3  0.582912  0.74385  0.91  1.16428e-311
from 4 to 3 matchnode 2305

2305 286 2  0.736  0.7462  0.743333  1.16419e-311
2305 2283 1  0.66  0.79  0.765  1.16419e-311

pattern answer10:
vertex1: 节点个数 1
3729 1 0.68
vertex2: 节点个数 2
5145 2 0.89
5203 2 0.88
vertex3: 节点个数 2
1067 3 0.61
2283 3 0.82
vertex4: 节点个数 2
1283 4 0.52
2305 4 0.71
edge_match: 
from 1 to 2 matchnode 3729

3729 5145 3  0.504968  0.571787  0.75  1.16423e-311
3729 5203 3  0.538704  0.569511  0.5675  1.16423e-311
from 1 to 3 matchnode 3729

3729 1067 3  0.7743  0.62608  0.5925  1.16433e-311
3729 2283 3  0.68112  0.740718  0.755  1.16433e-311
from 1 to 4 matchnode 3729

3729 1283 3  0.72864  0.613524  0.68  1.16422e-311
3729 2305 3  0.605616  0.54288  0.6525  1.16422e-311
edge_match: 
from 2 to 1 matchnode 5145

5145 3729 3  0.64258  0.767808  0.795  1.16419e-311
from 2 to 3 matchnode 5145

5145 1067 3  0.54144  0.558372  0.8025  1.16419e-311
5145 2283 3  0.66044  0.59598  0.8275  6.95149e-310
from 2 to 4 matchnode 5145

5145 1283 3  0.549976  0.529802  0.8225  1.1643e-311
5145 2305 3  0.77691  0.741024  0.8  6.95149e-310
from 2 to 1 matchnode 5203

5203 3729 3  0.589536  0.72709  0.61  1.16419e-311
from 2 to 3 matchnode 5203

5203 1067 3  0.775376  0.720099  0.77  1.16419e-311
5203 2283 3  0.892584  0.727985  0.605  6.95149e-310
from 2 to 4 matchnode 5203

5203 1283 3  0.568032  0.642048  0.63  1.1643e-311
5203 2305 3  0.921888  0.561792  0.6775  6.95149e-310
edge_match: 
from 3 to 1 matchnode 1067

1067 3729 3  0.621006  0.74088  0.68  1.16424e-311
from 3 to 2 matchnode 1067

1067 5145 2  0.6794  0.747  0.82  1.16419e-311
1067 5203 3  0.52976  0.73062  0.83  1.16419e-311
from 3 to 4 matchnode 1067

1067 1283 2  0.712  0.6596  0.606667  1.16423e-311
1067 2305 2  0.594  0.7007  0.673333  1.16419e-311
from 3 to 1 matchnode 2283

2283 3729 3  0.658155  0.529728  0.765  1.16424e-311
from 3 to 2 matchnode 2283

2283 5145 2  0.874  0.931  0.893333  1.16431e-311
2283 5203 3  0.510055  0.790272  0.8725  1.16431e-311
from 3 to 4 matchnode 2283

2283 1283 3  0.692386  0.573496  0.7125  1.16423e-311
2283 2305 3  0.622725  0.921984  0.8025  1.16419e-311
edge_match: 
from 4 to 1 matchnode 1283

1283 3729 2  0.6068  0.7304  0.616667  1.16431e-311
from 4 to 2 matchnode 1283

1283 5145 3  0.7452  0.67811  0.825  1.16423e-311
1283 5203 3  0.748743  0.611065  0.68  1.16423e-311
from 4 to 3 matchnode 1283

1283 1067 3  0.787528  0.7332  0.59  1.16419e-311
1283 2283 3  0.576114  0.742995  0.61  1.16419e-311
from 4 to 1 matchnode 2305

2305 3729 3  0.520828  0.741024  0.75  1.16431e-311
from 4 to 2 matchnode 2305

2305 5145 3  0.57684  0.73549  0.8475  1.16428e-311
2305 5203 1  0.92  0.82  0.795  1.16428e-311
from 4 to 3 matchnode 2305

2305 1067 3  0.67228  0.9212  0.6375  1.16419e-311
2305 2283 1  0.66  0.79  0.765  1.16419e-311

pattern answer11:
vertex1: 节点个数 1
5013 1 0.62
vertex2: 节点个数 2
1834 2 0.81
3245 2 0.63
vertex3: 节点个数 2
286 3 0.64
2283 3 0.82
vertex4: 节点个数 2
82 4 0.9
1283 4 0.52
edge_match: 
from 1 to 2 matchnode 5013

5013 1834 3  0.543168  0.682668  0.7425  1.16427e-311
5013 3245 2  0.645  0.7056  0.543333  1.16427e-311
from 1 to 3 matchnode 5013

5013 286 2  0.783  0.6237  0.543333  1.16422e-311
5013 2283 3  0.520992  0.82062  0.6375  1.16422e-311
from 1 to 4 matchnode 5013

5013 82 1  0.82  0.86  0.76  1.16426e-311
5013 1283 2  0.5925  0.8536  0.533333  1.16426e-311
edge_match: 
from 2 to 1 matchnode 1834

1834 5013 2  0.5002  0.77  0.76  1.16419e-311
from 2 to 3 matchnode 1834

1834 286 2  0.6552  0.616  0.77  6.95149e-310
1834 2283 3  0.64989  0.553288  0.79  6.95149e-310
from 2 to 4 matchnode 1834

1834 82 3  0.566048  0.543879  0.7225  6.95149e-310
1834 1283 3  0.6723  0.75078  0.8125  1.1643e-311
from 2 to 1 matchnode 3245

3245 5013 1  0.67  0.7  0.625  1.16419e-311
from 2 to 3 matchnode 3245

3245 286 3  0.77517  0.575029  0.5675  6.95149e-310
3245 2283 3  0.59211  0.705375  0.62  6.95149e-310
from 2 to 4 matchnode 3245

3245 82 2  0.5494  0.602  0.716667  6.95149e-310
3245 1283 3  0.645606  0.58344  0.6225  1.1643e-311
edge_match: 
from 3 to 1 matchnode 286

286 5013 3  0.616968  0.7728  0.5325  1.16423e-311
from 3 to 2 matchnode 286

286 1834 3  0.544073  0.623623  0.8275  1.16428e-311
286 3245 3  0.54756  0.627792  0.625  1.16428e-311
from 3 to 4 matchnode 286

286 82 3  0.588392  0.562391  0.855  1.16424e-311
286 1283 3  0.712264  0.518158  0.76  1.16423e-311
from 3 to 1 matchnode 2283

2283 5013 3  0.922082  0.62478  0.5675  1.16423e-311
from 3 to 2 matchnode 2283

2283 1834 3  0.692386  0.573496  0.8375  1.16431e-311
2283 3245 3  0.665665  0.821748  0.5925  1.16431e-311
from 3 to 4 matchnode 2283

2283 82 3  0.578664  0.59808  0.7425  1.16424e-311
2283 1283 3  0.692386  0.573496  0.7125  1.16423e-311
edge_match: 
from 4 to 1 matchnode 82

82 5013 3  0.519156  0.562716  0.7475  1.16427e-311
from 4 to 2 matchnode 82

82 1834 2  0.6624  0.7938  0.783333  1.16426e-311
82 3245 3  0.510324  0.8463  0.6275  1.16426e-311
from 4 to 3 matchnode 82

82 286 3  0.60372  0.744744  0.7725  1.16419e-311
82 2283 3  0.553668  0.731313  0.79  1.16419e-311
from 4 to 1 matchnode 1283

1283 5013 3  0.786048  0.653864  0.5425  1.16427e-311
from 4 to 2 matchnode 1283

1283 1834 3  0.663872  0.50996  0.565  1.16423e-311
1283 3245 2  0.7315  0.81  0.503333  1.16423e-311
from 4 to 3 matchnode 1283

1283 286 3  0.673374  0.8827  0.5175  1.16419e-311
1283 2283 3  0.576114  0.742995  0.61  1.16419e-311

pattern answer12:
vertex1: 节点个数 1
5360 1 0.75
vertex2: 节点个数 2
2386 2 0.79
5145 2 0.89
vertex3: 节点个数 2
1067 3 0.61
2283 3 0.82
vertex4: 节点个数 2
2305 4 0.71
5162 4 0.86
edge_match: 
from 1 to 2 matchnode 5360

5360 2386 3  0.816255  0.7238  0.5575  1.16422e-311
5360 5145 3  0.57868  0.577885  0.7525  1.16422e-311
from 1 to 3 matchnode 5360

5360 1067 3  0.697333  0.72333  0.575  1.16426e-311
5360 2283 3  0.717412  0.660726  0.7275  1.16426e-311
from 1 to 4 matchnode 5360

5360 2305 2  0.7885  0.528  0.723333  1.16433e-311
5360 5162 2  0.5402  0.77  0.67  1.16433e-311
edge_match: 
from 2 to 1 matchnode 2386

2386 5360 2  0.693  0.7636  0.72  1.16422e-311
from 2 to 3 matchnode 2386

2386 1067 2  0.6003  0.9118  0.793333  1.16419e-311
2386 2283 2  0.8514  0.6237  0.87  6.95149e-310
from 2 to 4 matchnode 2386

2386 2305 3  0.515736  0.649221  0.64  6.95149e-310
2386 5162 3  0.52065  0.60192  0.8075  6.95149e-310
from 2 to 1 matchnode 5145

5145 5360 3  0.571802  0.686375  0.7475  1.16422e-311
from 2 to 3 matchnode 5145

5145 1067 3  0.54144  0.558372  0.8025  1.16419e-311
5145 2283 3  0.66044  0.59598  0.8275  6.95149e-310
from 2 to 4 matchnode 5145

5145 2305 3  0.77691  0.741024  0.8  6.95149e-310
5145 5162 2  0.705  0.8184  0.88  6.95149e-310
edge_match: 
from 3 to 1 matchnode 1067

1067 5360 3  0.504252  0.580448  0.5725  1.16433e-311
from 3 to 2 matchnode 1067

1067 2386 3  0.582912  0.787446  0.66  1.16419e-311
1067 5145 2  0.6794  0.747  0.82  1.16419e-311
from 3 to 4 matchnode 1067

1067 2305 2  0.594  0.7007  0.673333  1.16419e-311
1067 5162 3  0.75951  0.510972  0.5975  1.16424e-311
from 3 to 1 matchnode 2283

2283 5360 2  0.9801  0.7802  0.73  1.16433e-311
from 3 to 2 matchnode 2283

2283 2386 3  0.65949  0.838488  0.71  1.16431e-311
2283 5145 2  0.874  0.931  0.893333  1.16431e-311
from 3 to 4 matchnode 2283

2283 2305 3  0.622725  0.921984  0.8025  1.16419e-311
2283 5162 2  0.6862  0.87  0.693333  1.16424e-311
edge_match: 
from 4 to 1 matchnode 2305

2305 5360 3  0.646866  0.616358  0.725  1.16433e-311
from 4 to 2 matchnode 2305

2305 2386 3  0.66  0.679604  0.805  1.16428e-311
2305 5145 3  0.57684  0.73549  0.8475  1.16428e-311
from 4 to 3 matchnode 2305

2305 1067 3  0.67228  0.9212  0.6375  1.16419e-311
2305 2283 1  0.66  0.79  0.765  1.16419e-311
from 4 to 1 matchnode 5162

5162 5360 3  0.549524  0.621775  0.74  1.16433e-311
from 4 to 2 matchnode 5162

5162 2386 3  0.648648  0.6624  0.8475  1.16424e-311
5162 5145 3  0.63936  0.750295  0.805  1.16424e-311
from 4 to 3 matchnode 5162

5162 1067 3  0.552552  0.77832  0.8025  1.16428e-311
5162 2283 2  0.6912  0.9021  0.726667  1.16428e-311

pattern answer13:
vertex1: 节点个数 1
5831 1 0.69
vertex2: 节点个数 2
2386 2 0.79
5505 2 0.83
vertex3: 节点个数 2
96 3 0.69
1067 3 0.61
vertex4: 节点个数 2
118 4 0.84
5538 4 0.75
edge_match: 
from 1 to 2 matchnode 5831

5831 2386 1  0.66  0.67  0.74  1.16425e-311
5831 5505 3  0.584472  0.672606  0.66  1.16425e-311
from 1 to 3 matchnode 5831

5831 96 3  0.594297  0.6308  0.7  1.16419e-311
5831 1067 3  0.509652  0.59584  0.5075  1.16419e-311
from 1 to 4 matchnode 5831

5831 118 3  0.674784  0.600236  0.6625  1.16433e-311
5831 5538 2  0.5148  0.6499  0.743333  1.16433e-311
edge_match: 
from 2 to 1 matchnode 2386

2386 5831 3  0.54033  0.719992  0.765  6.95335e-310
from 2 to 3 matchnode 2386

2386 96 2  0.7326  0.6156  0.813333  6.95149e-310
2386 1067 2  0.6003  0.9118  0.793333  1.16419e-311
from 2 to 4 matchnode 2386

2386 118 3  0.941094  0.5229  0.6925  1.16419e-311
2386 5538 1  0.78  0.97  0.77  1.16433e-311
from 2 to 1 matchnode 5505

5505 5831 3  0.51168  0.624348  0.7075  6.95335e-310
from 2 to 3 matchnode 5505

5505 96 3  0.6237  0.657888  0.8525  6.95149e-310
5505 1067 3  0.69888  0.66975  0.705  1.16419e-311
from 2 to 4 matchnode 5505

5505 118 3  0.50778  0.7462  0.7075  1.16419e-311
5505 5538 3  0.64064  0.7872  0.75  1.16433e-311
edge_match: 
from 3 to 1 matchnode 96

96 5831 3  0.549024  0.77469  0.7925  1.16433e-311
from 3 to 2 matchnode 96

96 2386 3  0.695604  0.7452  0.64  1.16426e-311
96 5505 3  0.50813  0.6308  0.5325  1.16426e-311
from 3 to 4 matchnode 96

96 118 3  0.679776  0.6308  0.665  1.16424e-311
96 5538 3  0.71344  0.5427  0.63  1.16422e-311
from 3 to 1 matchnode 1067

1067 5831 3  0.557108  0.57564  0.6975  1.16433e-311
from 3 to 2 matchnode 1067

1067 2386 3  0.582912  0.787446  0.66  1.16419e-311
1067 5505 2  0.62  0.5896  0.74  1.16419e-311
from 3 to 4 matchnode 1067

1067 118 2  0.551  0.5084  0.746667  1.16424e-311
1067 5538 3  0.874665  0.579483  0.705  1.16422e-311
edge_match: 
from 4 to 1 matchnode 118

118 5831 2  0.5112  0.675  0.686667  1.16433e-311
from 4 to 2 matchnode 118

118 2386 3  0.777843  0.76048  0.7975  1.16419e-311
118 5505 3  0.643401  0.693938  0.8075  1.16419e-311
from 4 to 3 matchnode 118

118 96 3  0.58905  0.54945  0.5075  1.16427e-311
118 1067 3  0.662607  0.893564  0.7525  1.16427e-311
from 4 to 1 matchnode 5538

5538 5831 3  0.569546  0.642096  0.8025  1.16433e-311
from 4 to 2 matchnode 5538

5538 2386 2  0.6424  0.6174  0.783333  1.16433e-311
5538 5505 2  0.5538  0.5548  0.706667  1.16433e-311
from 4 to 3 matchnode 5538

5538 96 3  0.667755  0.6859  0.5425  1.1643e-311
5538 1067 3  0.701568  0.660914  0.555  1.1643e-311

pattern answer14:
vertex1: 节点个数 1
5939 1 0.75
vertex2: 节点个数 2
2386 2 0.79
2850 2 0.9
vertex3: 节点个数 2
96 3 0.69
286 3 0.64
vertex4: 节点个数 2
2305 4 0.71
5538 4 0.75
edge_match: 
from 1 to 2 matchnode 5939

5939 2386 2  0.7695  0.8415  0.526667  1.16429e-311
5939 2850 2  0.836  0.9306  0.563333  1.16429e-311
from 1 to 3 matchnode 5939

5939 96 2  0.729  0.8188  0.793333  1.16429e-311
5939 286 3  0.640872  0.592296  0.7875  1.16429e-311
from 1 to 4 matchnode 5939

5939 2305 3  0.803225  0.580041  0.5525  1.16422e-311
5939 5538 3  0.60021  0.816255  0.5825  1.16422e-311
edge_match: 
from 2 to 1 matchnode 2386

2386 5939 3  0.561834  0.53784  0.625  1.16424e-311
from 2 to 3 matchnode 2386

2386 96 2  0.7326  0.6156  0.813333  6.95149e-310
2386 286 2  0.8811  0.5846  0.696667  6.95149e-310
from 2 to 4 matchnode 2386

2386 2305 3  0.515736  0.649221  0.64  6.95149e-310
2386 5538 1  0.78  0.97  0.77  1.16433e-311
from 2 to 1 matchnode 2850

2850 5939 3  0.74088  0.5076  0.7375  1.16424e-311
from 2 to 3 matchnode 2850

2850 96 3  0.715176  0.563436  0.735  6.95149e-310
2850 286 2  0.92  0.7812  0.726667  6.95149e-310
from 2 to 4 matchnode 2850

2850 2305 3  0.7636  0.562464  0.7225  6.95149e-310
2850 5538 2  0.6536  0.6438  0.753333  1.16433e-311
edge_match: 
from 3 to 1 matchnode 96

96 5939 2  0.9212  0.5976  0.783333  1.16422e-311
from 3 to 2 matchnode 96

96 2386 3  0.695604  0.7452  0.64  1.16426e-311
96 2850 3  0.755964  0.74404  0.79  1.16426e-311
from 3 to 4 matchnode 96

96 2305 3  0.79002  0.606624  0.73  1.16419e-311
96 5538 3  0.71344  0.5427  0.63  1.16422e-311
from 3 to 1 matchnode 286

286 5939 3  0.758716  0.506232  0.795  1.16422e-311
from 3 to 2 matchnode 286

286 2386 3  0.571428  0.510692  0.5425  1.16428e-311
286 2850 3  0.65504  0.65949  0.83  1.16428e-311
from 3 to 4 matchnode 286

286 2305 1  0.83  0.72  0.675  1.16419e-311
286 5538 3  0.658752  0.553472  0.775  1.16422e-311
edge_match: 
from 4 to 1 matchnode 2305

2305 5939 2  0.7546  0.6984  0.79  1.16422e-311
from 4 to 2 matchnode 2305

2305 2386 3  0.66  0.679604  0.805  1.16428e-311
2305 2850 3  0.517132  0.7566  0.87  1.16428e-311
from 4 to 3 matchnode 2305

2305 96 3  0.58905  0.664741  0.8125  1.16419e-311
2305 286 2  0.736  0.7462  0.743333  1.16419e-311
from 4 to 1 matchnode 5538

5538 5939 3  0.513324  0.503424  0.81  1.16422e-311
from 4 to 2 matchnode 5538

5538 2386 2  0.6424  0.6174  0.783333  1.16433e-311
5538 2850 3  0.660376  0.509496  0.795  1.16433e-311
from 4 to 3 matchnode 5538

5538 96 3  0.667755  0.6859  0.5425  1.1643e-311
5538 286 3  0.552318  0.912576  0.665  1.1643e-311

pattern answer15:
vertex1: 节点个数 1
5971 1 0.87
vertex2: 节点个数 2
2850 2 0.9
5203 2 0.88
vertex3: 节点个数 2
154 3 0.64
1067 3 0.61
vertex4: 节点个数 2
118 4 0.84
1283 4 0.52
edge_match: 
from 1 to 2 matchnode 5971

5971 2850 2  0.7084  0.6586  0.773333  1.16433e-311
5971 5203 2  0.522  0.6111  0.583333  1.16433e-311
from 1 to 3 matchnode 5971

5971 154 3  0.769672  0.81189  0.63  1.16425e-311
5971 1067 2  0.5928  0.8272  0.606667  1.16425e-311
from 1 to 4 matchnode 5971

5971 118 3  0.562716  0.5049  0.675  1.16422e-311
5971 1283 2  0.819  0.504  0.776667  1.16422e-311
edge_match: 
from 2 to 1 matchnode 2850

2850 5971 3  0.613872  0.663264  0.6375  3.83418e-312
from 2 to 3 matchnode 2850

2850 154 1  0.92  0.84  0.77  6.95149e-310
2850 1067 3  0.595944  0.660726  0.7525  1.16419e-311
from 2 to 4 matchnode 2850

2850 118 3  0.543816  0.52734  0.78  1.16419e-311
2850 1283 3  0.821008  0.509712  0.765  1.1643e-311
from 2 to 1 matchnode 5203

5203 5971 3  0.748743  0.70176  0.5075  3.83418e-312
from 2 to 3 matchnode 5203

5203 154 2  0.688  0.6188  0.72  6.95149e-310
5203 1067 3  0.775376  0.720099  0.77  1.16419e-311
from 2 to 4 matchnode 5203

5203 118 3  0.613008  0.575484  0.745  1.16419e-311
5203 1283 3  0.568032  0.642048  0.63  1.1643e-311
edge_match: 
from 3 to 1 matchnode 154

154 5971 3  0.513324  0.666666  0.8425  1.16422e-311
from 3 to 2 matchnode 154

154 2850 3  0.6192  0.634926  0.7175  1.1643e-311
154 5203 2  0.78  0.7626  0.72  1.1643e-311
from 3 to 4 matchnode 154

154 118 3  0.922082  0.6142  0.655  1.16424e-311
154 1283 2  0.8924  0.6068  0.72  1.16423e-311
from 3 to 1 matchnode 1067

1067 5971 2  0.8624  0.6272  0.606667  1.16422e-311
from 3 to 2 matchnode 1067

1067 2850 2  0.7912  0.702  0.823333  1.16419e-311
1067 5203 3  0.52976  0.73062  0.83  1.16419e-311
from 3 to 4 matchnode 1067

1067 118 2  0.551  0.5084  0.746667  1.16424e-311
1067 1283 2  0.712  0.6596  0.606667  1.16423e-311
edge_match: 
from 4 to 1 matchnode 118

118 5971 3  0.57942  0.505448  0.6975  1.16422e-311
from 4 to 2 matchnode 118

118 2850 3  0.532818  0.6327  0.745  1.16419e-311
118 5203 3  0.5244  0.700608  0.785  1.16419e-311
from 4 to 3 matchnode 118

118 154 3  0.536544  0.69984  0.54  1.16427e-311
118 1067 3  0.662607  0.893564  0.7525  1.16427e-311
from 4 to 1 matchnode 1283

1283 5971 2  0.6248  0.9506  0.576667  1.16422e-311
from 4 to 2 matchnode 1283

1283 2850 3  0.592614  0.673794  0.615  1.16423e-311
1283 5203 3  0.748743  0.611065  0.68  1.16423e-311
from 4 to 3 matchnode 1283

1283 154 3  0.556974  0.829374  0.5575  1.16419e-311
1283 1067 3  0.787528  0.7332  0.59  1.16419e-311

pattern answer16:
vertex1: 节点个数 1
5992 1 0.9
vertex2: 节点个数 2
2386 2 0.79
2850 2 0.9
vertex3: 节点个数 2
154 3 0.64
2413 3 0.81
vertex4: 节点个数 2
118 4 0.84
5706 4 0.64
edge_match: 
from 1 to 2 matchnode 5992

5992 2386 3  0.5092  0.653376  0.77  1.16423e-311
5992 2850 2  0.6624  0.5694  0.92  1.16423e-311
from 1 to 3 matchnode 5992

5992 154 2  0.9016  0.5313  0.796667  1.16429e-311
5992 2413 3  0.68894  0.595107  0.6925  1.16429e-311
from 1 to 4 matchnode 5992

5992 118 2  0.6633  0.6942  0.82  1.16424e-311
5992 5706 3  0.548796  0.75563  0.6425  1.16424e-311
edge_match: 
from 2 to 1 matchnode 2386

2386 5992 3  0.7047  0.598752  0.6575  6.95335e-310
from 2 to 3 matchnode 2386

2386 154 3  0.57942  0.83  0.72  6.95149e-310
2386 2413 2  0.5694  0.9506  0.783333  6.95149e-310
from 2 to 4 matchnode 2386

2386 118 3  0.941094  0.5229  0.6925  1.16419e-311
2386 5706 3  0.588432  0.70224  0.7225  1.16423e-311
from 2 to 1 matchnode 2850

2850 5992 3  0.6552  0.62567  0.8225  6.95335e-310
from 2 to 3 matchnode 2850

2850 154 1  0.92  0.84  0.77  6.95149e-310
2850 2413 3  0.642096  0.761024  0.6475  6.95149e-310
from 2 to 4 matchnode 2850

2850 118 3  0.543816  0.52734  0.78  1.16419e-311
2850 5706 3  0.642528  0.593712  0.685  1.16423e-311
edge_match: 
from 3 to 1 matchnode 154

154 5992 3  0.577344  0.769761  0.7125  1.16426e-311
from 3 to 2 matchnode 154

154 2386 3  0.820911  0.715473  0.59  1.1643e-311
154 2850 3  0.6192  0.634926  0.7175  1.1643e-311
from 3 to 4 matchnode 154

154 118 3  0.922082  0.6142  0.655  1.16424e-311
154 5706 2  0.6984  0.7068  0.613333  1.16419e-311
from 3 to 1 matchnode 2413

2413 5992 3  0.521472  0.523218  0.53  1.16426e-311
from 3 to 2 matchnode 2413

2413 2386 1  0.88  0.63  0.8  1.16419e-311
2413 2850 3  0.6624  0.596232  0.9  1.16419e-311
from 3 to 4 matchnode 2413

2413 118 3  0.633216  0.626688  0.695  1.16424e-311
2413 5706 3  0.635976  0.657272  0.65  1.16419e-311
edge_match: 
from 4 to 1 matchnode 118

118 5992 3  0.52992  0.537471  0.7325  1.1643e-311
from 4 to 2 matchnode 118

118 2386 3  0.777843  0.76048  0.7975  1.16419e-311
118 2850 3  0.532818  0.6327  0.745  1.16419e-311
from 4 to 3 matchnode 118

118 154 3  0.536544  0.69984  0.54  1.16427e-311
118 2413 2  0.8118  0.6402  0.743333  1.16427e-311
from 4 to 1 matchnode 5706

5706 5992 3  0.65682  0.931491  0.63  1.1643e-311
from 4 to 2 matchnode 5706

5706 2386 2  0.5994  0.784  0.803333  1.16429e-311
5706 2850 3  0.503424  0.57152  0.7825  1.16429e-311
from 4 to 3 matchnode 5706

5706 154 3  0.5328  0.62426  0.6325  1.16419e-311
5706 2413 3  0.664332  0.526257  0.72  1.16419e-311

pattern answer17:
vertex1: 节点个数 1
7311 1 0.6
vertex2: 节点个数 2
2386 2 0.79
5203 2 0.88
vertex3: 节点个数 2
154 3 0.64
286 3 0.64
vertex4: 节点个数 2
2305 4 0.71
2583 4 0.71
edge_match: 
from 1 to 2 matchnode 7311

7311 2386 2  0.6072  0.5293  0.693333  1.16431e-311
7311 5203 3  0.742995  0.596211  0.6675  1.16431e-311
from 1 to 3 matchnode 7311

7311 154 3  0.7429  0.512904  0.7475  1.16428e-311
7311 286 3  0.84645  0.620256  0.56  1.16428e-311
from 1 to 4 matchnode 7311

7311 2305 3  0.70224  0.633888  0.7075  1.16431e-311
7311 2583 3  0.52272  0.65472  0.61  1.16431e-311
edge_match: 
from 2 to 1 matchnode 2386

2386 7311 2  0.6072  0.5852  0.783333  1.16431e-311
from 2 to 3 matchnode 2386

2386 154 3  0.57942  0.83  0.72  6.95149e-310
2386 286 2  0.8811  0.5846  0.696667  6.95149e-310
from 2 to 4 matchnode 2386

2386 2305 3  0.515736  0.649221  0.64  6.95149e-310
2386 2583 3  0.784827  0.866016  0.7375  1.16429e-311
from 2 to 1 matchnode 5203

5203 7311 2  0.783  0.7832  0.61  1.16431e-311
from 2 to 3 matchnode 5203

5203 154 2  0.688  0.6188  0.72  6.95149e-310
5203 286 1  0.8  0.91  0.76  6.95149e-310
from 2 to 4 matchnode 5203

5203 2305 3  0.921888  0.561792  0.6775  6.95149e-310
5203 2583 2  0.819  0.5292  0.563333  1.16429e-311
edge_match: 
from 3 to 1 matchnode 154

154 7311 3  0.505176  0.675924  0.6475  1.16431e-311
from 3 to 2 matchnode 154

154 2386 3  0.820911  0.715473  0.59  1.1643e-311
154 5203 2  0.78  0.7626  0.72  1.1643e-311
from 3 to 4 matchnode 154

154 2305 2  0.83  0.6696  0.663333  1.16419e-311
154 2583 3  0.513324  0.752928  0.805  1.16433e-311
from 3 to 1 matchnode 286

286 7311 3  0.61074  0.642224  0.6175  1.16431e-311
from 3 to 2 matchnode 286

286 2386 3  0.571428  0.510692  0.5425  1.16428e-311
286 5203 1  0.78  0.82  0.76  1.16428e-311
from 3 to 4 matchnode 286

286 2305 1  0.83  0.72  0.675  1.16419e-311
286 2583 3  0.602454  0.538005  0.675  1.16433e-311
edge_match: 
from 4 to 1 matchnode 2305

2305 7311 3  0.72036  0.642224  0.635  1.16431e-311
from 4 to 2 matchnode 2305

2305 2386 3  0.66  0.679604  0.805  1.16428e-311
2305 5203 1  0.92  0.82  0.795  1.16428e-311
from 4 to 3 matchnode 2305

2305 154 3  0.72171  0.611  0.6425  1.16419e-311
2305 286 2  0.736  0.7462  0.743333  1.16419e-311
from 4 to 1 matchnode 2583

2583 7311 3  0.706266  0.619974  0.545  1.16431e-311
from 4 to 2 matchnode 2583

2583 2386 3  0.8554  0.50778  0.735  1.16423e-311
2583 5203 3  0.84778  0.650412  0.5775  1.16423e-311
from 4 to 3 matchnode 2583

2583 154 3  0.6992  0.736281  0.745  1.16427e-311
2583 286 3  0.571896  0.80316  0.7  1.16427e-311

pattern answer18:
vertex1: 节点个数 1
8557 1 0.89
vertex2: 节点个数 2
1834 2 0.81
5641 2 0.8
vertex3: 节点个数 2
1067 3 0.61
2325 3 0.95
vertex4: 节点个数 2
118 4 0.84
1283 4 0.52
edge_match: 
from 1 to 2 matchnode 8557

8557 1834 3  0.61983  0.539539  0.89  1.16423e-311
8557 5641 3  0.552415  0.543213  0.6  1.16423e-311
from 1 to 3 matchnode 8557

8557 1067 1  0.88  0.59  0.75  1.16429e-311
8557 2325 3  0.69678  0.530299  0.93  1.16429e-311
from 1 to 4 matchnode 8557

8557 118 3  0.776776  0.532224  0.7325  1.16426e-311
8557 1283 3  0.617405  0.658944  0.7475  1.16426e-311
edge_match: 
from 2 to 1 matchnode 1834

1834 8557 3  0.61479  0.847974  0.8225  3.83418e-312
from 2 to 3 matchnode 1834

1834 1067 2  0.621  0.9118  0.8  1.16419e-311
1834 2325 3  0.588392  0.592767  0.735  1.16419e-311
from 2 to 4 matchnode 1834

1834 118 2  0.7568  0.5609  0.56  1.16419e-311
1834 1283 3  0.6723  0.75078  0.8125  1.1643e-311
from 2 to 1 matchnode 5641

5641 8557 3  0.533888  0.546638  0.6725  3.83418e-312
from 2 to 3 matchnode 5641

5641 1067 3  0.82  0.583128  0.5725  1.16419e-311
5641 2325 3  0.639821  0.530784  0.85  1.16419e-311
from 2 to 4 matchnode 5641

5641 118 3  0.507934  0.893  0.7525  1.16419e-311
5641 1283 3  0.766948  0.621006  0.61  1.1643e-311
edge_match: 
from 3 to 1 matchnode 1067

1067 8557 1  0.99  0.93  0.75  1.16426e-311
from 3 to 2 matchnode 1067

1067 1834 3  0.607608  0.549318  0.8075  1.16419e-311
1067 5641 3  0.53568  0.88407  0.7775  1.16419e-311
from 3 to 4 matchnode 1067

1067 118 2  0.551  0.5084  0.746667  1.16424e-311
1067 1283 2  0.712  0.6596  0.606667  1.16423e-311
from 3 to 1 matchnode 2325

2325 8557 3  0.74052  0.793848  0.75  1.16426e-311
from 3 to 2 matchnode 2325

2325 1834 3  0.681296  0.793848  0.775  1.16419e-311
2325 5641 3  0.827904  0.670852  0.6425  1.16419e-311
from 3 to 4 matchnode 2325

2325 118 2  0.8008  0.6402  0.78  1.16424e-311
2325 1283 3  0.61776  0.585395  0.7125  1.16423e-311
edge_match: 
from 4 to 1 matchnode 118

118 8557 2  0.602  0.534  0.616667  1.16426e-311
from 4 to 2 matchnode 118

118 1834 3  0.931491  0.731962  0.8025  1.16419e-311
118 5641 2  0.5984  0.6468  0.876667  1.16419e-311
from 4 to 3 matchnode 118

118 1067 3  0.662607  0.893564  0.7525  1.16427e-311
118 2325 3  0.697333  0.749616  0.7425  1.16427e-311
from 4 to 1 matchnode 1283

1283 8557 3  0.717948  0.504897  0.6775  1.16426e-311
from 4 to 2 matchnode 1283

1283 1834 3  0.663872  0.50996  0.565  1.16423e-311
1283 5641 3  0.6111  0.893079  0.785  1.16423e-311
from 4 to 3 matchnode 1283

1283 1067 3  0.787528  0.7332  0.59  1.16419e-311
1283 2325 3  0.529221  0.727985  0.6425  1.16419e-311

pattern answer19:
vertex1: 节点个数 1
10011 1 0.94
vertex2: 节点个数 2
2386 2 0.79
5611 2 0.96
vertex3: 节点个数 2
154 3 0.64
1971 3 0.6
vertex4: 节点个数 2
2305 4 0.71
5162 4 0.86
edge_match: 
from 1 to 2 matchnode 10011

10011 2386 3  0.799  0.67728  0.6625  1.16431e-311
10011 5611 2  0.6486  0.8245  0.65  1.16431e-311
from 1 to 3 matchnode 10011

10011 154 2  0.6468  0.5775  0.533333  1.16419e-311
10011 1971 3  0.504504  0.517132  0.595  1.16419e-311
from 1 to 4 matchnode 10011

10011 2305 3  0.662418  0.686375  0.66  1.16426e-311
10011 5162 3  0.67221  0.596134  0.68  1.16426e-311
edge_match: 
from 2 to 1 matchnode 2386

2386 10011 3  0.660376  0.516344  0.6775  3.83418e-312
from 2 to 3 matchnode 2386

2386 154 3  0.57942  0.83  0.72  6.95149e-310
2386 1971 3  0.764181  0.580041  0.61  1.16419e-311
from 2 to 4 matchnode 2386

2386 2305 3  0.515736  0.649221  0.64  6.95149e-310
2386 5162 3  0.52065  0.60192  0.8075  6.95149e-310
from 2 to 1 matchnode 5611

5611 10011 2  0.8924  0.6794  0.64  3.83418e-312
from 2 to 3 matchnode 5611

5611 154 2  0.7728  0.5925  0.54  6.95149e-310
5611 1971 2  0.7254  0.7326  0.536667  1.16419e-311
from 2 to 4 matchnode 5611

5611 2305 3  0.541025  0.62208  0.795  6.95149e-310
5611 5162 3  0.80316  0.611618  0.685  6.95149e-310
edge_match: 
from 3 to 1 matchnode 154

154 10011 3  0.7372  0.735816  0.56  1.16426e-311
from 3 to 2 matchnode 154

154 2386 3  0.820911  0.715473  0.59  1.1643e-311
154 5611 3  0.722304  0.63279  0.8725  1.1643e-311
from 3 to 4 matchnode 154

154 2305 2  0.83  0.6696  0.663333  1.16419e-311
154 5162 2  0.8648  0.5025  0.713333  1.16424e-311
from 3 to 1 matchnode 1971

1971 10011 3  0.500094  0.83049  0.58  1.16426e-311
from 3 to 2 matchnode 1971

1971 2386 3  0.87  0.749075  0.6375  1.16419e-311
1971 5611 3  0.550525  0.56064  0.66  1.16419e-311
from 3 to 4 matchnode 1971

1971 2305 3  0.70262  0.668736  0.725  1.16419e-311
1971 5162 2  0.8536  0.6794  0.786667  1.16424e-311
edge_match: 
from 4 to 1 matchnode 2305

2305 10011 3  0.658854  0.8037  0.6075  1.16426e-311
from 4 to 2 matchnode 2305

2305 2386 3  0.66  0.679604  0.805  1.16428e-311
2305 5611 3  0.582912  0.74385  0.91  1.16428e-311
from 4 to 3 matchnode 2305

2305 154 3  0.72171  0.611  0.6425  1.16419e-311
2305 1971 1  0.57  0.83  0.655  1.16419e-311
from 4 to 1 matchnode 5162

5162 10011 3  0.65184  0.767464  0.58  1.16426e-311
from 4 to 2 matchnode 5162

5162 2386 3  0.648648  0.6624  0.8475  1.16424e-311
5162 5611 3  0.792396  0.674784  0.745  1.16424e-311
from 4 to 3 matchnode 5162

5162 154 3  0.53958  0.522144  0.75  1.16428e-311
5162 1971 3  0.612  0.52688  0.6375  1.16428e-311

pattern answer20:
vertex1: 节点个数 1
11788 1 0.9
vertex2: 节点个数 2
2386 2 0.79
5641 2 0.8
vertex3: 节点个数 2
96 3 0.69
1067 3 0.61
vertex4: 节点个数 2
118 4 0.84
2305 4 0.71
edge_match: 
from 1 to 2 matchnode 11788

11788 2386 3  0.674926  0.684335  0.6925  1.16423e-311
11788 5641 2  0.5244  0.7047  0.67  1.16423e-311
from 1 to 3 matchnode 11788

11788 96 3  0.59655  0.740194  0.535  1.16425e-311
11788 1067 3  0.902776  0.768  0.6  1.16425e-311
from 1 to 4 matchnode 11788

11788 118 2  0.5696  0.7954  0.663333  1.16424e-311
11788 2305 2  0.8415  0.5236  0.77  1.16424e-311
edge_match: 
from 2 to 1 matchnode 2386

2386 11788 2  0.5544  0.7315  0.883333  1.16426e-311
from 2 to 3 matchnode 2386

2386 96 2  0.7326  0.6156  0.813333  6.95149e-310
2386 1067 2  0.6003  0.9118  0.793333  1.16419e-311
from 2 to 4 matchnode 2386

2386 118 3  0.941094  0.5229  0.6925  1.16419e-311
2386 2305 3  0.515736  0.649221  0.64  6.95149e-310
from 2 to 1 matchnode 5641

5641 11788 3  0.693036  0.5964  0.6975  1.16426e-311
from 2 to 3 matchnode 5641

5641 96 1  0.55  0.78  0.745  6.95149e-310
5641 1067 3  0.82  0.583128  0.5725  1.16419e-311
from 2 to 4 matchnode 5641

5641 118 3  0.507934  0.893  0.7525  1.16419e-311
5641 2305 3  0.71253  0.56511  0.525  6.95149e-310
edge_match: 
from 3 to 1 matchnode 96

96 11788 3  0.63546  0.838856  0.59  1.16427e-311
from 3 to 2 matchnode 96

96 2386 3  0.695604  0.7452  0.64  1.16426e-311
96 5641 1  0.93  0.69  0.745  1.16426e-311
from 3 to 4 matchnode 96

96 118 3  0.679776  0.6308  0.665  1.16424e-311
96 2305 3  0.79002  0.606624  0.73  1.16419e-311
from 3 to 1 matchnode 1067

1067 11788 2  0.7476  0.675  0.616667  1.16427e-311
from 3 to 2 matchnode 1067

1067 2386 3  0.582912  0.787446  0.66  1.16419e-311
1067 5641 3  0.53568  0.88407  0.7775  1.16419e-311
from 3 to 4 matchnode 1067

1067 118 2  0.551  0.5084  0.746667  1.16424e-311
1067 2305 2  0.594  0.7007  0.673333  1.16419e-311
edge_match: 
from 4 to 1 matchnode 118

118 11788 2  0.8448  0.7332  0.736667  1.16429e-311
from 4 to 2 matchnode 118

118 2386 3  0.777843  0.76048  0.7975  1.16419e-311
118 5641 2  0.5984  0.6468  0.876667  1.16419e-311
from 4 to 3 matchnode 118

118 96 3  0.58905  0.54945  0.5075  1.16427e-311
118 1067 3  0.662607  0.893564  0.7525  1.16427e-311
from 4 to 1 matchnode 2305

2305 11788 3  0.884058  0.5985  0.8075  1.16429e-311
from 4 to 2 matchnode 2305

2305 2386 3  0.66  0.679604  0.805  1.16428e-311
2305 5641 3  0.69471  0.83754  0.8025  1.16428e-311
from 4 to 3 matchnode 2305

2305 96 3  0.58905  0.664741  0.8125  1.16419e-311
2305 1067 3  0.67228  0.9212  0.6375  1.16419e-311

pattern answer21:
vertex1: 节点个数 1
12050 1 0.97
vertex2: 节点个数 2
5145 2 0.89
5203 2 0.88
vertex3: 节点个数 2
286 3 0.64
2283 3 0.82
vertex4: 节点个数 2
1283 4 0.52
2305 4 0.71
edge_match: 
from 1 to 2 matchnode 12050

12050 5145 1  0.74  0.85  0.93  1.16427e-311
12050 5203 2  0.5922  0.7826  0.713333  1.16427e-311
from 1 to 3 matchnode 12050

12050 286 3  0.688644  0.561255  0.8475  1.16424e-311
12050 2283 3  0.60489  0.594048  0.725  1.16424e-311
from 1 to 4 matchnode 12050

12050 1283 3  0.512394  0.615888  0.575  1.1643e-311
12050 2305 3  0.66044  0.52416  0.7575  1.1643e-311
edge_match: 
from 2 to 1 matchnode 5145

5145 12050 3  0.672672  0.708939  0.77  1.16419e-311
from 2 to 3 matchnode 5145

5145 286 2  0.9306  0.6603  0.806667  6.95149e-310
5145 2283 3  0.66044  0.59598  0.8275  6.95149e-310
from 2 to 4 matchnode 5145

5145 1283 3  0.549976  0.529802  0.8225  1.1643e-311
5145 2305 3  0.77691  0.741024  0.8  6.95149e-310
from 2 to 1 matchnode 5203

5203 12050 2  0.54  0.8463  0.783333  1.16419e-311
from 2 to 3 matchnode 5203

5203 286 1  0.8  0.91  0.76  6.95149e-310
5203 2283 3  0.892584  0.727985  0.605  6.95149e-310
from 2 to 4 matchnode 5203

5203 1283 3  0.568032  0.642048  0.63  1.1643e-311
5203 2305 3  0.921888  0.561792  0.6775  6.95149e-310
edge_match: 
from 3 to 1 matchnode 286

286 12050 3  0.66348  0.525252  0.5625  1.1643e-311
from 3 to 2 matchnode 286

286 5145 3  0.56248  0.701765  0.8275  1.16428e-311
286 5203 1  0.78  0.82  0.76  1.16428e-311
from 3 to 4 matchnode 286

286 1283 3  0.712264  0.518158  0.76  1.16423e-311
286 2305 1  0.83  0.72  0.675  1.16419e-311
from 3 to 1 matchnode 2283

2283 12050 3  0.61758  0.625443  0.6725  1.1643e-311
from 3 to 2 matchnode 2283

2283 5145 2  0.874  0.931  0.893333  1.16431e-311
2283 5203 3  0.510055  0.790272  0.8725  1.16431e-311
from 3 to 4 matchnode 2283

2283 1283 3  0.692386  0.573496  0.7125  1.16423e-311
2283 2305 3  0.622725  0.921984  0.8025  1.16419e-311
edge_match: 
from 4 to 1 matchnode 1283

1283 12050 3  0.634865  0.603345  0.615  1.1643e-311
from 4 to 2 matchnode 1283

1283 5145 3  0.7452  0.67811  0.825  1.16423e-311
1283 5203 3  0.748743  0.611065  0.68  1.16423e-311
from 4 to 3 matchnode 1283

1283 286 3  0.673374  0.8827  0.5175  1.16419e-311
1283 2283 3  0.576114  0.742995  0.61  1.16419e-311
from 4 to 1 matchnode 2305

2305 12050 3  0.65835  0.657657  0.78  1.1643e-311
from 4 to 2 matchnode 2305

2305 5145 3  0.57684  0.73549  0.8475  1.16428e-311
2305 5203 1  0.92  0.82  0.795  1.16428e-311
from 4 to 3 matchnode 2305

2305 286 2  0.736  0.7462  0.743333  1.16419e-311
2305 2283 1  0.66  0.79  0.765  1.16419e-311

