pattern answer1:
vertex1: 节点个数 1
44 1 0.9
vertex2: 节点个数 2
187 2 0.54
719 2 0.98
vertex3: 节点个数 2
74 3 0.81
1032 3 0.63
vertex4: 节点个数 2
67 4 0.78
75 4 0.54
edge_match: 
from 1 to 2 matchnode 44

44 187 2  0.873  0.544  0.766667  9.4271e-312
44 719 3  0.717024  0.6768  0.8425  9.4271e-312
from 1 to 3 matchnode 44

44 74 1  0.97  0.5  0.855  9.42688e-312
44 1032 3  0.53505  0.686  0.695  9.42688e-312
from 1 to 4 matchnode 44

44 67 2  0.9801  0.5226  0.696667  9.4269e-312
44 75 3  0.643692  0.58384  0.7875  9.4269e-312
edge_match: 
from 2 to 1 matchnode 187

187 44 3  0.564676  0.776776  0.85  6.95335e-310
from 2 to 3 matchnode 187

187 74 3  0.82467  0.536313  0.805  6.9515e-310
187 1032 3  0.699132  0.533888  0.74  9.42685e-312
from 2 to 4 matchnode 187

187 67 3  0.566636  0.702086  0.5925  6.9515e-310
187 75 3  0.8134  0.573852  0.61  9.42719e-312
from 2 to 1 matchnode 719

719 44 3  0.54912  0.51243  0.695  6.95335e-310
from 2 to 3 matchnode 719

719 74 3  0.678447  0.510972  0.625  6.9515e-310
719 1032 3  0.55278  0.5415  0.72  9.42685e-312
from 2 to 4 matchnode 719

719 67 3  0.509454  0.523488  0.7775  6.9515e-310
719 75 3  0.507936  0.53599  0.605  9.42719e-312
edge_match: 
from 3 to 1 matchnode 74

74 44 1  0.57  0.92  0.855  9.42681e-312
from 3 to 2 matchnode 74

74 187 3  0.656115  0.699524  0.585  9.42646e-312
74 719 2  0.7238  0.738  0.783333  9.42646e-312
from 3 to 4 matchnode 74

74 67 2  0.799  0.528  0.796667  9.42646e-312
74 75 2  0.8835  0.651  0.613333  9.42714e-312
from 3 to 1 matchnode 1032

1032 44 3  0.81168  0.569244  0.85  9.42681e-312
from 3 to 2 matchnode 1032

1032 187 3  0.660672  0.512691  0.5725  9.42646e-312
1032 719 2  0.8036  0.5494  0.64  9.42646e-312
from 3 to 4 matchnode 1032

1032 67 3  0.595056  0.55678  0.535  9.42646e-312
1032 75 3  0.591948  0.561145  0.5475  9.42714e-312
edge_match: 
from 4 to 1 matchnode 67

67 44 3  0.8736  0.56867  0.65  9.42674e-312
from 4 to 2 matchnode 67

67 187 3  0.5805  0.506736  0.6125  9.42677e-312
67 719 2  0.6603  0.6399  0.72  9.42677e-312
from 4 to 3 matchnode 67

67 74 3  0.7968  0.62415  0.6275  9.42705e-312
67 1032 2  0.5994  0.5265  0.51  9.42705e-312
from 4 to 1 matchnode 75

75 44 3  0.71424  0.51744  0.5325  9.42674e-312
from 4 to 2 matchnode 75

75 187 3  0.768645  0.6384  0.64  9.42725e-312
75 719 3  0.792918  0.57646  0.6425  9.42725e-312
from 4 to 3 matchnode 75

75 74 2  0.9021  0.5655  0.64  9.42695e-312
75 1032 3  0.563586  0.8379  0.7  9.42695e-312

pattern answer2:
vertex1: 节点个数 1
83 1 0.86
vertex2: 节点个数 2
429 2 0.51
1903 2 1
vertex3: 节点个数 2
74 3 0.81
942 3 0.58
vertex4: 节点个数 2
75 4 0.54
210 4 0.82
edge_match: 
from 1 to 2 matchnode 83

83 429 3  0.51336  0.61479  0.68  9.42698e-312
83 1903 3  0.588588  0.523412  0.7175  9.42698e-312
from 1 to 3 matchnode 83

83 74 2  0.5082  0.6745  0.706667  9.42672e-312
83 942 3  0.5244  0.809622  0.515  9.42672e-312
from 1 to 4 matchnode 83

83 75 3  0.53088  0.554648  0.7775  9.42698e-312
83 210 3  0.60424  0.534204  0.8175  9.42698e-312
edge_match: 
from 2 to 1 matchnode 429

429 83 3  0.58653  0.679056  0.615  6.95335e-310
from 2 to 3 matchnode 429

429 74 2  0.83  0.567  0.52  6.9515e-310
429 942 3  0.57456  0.645028  0.5075  9.42646e-312
from 2 to 4 matchnode 429

429 75 3  0.55566  0.556198  0.6325  9.42719e-312
429 210 3  0.521157  0.660726  0.73  9.42692e-312
from 2 to 1 matchnode 1903

1903 83 3  0.639639  0.758716  0.5775  6.95335e-310
from 2 to 3 matchnode 1903

1903 74 3  0.648648  0.727748  0.7475  6.9515e-310
1903 942 3  0.69046  0.602352  0.6375  9.42646e-312
from 2 to 4 matchnode 1903

1903 75 3  0.9405  0.586432  0.5575  9.42719e-312
1903 210 2  0.69  0.6192  0.863333  9.42692e-312
edge_match: 
from 3 to 1 matchnode 74

74 83 2  0.5985  0.8835  0.72  9.42716e-312
from 3 to 2 matchnode 74

74 429 2  0.5415  0.874  0.74  9.42646e-312
74 1903 3  0.564102  0.515361  0.685  9.42646e-312
from 3 to 4 matchnode 74

74 75 2  0.8835  0.651  0.613333  9.42714e-312
74 210 3  0.759704  0.602316  0.795  9.42646e-312
from 3 to 1 matchnode 942

942 83 1  0.64  0.88  0.72  9.42716e-312
from 3 to 2 matchnode 942

942 429 2  0.837  0.5624  0.63  9.42646e-312
942 1903 3  0.68544  0.667845  0.5725  9.42646e-312
from 3 to 4 matchnode 942

942 75 3  0.6966  0.6392  0.535  9.42714e-312
942 210 3  0.694876  0.88407  0.57  9.42646e-312
edge_match: 
from 4 to 1 matchnode 75

75 83 3  0.80997  0.68628  0.6225  9.42721e-312
from 4 to 2 matchnode 75

75 429 2  0.87  0.665  0.596667  9.42725e-312
75 1903 3  0.663201  0.613795  0.6725  9.42725e-312
from 4 to 3 matchnode 75

75 74 2  0.9021  0.5655  0.64  9.42695e-312
75 942 3  0.79344  0.65189  0.515  9.42695e-312
from 4 to 1 matchnode 210

210 83 3  0.794112  0.76076  0.6675  9.42721e-312
from 4 to 2 matchnode 210

210 429 3  0.648  0.6498  0.75  9.42724e-312
210 1903 3  0.543312  0.74005  0.7825  9.42724e-312
from 4 to 3 matchnode 210

210 74 2  0.5616  0.7505  0.833333  9.42646e-312
210 942 3  0.59508  0.66082  0.6175  9.42646e-312

pattern answer3:
vertex1: 节点个数 1
443 1 0.87
vertex2: 节点个数 2
719 2 0.98
1903 2 1
vertex3: 节点个数 2
49 3 0.97
74 3 0.81
vertex4: 节点个数 2
89 4 0.77
122 4 1
edge_match: 
from 1 to 2 matchnode 443

443 719 3  0.59598  0.68886  0.6975  9.42689e-312
443 1903 2  0.6216  0.6305  0.81  9.42689e-312
from 1 to 3 matchnode 443

443 49 3  0.742632  0.715204  0.7225  9.427e-312
443 74 3  0.912  0.749034  0.7325  9.427e-312
from 1 to 4 matchnode 443

443 89 2  0.6693  0.7084  0.776667  9.42718e-312
443 122 2  0.5848  0.6864  0.91  9.42718e-312
edge_match: 
from 2 to 1 matchnode 719

719 443 3  0.60606  0.516344  0.905  9.42646e-312
from 2 to 3 matchnode 719

719 49 3  0.634392  0.602217  0.8325  6.9515e-310
719 74 3  0.678447  0.510972  0.625  6.9515e-310
from 2 to 4 matchnode 719

719 89 2  0.6402  0.9108  0.813333  6.9515e-310
719 122 2  0.5402  0.6612  0.98  6.9515e-310
from 2 to 1 matchnode 1903

1903 443 3  0.70395  0.669438  0.62  9.42646e-312
from 2 to 3 matchnode 1903

1903 49 3  0.820911  0.526613  0.785  6.9515e-310
1903 74 3  0.648648  0.727748  0.7475  6.9515e-310
from 2 to 4 matchnode 1903

1903 89 3  0.756756  0.893564  0.7375  6.9515e-310
1903 122 3  0.768645  0.640926  0.8275  6.9515e-310
edge_match: 
from 3 to 1 matchnode 49

49 443 2  0.792  0.711  0.883333  9.42732e-312
from 3 to 2 matchnode 49

49 719 3  0.513912  0.663462  0.915  9.42646e-312
49 1903 3  0.554484  0.592368  0.7725  9.42646e-312
from 3 to 4 matchnode 49

49 89 3  0.533484  0.699273  0.7925  9.42646e-312
49 122 3  0.704352  0.50544  0.8875  9.42646e-312
from 3 to 1 matchnode 74

74 443 2  0.98  0.6555  0.716667  9.42732e-312
from 3 to 2 matchnode 74

74 719 2  0.7238  0.738  0.783333  9.42646e-312
74 1903 3  0.564102  0.515361  0.685  9.42646e-312
from 3 to 4 matchnode 74

74 89 2  0.8075  0.7644  0.683333  9.42646e-312
74 122 3  0.621  0.664608  0.8025  9.42646e-312
edge_match: 
from 4 to 1 matchnode 89

89 443 2  0.85  0.8645  0.703333  9.42715e-312
from 4 to 2 matchnode 89

89 719 3  0.719355  0.681876  0.67  9.42694e-312
89 1903 2  0.558  0.7802  0.846667  9.42694e-312
from 4 to 3 matchnode 89

89 49 3  0.68816  0.712712  0.755  9.42646e-312
89 74 3  0.829374  0.7191  0.6525  9.42646e-312
from 4 to 1 matchnode 122

122 443 2  0.7921  0.648  0.773333  9.42715e-312
from 4 to 2 matchnode 122

122 719 3  0.550088  0.5904  0.8375  9.42705e-312
122 1903 3  0.768645  0.5301  0.7575  9.42705e-312
from 4 to 3 matchnode 122

122 49 2  0.8428  0.536  0.833333  9.42646e-312
122 74 1  0.76  0.8  0.905  9.42646e-312

pattern answer4:
vertex1: 节点个数 1
549 1 0.53
vertex2: 节点个数 2
187 2 0.54
719 2 0.98
vertex3: 节点个数 2
74 3 0.81
1032 3 0.63
vertex4: 节点个数 2
67 4 0.78
75 4 0.54
edge_match: 
from 1 to 2 matchnode 549

549 187 3  0.76734  0.521084  0.59  9.42712e-312
549 719 3  0.516344  0.8526  0.7325  9.42712e-312
from 1 to 3 matchnode 549

549 74 1  1  0.78  0.67  9.427e-312
549 1032 3  0.6324  0.534  0.5525  9.427e-312
from 1 to 4 matchnode 549

549 67 2  0.6141  0.697  0.633333  9.42727e-312
549 75 3  0.8835  0.50778  0.5925  9.42727e-312
edge_match: 
from 2 to 1 matchnode 187

187 549 3  0.654052  0.784827  0.7525  9.42646e-312
from 2 to 3 matchnode 187

187 74 3  0.82467  0.536313  0.805  6.9515e-310
187 1032 3  0.699132  0.533888  0.74  9.42685e-312
from 2 to 4 matchnode 187

187 67 3  0.566636  0.702086  0.5925  6.9515e-310
187 75 3  0.8134  0.573852  0.61  9.42719e-312
from 2 to 1 matchnode 719

719 549 3  0.602352  0.727353  0.7225  9.42646e-312
from 2 to 3 matchnode 719

719 74 3  0.678447  0.510972  0.625  6.9515e-310
719 1032 3  0.55278  0.5415  0.72  9.42685e-312
from 2 to 4 matchnode 719

719 67 3  0.509454  0.523488  0.7775  6.9515e-310
719 75 3  0.507936  0.53599  0.605  9.42719e-312
edge_match: 
from 3 to 1 matchnode 74

74 549 3  0.684855  0.578508  0.7075  9.42736e-312
from 3 to 2 matchnode 74

74 187 3  0.656115  0.699524  0.585  9.42646e-312
74 719 2  0.7238  0.738  0.783333  9.42646e-312
from 3 to 4 matchnode 74

74 67 2  0.799  0.528  0.796667  9.42646e-312
74 75 2  0.8835  0.651  0.613333  9.42714e-312
from 3 to 1 matchnode 1032

1032 549 2  0.6557  0.7104  0.62  9.42736e-312
from 3 to 2 matchnode 1032

1032 187 3  0.660672  0.512691  0.5725  9.42646e-312
1032 719 2  0.8036  0.5494  0.64  9.42646e-312
from 3 to 4 matchnode 1032

1032 67 3  0.595056  0.55678  0.535  9.42646e-312
1032 75 3  0.591948  0.561145  0.5475  9.42714e-312
edge_match: 
from 4 to 1 matchnode 67

67 549 3  0.67032  0.70308  0.6925  9.4273e-312
from 4 to 2 matchnode 67

67 187 3  0.5805  0.506736  0.6125  9.42677e-312
67 719 2  0.6603  0.6399  0.72  9.42677e-312
from 4 to 3 matchnode 67

67 74 3  0.7968  0.62415  0.6275  9.42705e-312
67 1032 2  0.5994  0.5265  0.51  9.42705e-312
from 4 to 1 matchnode 75

75 549 2  0.5829  0.6175  0.603333  9.4273e-312
from 4 to 2 matchnode 75

75 187 3  0.768645  0.6384  0.64  9.42725e-312
75 719 3  0.792918  0.57646  0.6425  9.42725e-312
from 4 to 3 matchnode 75

75 74 2  0.9021  0.5655  0.64  9.42695e-312
75 1032 3  0.563586  0.8379  0.7  9.42695e-312

pattern answer5:
vertex1: 节点个数 1
1167 1 0.91
vertex2: 节点个数 2
100 2 0.89
918 2 0.6
vertex3: 节点个数 2
49 3 0.97
74 3 0.81
vertex4: 节点个数 2
89 4 0.77
210 4 0.82
edge_match: 
from 1 to 2 matchnode 1167

1167 100 2  0.6768  0.6111  0.643333  9.42646e-312
1167 918 3  0.68992  0.54093  0.6175  9.42646e-312
from 1 to 3 matchnode 1167

1167 49 2  0.7275  0.5022  0.786667  9.42681e-312
1167 74 2  0.6975  0.6586  0.886667  9.42681e-312
from 1 to 4 matchnode 1167

1167 89 3  0.742438  0.581808  0.62  9.4274e-312
1167 210 3  0.5472  0.769405  0.6275  9.4274e-312
edge_match: 
from 2 to 1 matchnode 100

100 1167 2  0.6586  0.6256  0.856667  9.42728e-312
from 2 to 3 matchnode 100

100 49 3  0.707712  0.795708  0.6825  6.9515e-310
100 74 2  0.836  0.8036  0.893333  6.9515e-310
from 2 to 4 matchnode 100

100 89 3  0.810216  0.723814  0.6125  6.9515e-310
100 210 2  0.8281  0.5445  0.813333  9.42692e-312
from 2 to 1 matchnode 918

918 1167 3  0.50813  0.677376  0.67  9.42728e-312
from 2 to 3 matchnode 918

918 49 3  0.566048  0.52136  0.65  6.9515e-310
918 74 3  0.504504  0.743232  0.6275  6.9515e-310
from 2 to 4 matchnode 918

918 89 3  0.588588  0.912576  0.6175  6.9515e-310
918 210 2  0.8148  0.6528  0.803333  9.42692e-312
edge_match: 
from 3 to 1 matchnode 49

49 1167 3  0.70488  0.82863  0.875  9.42725e-312
from 3 to 2 matchnode 49

49 100 3  0.511  0.500714  0.7975  9.42646e-312
49 918 3  0.603345  0.699273  0.75  9.42646e-312
from 3 to 4 matchnode 49

49 89 3  0.533484  0.699273  0.7925  9.42646e-312
49 210 3  0.5984  0.78624  0.78  9.42646e-312
from 3 to 1 matchnode 74

74 1167 3  0.503976  0.696514  0.7575  9.42725e-312
from 3 to 2 matchnode 74

74 100 3  0.90307  0.67704  0.7925  9.42646e-312
74 918 3  0.810656  0.785664  0.8  9.42646e-312
from 3 to 4 matchnode 74

74 89 2  0.8075  0.7644  0.683333  9.42646e-312
74 210 3  0.759704  0.602316  0.795  9.42646e-312
edge_match: 
from 4 to 1 matchnode 89

89 1167 3  0.548208  0.636272  0.7275  9.42687e-312
from 4 to 2 matchnode 89

89 100 2  0.6873  0.5625  0.71  9.42694e-312
89 918 3  0.715635  0.578664  0.7525  9.42694e-312
from 4 to 3 matchnode 89

89 49 3  0.68816  0.712712  0.755  9.42646e-312
89 74 3  0.829374  0.7191  0.6525  9.42646e-312
from 4 to 1 matchnode 210

210 1167 3  0.875328  0.74347  0.68  9.42687e-312
from 4 to 2 matchnode 210

210 100 3  0.73656  0.912576  0.79  9.42724e-312
210 918 3  0.540408  0.663834  0.5325  9.42724e-312
from 4 to 3 matchnode 210

210 49 2  0.8184  0.8544  0.866667  9.42646e-312
210 74 2  0.5616  0.7505  0.833333  9.42646e-312

pattern answer6:
vertex1: 节点个数 1
1754 1 0.84
vertex2: 节点个数 2
100 2 0.89
719 2 0.98
vertex3: 节点个数 2
49 3 0.97
74 3 0.81
vertex4: 节点个数 2
155 4 0.76
289 4 0.5
edge_match: 
from 1 to 2 matchnode 1754

1754 100 3  0.621888  0.531075  0.59  9.42702e-312
1754 719 3  0.61074  0.5832  0.78  9.42702e-312
from 1 to 3 matchnode 1754

1754 49 2  0.8134  0.64  0.78  9.42673e-312
1754 74 2  0.83  0.624  0.726667  9.42673e-312
from 1 to 4 matchnode 1754

1754 155 2  0.792  0.5429  0.54  9.42695e-312
1754 289 3  0.6764  0.51136  0.5725  9.42695e-312
edge_match: 
from 2 to 1 matchnode 100

100 1754 3  0.55594  0.663872  0.7775  2.68979e-312
from 2 to 3 matchnode 100

100 49 3  0.707712  0.795708  0.6825  6.9515e-310
100 74 2  0.836  0.8036  0.893333  6.9515e-310
from 2 to 4 matchnode 100

100 155 3  0.606816  0.68796  0.775  6.9515e-310
100 289 3  0.513324  0.674344  0.75  9.42704e-312
from 2 to 1 matchnode 719

719 1754 3  0.521084  0.655914  0.7275  2.68979e-312
from 2 to 3 matchnode 719

719 49 3  0.634392  0.602217  0.8325  6.9515e-310
719 74 3  0.678447  0.510972  0.625  6.9515e-310
from 2 to 4 matchnode 719

719 155 2  0.5254  0.8036  0.653333  6.9515e-310
719 289 2  0.5607  0.6241  0.633333  9.42704e-312
edge_match: 
from 3 to 1 matchnode 49

49 1754 3  0.554224  0.7866  0.725  9.42733e-312
from 3 to 2 matchnode 49

49 100 3  0.511  0.500714  0.7975  9.42646e-312
49 719 3  0.513912  0.663462  0.915  9.42646e-312
from 3 to 4 matchnode 49

49 155 3  0.52871  0.708876  0.585  9.42646e-312
49 289 3  0.6596  0.67797  0.55  9.42646e-312
from 3 to 1 matchnode 74

74 1754 2  0.5776  0.8448  0.78  9.42733e-312
from 3 to 2 matchnode 74

74 100 3  0.90307  0.67704  0.7925  9.42646e-312
74 719 2  0.7238  0.738  0.783333  9.42646e-312
from 3 to 4 matchnode 74

74 155 3  0.618772  0.595056  0.81  9.42646e-312
74 289 3  0.746415  0.77469  0.6725  9.42646e-312
edge_match: 
from 4 to 1 matchnode 155

155 1754 3  0.57036  0.602784  0.71  9.42688e-312
from 4 to 2 matchnode 155

155 100 2  0.528  0.5096  0.65  9.427e-312
155 719 3  0.6762  0.5166  0.5525  9.427e-312
from 4 to 3 matchnode 155

155 49 3  0.54  0.783288  0.7825  9.42646e-312
155 74 3  0.833  0.511056  0.6725  9.42646e-312
from 4 to 1 matchnode 289

289 1754 3  0.53504  0.709632  0.57  9.42688e-312
from 4 to 2 matchnode 289

289 100 3  0.5859  0.64512  0.645  9.42734e-312
289 719 3  0.515034  0.550314  0.6275  9.42734e-312
from 4 to 3 matchnode 289

289 49 3  0.91238  0.64512  0.6475  9.42646e-312
289 74 3  0.931  0.628992  0.6075  9.42646e-312

pattern answer7:
vertex1: 节点个数 1
2043 1 0.54
vertex2: 节点个数 2
100 2 0.89
187 2 0.54
vertex3: 节点个数 2
49 3 0.97
74 3 0.81
vertex4: 节点个数 2
89 4 0.77
210 4 0.82
edge_match: 
from 1 to 2 matchnode 2043

2043 100 3  0.68904  0.589372  0.72  9.42709e-312
2043 187 3  0.69984  0.594048  0.5675  9.42709e-312
from 1 to 3 matchnode 2043

2043 49 2  0.7656  0.5518  0.773333  9.42691e-312
2043 74 3  0.63495  0.50445  0.605  9.42691e-312
from 1 to 4 matchnode 2043

2043 89 3  0.72819  0.557847  0.6175  9.42688e-312
2043 210 3  0.508599  0.84645  0.675  9.42688e-312
edge_match: 
from 2 to 1 matchnode 100

100 2043 2  0.8316  0.912  0.64  9.4267e-312
from 2 to 3 matchnode 100

100 49 3  0.707712  0.795708  0.6825  6.9515e-310
100 74 2  0.836  0.8036  0.893333  6.9515e-310
from 2 to 4 matchnode 100

100 89 3  0.810216  0.723814  0.6125  6.9515e-310
100 210 2  0.8281  0.5445  0.813333  9.42692e-312
from 2 to 1 matchnode 187

187 2043 3  0.715008  0.76048  0.605  9.4267e-312
from 2 to 3 matchnode 187

187 49 3  0.688842  0.649803  0.8625  6.9515e-310
187 74 3  0.82467  0.536313  0.805  6.9515e-310
from 2 to 4 matchnode 187

187 89 3  0.874944  0.922082  0.6625  6.9515e-310
187 210 3  0.57036  0.9215  0.65  9.42692e-312
edge_match: 
from 3 to 1 matchnode 49

49 2043 3  0.62568  0.74385  0.7325  9.42709e-312
from 3 to 2 matchnode 49

49 100 3  0.511  0.500714  0.7975  9.42646e-312
49 187 3  0.528808  0.695826  0.805  9.42646e-312
from 3 to 4 matchnode 49

49 89 3  0.533484  0.699273  0.7925  9.42646e-312
49 210 3  0.5984  0.78624  0.78  9.42646e-312
from 3 to 1 matchnode 74

74 2043 3  0.6052  0.737352  0.5625  9.42709e-312
from 3 to 2 matchnode 74

74 100 3  0.90307  0.67704  0.7925  9.42646e-312
74 187 3  0.656115  0.699524  0.585  9.42646e-312
from 3 to 4 matchnode 74

74 89 2  0.8075  0.7644  0.683333  9.42646e-312
74 210 3  0.759704  0.602316  0.795  9.42646e-312
edge_match: 
from 4 to 1 matchnode 89

89 2043 2  0.9207  0.517  0.693333  9.42712e-312
from 4 to 2 matchnode 89

89 100 2  0.6873  0.5625  0.71  9.42694e-312
89 187 3  0.618048  0.541575  0.6075  9.42694e-312
from 4 to 3 matchnode 89

89 49 3  0.68816  0.712712  0.755  9.42646e-312
89 74 3  0.829374  0.7191  0.6525  9.42646e-312
from 4 to 1 matchnode 210

210 2043 2  0.6336  0.912  0.743333  9.42712e-312
from 4 to 2 matchnode 210

210 100 3  0.73656  0.912576  0.79  9.42724e-312
210 187 3  0.6579  0.600576  0.585  9.42724e-312
from 4 to 3 matchnode 210

210 49 2  0.8184  0.8544  0.866667  9.42646e-312
210 74 2  0.5616  0.7505  0.833333  9.42646e-312

pattern answer8:
vertex1: 节点个数 1
2075 1 0.89
vertex2: 节点个数 2
63 2 0.52
2514 2 0.7
vertex3: 节点个数 2
74 3 0.81
2104 3 0.8
vertex4: 节点个数 2
122 4 1
354 4 0.99
edge_match: 
from 1 to 2 matchnode 2075

2075 63 3  0.674622  0.51128  0.695  9.42646e-312
2075 2514 3  0.599592  0.595056  0.64  9.42646e-312
from 1 to 3 matchnode 2075

2075 74 3  0.667368  0.51128  0.7675  9.42704e-312
2075 2104 3  0.517845  0.60724  0.645  9.42704e-312
from 1 to 4 matchnode 2075

2075 122 3  0.587574  0.606056  0.885  9.42683e-312
2075 354 2  0.735  0.6889  0.796667  9.42683e-312
edge_match: 
from 2 to 1 matchnode 63

63 2075 2  0.6853  0.5934  0.556667  6.95335e-310
from 2 to 3 matchnode 63

63 74 3  0.695268  0.6586  0.68  6.9515e-310
63 2104 3  0.616047  0.7524  0.5375  9.42646e-312
from 2 to 4 matchnode 63

63 122 3  0.696696  0.658944  0.6775  6.9515e-310
63 354 3  0.625048  0.621504  0.5025  9.42667e-312
from 2 to 1 matchnode 2514

2514 2075 3  0.583968  0.67797  0.78  6.95335e-310
from 2 to 3 matchnode 2514

2514 74 2  0.7347  0.5112  0.826667  6.9515e-310
2514 2104 3  0.535925  0.6825  0.7225  9.42646e-312
from 2 to 4 matchnode 2514

2514 122 3  0.716184  0.573066  0.7825  6.9515e-310
2514 354 2  0.5733  0.76  0.706667  9.42667e-312
edge_match: 
from 3 to 1 matchnode 74

74 2075 2  0.8835  0.6138  0.73  9.42683e-312
from 3 to 2 matchnode 74

74 63 2  0.7905  0.8134  0.6  9.42646e-312
74 2514 3  0.58327  0.703545  0.7175  9.42646e-312
from 3 to 4 matchnode 74

74 122 3  0.621  0.664608  0.8025  9.42646e-312
74 354 2  0.5369  0.9  0.743333  9.42646e-312
from 3 to 1 matchnode 2104

2104 2075 3  0.81092  0.79488  0.8225  9.42683e-312
from 3 to 2 matchnode 2104

2104 63 3  0.580642  0.548856  0.6425  9.42646e-312
2104 2514 3  0.521084  0.730296  0.8025  9.42646e-312
from 3 to 4 matchnode 2104

2104 122 3  0.762129  0.793408  0.745  9.42646e-312
2104 354 2  0.637  0.6438  0.926667  9.42646e-312
edge_match: 
from 4 to 1 matchnode 122

122 2075 2  0.9108  0.549  0.823333  9.42683e-312
from 4 to 2 matchnode 122

122 63 3  0.60078  0.65072  0.7  9.42705e-312
122 2514 2  0.5916  0.6076  0.893333  9.42705e-312
from 4 to 3 matchnode 122

122 74 1  0.76  0.8  0.905  9.42646e-312
122 2104 3  0.717315  0.5642  0.7975  9.42646e-312
from 4 to 1 matchnode 354

354 2075 1  0.67  0.79  0.94  9.42683e-312
from 4 to 2 matchnode 354

354 63 3  0.693  0.591008  0.7425  9.42646e-312
354 2514 2  0.774  0.6348  0.843333  9.42646e-312
from 4 to 3 matchnode 354

354 74 3  0.7128  0.874552  0.905  9.42646e-312
354 2104 3  0.64944  0.700488  0.7675  9.42646e-312

