pattern answer1:
vertex1: 节点个数 1
69 1 0.61
vertex2: 节点个数 2
84 2 0.72
729 2 0.64
vertex3: 节点个数 2
96 3 0.69
154 3 0.64
vertex4: 节点个数 2
82 4 0.9
91 4 0.93
edge_match: 
from 1 to 3 matchnode 69

69 96 3  0.81092  0.535866  0.7075  7.00761e-312
69 154 3  0.5913  0.5984  0.7775  7.00761e-312
edge_match: 
from 2 to 4 matchnode 84

84 82 2  0.5396  0.8811  0.873333  6.95132e-310
84 91 2  0.6992  0.9114  0.563333  7.00767e-312
from 2 to 4 matchnode 729

729 82 2  0.7524  0.7921  0.846667  6.95132e-310
729 91 3  0.77616  0.8099  0.6775  7.00767e-312
edge_match: 
from 3 to 1 matchnode 96

96 69 3  0.542098  0.6142  0.7925  4.02677e-313
from 3 to 1 matchnode 154

154 69 3  0.538447  0.8217  0.5475  4.02677e-313
edge_match: 
from 4 to 1 matchnode 82

82 69 3  0.834372  0.793702  0.7275  7.00787e-312
from 4 to 1 matchnode 91

91 69 3  0.82467  0.78498  0.735  7.00787e-312

pattern answer2:
vertex1: 节点个数 1
348 1 0.91
vertex2: 节点个数 2
84 2 0.72
729 2 0.64
vertex3: 节点个数 2
154 3 0.64
1294 3 0.95
vertex4: 节点个数 2
82 4 0.9
91 4 0.93
edge_match: 
from 1 to 3 matchnode 348

348 154 3  0.73602  0.79  0.75  7.00768e-312
348 1294 3  0.75735  0.50388  0.6325  7.00768e-312
edge_match: 
from 2 to 4 matchnode 84

84 82 2  0.5396  0.8811  0.873333  6.95132e-310
84 91 2  0.6992  0.9114  0.563333  7.00767e-312
from 2 to 4 matchnode 729

729 82 2  0.7524  0.7921  0.846667  6.95132e-310
729 91 3  0.77616  0.8099  0.6775  7.00767e-312
edge_match: 
from 3 to 1 matchnode 154

154 348 3  0.778596  0.605172  0.6  4.02677e-313
from 3 to 1 matchnode 1294

1294 348 3  0.6474  0.521136  0.7225  4.02677e-313
edge_match: 
from 4 to 1 matchnode 82

82 348 2  0.7138  0.5733  0.833333  7.00779e-312
from 4 to 1 matchnode 91

91 348 2  0.7055  0.567  0.843333  7.00779e-312

pattern answer3:
vertex1: 节点个数 1
411 1 0.91
vertex2: 节点个数 2
84 2 0.72
729 2 0.64
vertex3: 节点个数 2
1266 3 0.86
1294 3 0.95
vertex4: 节点个数 2
82 4 0.9
91 4 0.93
edge_match: 
from 1 to 3 matchnode 411

411 1266 3  0.635628  0.53641  0.765  7.00736e-312
411 1294 3  0.66177  0.546448  0.6125  7.00736e-312
edge_match: 
from 2 to 4 matchnode 84

84 82 2  0.5396  0.8811  0.873333  6.95132e-310
84 91 2  0.6992  0.9114  0.563333  7.00767e-312
from 2 to 4 matchnode 729

729 82 2  0.7524  0.7921  0.846667  6.95132e-310
729 91 3  0.77616  0.8099  0.6775  7.00767e-312
edge_match: 
from 3 to 1 matchnode 1266

1266 411 3  0.699273  0.55728  0.51  7.00758e-312
from 3 to 1 matchnode 1294

1294 411 3  0.5148  0.636944  0.7225  7.00758e-312
edge_match: 
from 4 to 1 matchnode 82

82 411 2  0.5676  0.7007  0.833333  7.00734e-312
from 4 to 1 matchnode 91

91 411 2  0.561  0.693  0.843333  7.00734e-312

pattern answer4:
vertex1: 节点个数 1
538 1 0.88
vertex2: 节点个数 2
84 2 0.72
729 2 0.64
vertex3: 节点个数 2
96 3 0.69
154 3 0.64
vertex4: 节点个数 2
82 4 0.9
91 4 0.93
edge_match: 
from 1 to 3 matchnode 538

538 96 3  0.7497  0.541387  0.855  7.00768e-312
538 154 3  0.542156  0.52896  0.8425  7.00768e-312
edge_match: 
from 2 to 4 matchnode 84

84 82 2  0.5396  0.8811  0.873333  6.95132e-310
84 91 2  0.6992  0.9114  0.563333  7.00767e-312
from 2 to 4 matchnode 729

729 82 2  0.7524  0.7921  0.846667  6.95132e-310
729 91 3  0.77616  0.8099  0.6775  7.00767e-312
edge_match: 
from 3 to 1 matchnode 96

96 538 3  0.52416  0.52332  0.865  4.02677e-313
from 3 to 1 matchnode 154

154 538 2  0.79  0.8277  0.72  4.02677e-313
edge_match: 
from 4 to 1 matchnode 82

82 538 3  0.67424  0.529984  0.81  7.00738e-312
from 4 to 1 matchnode 91

91 538 3  0.6664  0.52416  0.8175  7.00738e-312

pattern answer5:
vertex1: 节点个数 1
744 1 0.72
vertex2: 节点个数 2
139 2 0.58
675 2 0.97
vertex3: 节点个数 2
154 3 0.64
286 3 0.64
vertex4: 节点个数 2
118 4 0.84
706 4 0.52
edge_match: 
from 1 to 3 matchnode 744

744 154 1  0.77  0.97  0.68  7.00709e-312
744 286 2  0.77  0.9021  0.666667  7.00709e-312
edge_match: 
from 2 to 4 matchnode 139

139 118 3  0.9603  0.68352  0.7175  6.95132e-310
139 706 3  0.825944  0.585144  0.685  7.00738e-312
from 2 to 4 matchnode 675

675 118 3  0.52767  0.5609  0.5675  6.95132e-310
675 706 3  0.536544  0.544896  0.7575  7.00738e-312
edge_match: 
from 3 to 1 matchnode 154

154 744 1  0.97  0.84  0.68  7.00692e-312
from 3 to 1 matchnode 286

286 744 2  0.8342  0.5712  0.666667  7.00692e-312
edge_match: 
from 4 to 1 matchnode 118

118 744 3  0.556416  0.585144  0.6425  7.00733e-312
from 4 to 1 matchnode 706

706 744 3  0.62662  0.69372  0.71  7.00733e-312

pattern answer6:
vertex1: 节点个数 1
748 1 0.82
vertex2: 节点个数 2
465 2 0.79
729 2 0.64
vertex3: 节点个数 2
96 3 0.69
154 3 0.64
vertex4: 节点个数 2
118 4 0.84
511 4 0.74
edge_match: 
from 1 to 3 matchnode 748

748 96 3  0.771456  0.66101  0.695  7.0075e-312
748 154 3  0.59136  0.54739  0.66  7.0075e-312
edge_match: 
from 2 to 4 matchnode 465

465 118 2  0.8439  0.7221  0.59  6.95132e-310
465 511 2  0.6177  0.8091  0.556667  4.02677e-313
from 2 to 4 matchnode 729

729 118 3  0.941094  0.7387  0.655  6.95132e-310
729 511 3  0.688842  0.8277  0.63  4.02677e-313
edge_match: 
from 3 to 1 matchnode 96

96 748 2  0.8811  0.8811  0.773333  6.95335e-310
from 3 to 1 matchnode 154

154 748 3  0.735585  0.717948  0.6525  6.95335e-310
edge_match: 
from 4 to 1 matchnode 118

118 748 3  0.575424  0.70848  0.585  7.0075e-312
from 4 to 1 matchnode 511

511 748 2  0.5607  0.5346  0.79  7.0075e-312

pattern answer7:
vertex1: 节点个数 1
848 1 0.69
vertex2: 节点个数 2
3183 2 0.63
15635 2 0.84
vertex3: 节点个数 2
154 3 0.64
1067 3 0.61
vertex4: 节点个数 2
821 4 0.83
3037 4 0.69
edge_match: 
from 1 to 3 matchnode 848

848 154 3  0.557175  0.712712  0.55  7.0075e-312
848 1067 3  0.88445  0.744  0.555  7.0075e-312
edge_match: 
from 2 to 4 matchnode 3183

3183 821 3  0.773388  0.738234  0.6525  6.95132e-310
3183 3037 1  0.76  0.81  0.66  7.00717e-312
from 2 to 4 matchnode 15635

15635 821 3  0.616032  0.811146  0.5575  6.95132e-310
15635 3037 3  0.803712  0.5544  0.5925  7.00717e-312
edge_match: 
from 3 to 1 matchnode 154

154 848 3  0.601788  0.68628  0.5825  4.02677e-313
from 3 to 1 matchnode 1067

1067 848 3  0.711392  0.74119  0.635  4.02677e-313
edge_match: 
from 4 to 1 matchnode 821

821 848 3  0.598975  0.678447  0.595  7.0075e-312
from 4 to 1 matchnode 3037

3037 848 2  0.9212  0.817  0.553333  7.0075e-312

pattern answer8:
vertex1: 节点个数 1
869 1 0.92
vertex2: 节点个数 2
84 2 0.72
675 2 0.97
vertex3: 节点个数 2
1971 3 0.6
2413 3 0.81
vertex4: 节点个数 2
118 4 0.84
1283 4 0.52
edge_match: 
from 1 to 3 matchnode 869

869 1971 3  0.532611  0.902286  0.6425  7.00785e-312
869 2413 3  0.509703  0.829374  0.695  7.00785e-312
edge_match: 
from 2 to 4 matchnode 84

84 118 3  0.674926  0.8217  0.675  6.95132e-310
84 1283 2  0.6532  0.8118  0.746667  4.02677e-313
from 2 to 4 matchnode 675

675 118 3  0.52767  0.5609  0.5675  6.95132e-310
675 1283 3  0.545376  0.62976  0.73  4.02677e-313
edge_match: 
from 3 to 1 matchnode 1971

1971 869 3  0.52332  0.55309  0.6175  6.95335e-310
from 3 to 1 matchnode 2413

2413 869 3  0.722456  0.599808  0.7275  6.95335e-310
edge_match: 
from 4 to 1 matchnode 118

118 869 2  0.8134  0.6882  0.703333  7.00785e-312
from 4 to 1 matchnode 1283

1283 869 3  0.9021  0.626808  0.57  7.00785e-312

pattern answer9:
vertex1: 节点个数 1
1390 1 0.95
vertex2: 节点个数 2
84 2 0.72
729 2 0.64
vertex3: 节点个数 2
286 3 0.64
6169 3 0.97
vertex4: 节点个数 2
118 4 0.84
331 4 0.78
edge_match: 
from 1 to 3 matchnode 1390

1390 286 3  0.575484  0.75735  0.5475  7.00731e-312
1390 6169 3  0.582036  0.63504  0.565  7.00731e-312
edge_match: 
from 2 to 4 matchnode 84

84 118 3  0.674926  0.8217  0.675  6.95132e-310
84 331 2  0.5183  0.7722  0.833333  4.02677e-313
from 2 to 4 matchnode 729

729 118 3  0.941094  0.7387  0.655  6.95132e-310
729 331 2  0.7227  0.6942  0.806667  4.02677e-313
edge_match: 
from 3 to 1 matchnode 286

286 1390 2  0.8091  0.6  0.62  7.00755e-312
from 3 to 1 matchnode 6169

6169 1390 3  0.501552  0.580125  0.7375  7.00755e-312
edge_match: 
from 4 to 1 matchnode 118

118 1390 3  0.635544  0.65688  0.7425  7.00731e-312
from 4 to 1 matchnode 331

331 1390 2  0.5328  0.5865  0.91  7.00731e-312

pattern answer10:
vertex1: 节点个数 1
1469 1 0.58
vertex2: 节点个数 2
1834 2 0.81
2386 2 0.79
vertex3: 节点个数 2
9508 3 0.76
28098 3 0.9
vertex4: 节点个数 2
2296 4 0.82
4741 4 0.62
edge_match: 
from 1 to 3 matchnode 1469

1469 9508 3  0.759552  0.883476  0.605  7.00731e-312
1469 28098 2  0.7296  0.5335  0.816667  7.00731e-312
edge_match: 
from 2 to 4 matchnode 1834

1834 2296 2  0.5336  0.55  0.863333  6.95132e-310
1834 4741 3  0.521512  0.68448  0.6075  4.02677e-313
from 2 to 4 matchnode 2386

2386 2296 3  0.558404  0.687323  0.6075  6.95132e-310
2386 4741 3  0.9405  0.532224  0.745  4.02677e-313
edge_match: 
from 3 to 1 matchnode 9508

9508 1469 2  0.7209  0.5063  0.77  7.00731e-312
from 3 to 1 matchnode 28098

28098 1469 2  0.6318  0.6039  0.816667  7.00731e-312
edge_match: 
from 4 to 1 matchnode 2296

2296 1469 3  0.5103  0.689208  0.5975  7.00755e-312
from 4 to 1 matchnode 4741

4741 1469 3  0.573066  0.6555  0.56  7.00755e-312

pattern answer11:
vertex1: 节点个数 1
2023 1 0.81
vertex2: 节点个数 2
84 2 0.72
1538 2 0.61
vertex3: 节点个数 2
154 3 0.64
286 3 0.64
vertex4: 节点个数 2
2583 4 0.71
4741 4 0.62
edge_match: 
from 1 to 3 matchnode 2023

2023 154 1  0.51  0.96  0.725  7.00726e-312
2023 286 2  0.51  0.8928  0.696667  7.00726e-312
edge_match: 
from 2 to 4 matchnode 84

84 2583 3  0.55872  0.809088  0.7125  6.95132e-310
84 4741 3  0.6745  0.836352  0.7275  4.02677e-313
from 2 to 4 matchnode 1538

1538 2583 2  0.686  0.7128  0.513333  6.95132e-310
1538 4741 3  0.6745  0.701184  0.7  4.02677e-313
edge_match: 
from 3 to 1 matchnode 154

154 2023 1  0.78  0.81  0.725  4.02677e-313
from 3 to 1 matchnode 286

286 2023 2  0.6708  0.5508  0.696667  4.02677e-313
edge_match: 
from 4 to 1 matchnode 2583

2583 2023 3  0.569712  0.530712  0.6625  7.00726e-312
from 4 to 1 matchnode 4741

4741 2023 3  0.509496  0.504711  0.705  7.00726e-312

pattern answer12:
vertex1: 节点个数 1
2383 1 0.94
vertex2: 节点个数 2
1834 2 0.81
5145 2 0.89
vertex3: 节点个数 2
154 3 0.64
286 3 0.64
vertex4: 节点个数 2
641 4 0.83
3115 4 0.61
edge_match: 
from 1 to 3 matchnode 2383

2383 154 3  0.559835  0.701592  0.7975  7.00752e-312
2383 286 3  0.583176  0.59427  0.695  7.00752e-312
edge_match: 
from 2 to 4 matchnode 1834

1834 641 2  0.5913  0.645  0.82  6.95132e-310
1834 3115 2  0.6808  0.88  0.766667  4.02677e-313
from 2 to 4 matchnode 5145

5145 641 3  0.639576  0.51987  0.8575  6.95132e-310
5145 3115 1  0.62  0.72  0.75  4.02677e-313
edge_match: 
from 3 to 1 matchnode 154

154 2383 3  0.58725  0.818583  0.7775  7.00692e-312
from 3 to 1 matchnode 286

286 2383 2  0.518  0.567  0.743333  7.00692e-312
edge_match: 
from 4 to 1 matchnode 641

641 2383 3  0.6192  0.542256  0.73  7.00752e-312
from 4 to 1 matchnode 3115

3115 2383 3  0.54612  0.767464  0.6625  7.00752e-312

pattern answer13:
vertex1: 节点个数 1
2456 1 0.83
vertex2: 节点个数 2
2242 2 0.58
2386 2 0.79
vertex3: 节点个数 2
1294 3 0.95
5512 3 0.6
vertex4: 节点个数 2
118 4 0.84
410 4 0.74
edge_match: 
from 1 to 3 matchnode 2456

2456 1294 2  0.6468  0.7315  0.793333  7.00752e-312
2456 5512 3  0.568008  0.53751  0.755  7.00752e-312
edge_match: 
from 2 to 4 matchnode 2242

2242 118 3  0.564816  0.536263  0.585  6.95132e-310
2242 410 1  0.82  0.52  0.66  4.02677e-313
from 2 to 4 matchnode 2386

2386 118 3  0.941094  0.5229  0.6925  6.95132e-310
2386 410 3  0.570312  0.574172  0.72  4.02677e-313
edge_match: 
from 3 to 1 matchnode 1294

1294 2456 3  0.57936  0.55352  0.6725  6.95335e-310
from 3 to 1 matchnode 5512

5512 2456 3  0.502945  0.744832  0.5575  6.95335e-310
edge_match: 
from 4 to 1 matchnode 118

118 2456 3  0.66096  0.76032  0.5875  7.00752e-312
from 4 to 1 matchnode 410

410 2456 3  0.693938  0.61008  0.6525  7.00752e-312

pattern answer14:
vertex1: 节点个数 1
2521 1 0.96
vertex2: 节点个数 2
84 2 0.72
581 2 0.52
vertex3: 节点个数 2
96 3 0.69
154 3 0.64
vertex4: 节点个数 2
1094 4 0.96
1283 4 0.52
edge_match: 
from 1 to 3 matchnode 2521

2521 96 2  0.7626  0.6762  0.703333  7.00739e-312
2521 154 3  0.53253  0.6806  0.82  7.00739e-312
edge_match: 
from 2 to 4 matchnode 84

84 1094 2  0.6319  0.7029  0.893333  6.95132e-310
84 1283 2  0.6532  0.8118  0.746667  4.02677e-313
from 2 to 4 matchnode 581

581 1094 2  0.5828  0.522  0.726667  6.95132e-310
581 1283 3  0.62322  0.68085  0.6425  4.02677e-313
edge_match: 
from 3 to 1 matchnode 96

96 2521 3  0.902682  0.646852  0.54  7.00752e-312
from 3 to 1 matchnode 154

154 2521 3  0.6612  0.77004  0.565  7.00752e-312
edge_match: 
from 4 to 1 matchnode 1094

1094 2521 3  0.514008  0.514188  0.73  7.0078e-312
from 4 to 1 matchnode 1283

1283 2521 3  0.803682  0.626152  0.63  7.0078e-312

pattern answer15:
vertex1: 节点个数 1
2574 1 0.99
vertex2: 节点个数 2
1918 2 0.52
3295 2 0.94
vertex3: 节点个数 2
847 3 0.73
2283 3 0.82
vertex4: 节点个数 2
118 4 0.84
2253 4 0.87
edge_match: 
from 1 to 3 matchnode 2574

2574 847 3  0.581664  0.736  0.6625  7.00768e-312
2574 2283 3  0.642048  0.508668  0.7375  7.00768e-312
edge_match: 
from 2 to 4 matchnode 1918

1918 118 3  0.9506  0.7636  0.625  6.95132e-310
1918 2253 2  0.5  0.6348  0.796667  4.02677e-313
from 2 to 4 matchnode 3295

3295 118 3  0.540672  0.72459  0.685  6.95132e-310
3295 2253 2  0.5092  0.513  0.923333  4.02677e-313
edge_match: 
from 3 to 1 matchnode 847

847 2574 2  0.5254  0.5963  0.783333  4.02677e-313
from 3 to 1 matchnode 2283

2283 2574 2  0.6624  0.7885  0.833333  4.02677e-313
edge_match: 
from 4 to 1 matchnode 118

118 2574 3  0.677376  0.5832  0.6125  7.00768e-312
from 4 to 1 matchnode 2253

2253 2574 3  0.633888  0.59364  0.675  7.00768e-312

pattern answer16:
vertex1: 节点个数 1
2867 1 0.5
vertex2: 节点个数 2
84 2 0.72
729 2 0.64
vertex3: 节点个数 2
1067 3 0.61
5350 3 0.97
vertex4: 节点个数 2
82 4 0.9
91 4 0.93
edge_match: 
from 1 to 3 matchnode 2867

2867 1067 3  0.573804  0.564564  0.53  7.00768e-312
2867 5350 3  0.69003  0.561  0.7975  7.00768e-312
edge_match: 
from 2 to 4 matchnode 84

84 82 2  0.5396  0.8811  0.873333  6.95132e-310
84 91 2  0.6992  0.9114  0.563333  7.00767e-312
from 2 to 4 matchnode 729

729 82 2  0.7524  0.7921  0.846667  6.95132e-310
729 91 3  0.77616  0.8099  0.6775  7.00767e-312
edge_match: 
from 3 to 1 matchnode 1067

1067 2867 3  0.854667  0.5106  0.51  7.0076e-312
from 3 to 1 matchnode 5350

5350 2867 3  0.51119  0.55104  0.68  7.0076e-312
edge_match: 
from 4 to 1 matchnode 82

82 2867 3  0.617308  0.865046  0.5575  7.00768e-312
from 4 to 1 matchnode 91

91 2867 3  0.61013  0.85554  0.565  7.00768e-312

pattern answer17:
vertex1: 节点个数 1
2985 1 0.97
vertex2: 节点个数 2
84 2 0.72
729 2 0.64
vertex3: 节点个数 2
6169 3 0.97
8091 3 0.76
vertex4: 节点个数 2
331 4 0.78
1094 4 0.96
edge_match: 
from 1 to 3 matchnode 2985

2985 6169 3  0.56232  0.55728  0.78  7.00768e-312
2985 8091 3  0.584496  0.527175  0.6275  7.00768e-312
edge_match: 
from 2 to 4 matchnode 84

84 331 2  0.5183  0.7722  0.833333  4.02677e-313
84 1094 2  0.6319  0.7029  0.893333  6.95132e-310
from 2 to 4 matchnode 729

729 331 2  0.7227  0.6942  0.806667  4.02677e-313
729 1094 2  0.8811  0.6319  0.866667  6.95132e-310
edge_match: 
from 3 to 1 matchnode 6169

6169 2985 2  0.6804  0.7623  0.966667  4.02677e-313
from 3 to 1 matchnode 8091

8091 2985 3  0.515424  0.6175  0.6725  4.02677e-313
edge_match: 
from 4 to 1 matchnode 331

331 2985 3  0.60912  0.874944  0.53  7.00768e-312
from 4 to 1 matchnode 1094

1094 2985 3  0.61617  0.618048  0.735  7.00768e-312

pattern answer18:
vertex1: 节点个数 1
3152 1 0.58
vertex2: 节点个数 2
84 2 0.72
729 2 0.64
vertex3: 节点个数 2
3494 3 0.77
6169 3 0.97
vertex4: 节点个数 2
82 4 0.9
91 4 0.93
edge_match: 
from 1 to 3 matchnode 3152

3152 3494 3  0.58032  0.6402  0.5725  7.00744e-312
3152 6169 3  0.5148  0.912576  0.6225  7.00744e-312
edge_match: 
from 2 to 4 matchnode 84

84 82 2  0.5396  0.8811  0.873333  6.95132e-310
84 91 2  0.6992  0.9114  0.563333  7.00767e-312
from 2 to 4 matchnode 729

729 82 2  0.7524  0.7921  0.846667  6.95132e-310
729 91 3  0.77616  0.8099  0.6775  7.00767e-312
edge_match: 
from 3 to 1 matchnode 3494

3494 3152 3  0.785312  0.598752  0.55  7.00744e-312
from 3 to 1 matchnode 6169

6169 3152 3  0.550572  0.550746  0.5825  7.00744e-312
edge_match: 
from 4 to 1 matchnode 82

82 3152 2  0.7654  0.5915  0.723333  7.00768e-312
from 4 to 1 matchnode 91

91 3152 2  0.7565  0.585  0.733333  7.00768e-312

pattern answer19:
vertex1: 节点个数 1
3161 1 0.54
vertex2: 节点个数 2
84 2 0.72
729 2 0.64
vertex3: 节点个数 2
96 3 0.69
154 3 0.64
vertex4: 节点个数 2
82 4 0.9
118 4 0.84
edge_match: 
from 1 to 3 matchnode 3161

3161 96 3  0.87552  0.74347  0.56  7.00773e-312
3161 154 3  0.67712  0.658812  0.6775  7.00773e-312
edge_match: 
from 2 to 4 matchnode 84

84 82 2  0.5396  0.8811  0.873333  6.95132e-310
84 118 3  0.674926  0.8217  0.675  6.95132e-310
from 2 to 4 matchnode 729

729 82 2  0.7524  0.7921  0.846667  6.95132e-310
729 118 3  0.941094  0.7387  0.655  6.95132e-310
edge_match: 
from 3 to 1 matchnode 96

96 3161 3  0.523224  0.65807  0.735  4.02677e-313
from 3 to 1 matchnode 154

154 3161 3  0.68448  0.525045  0.6775  4.02677e-313
edge_match: 
from 4 to 1 matchnode 82

82 3161 2  0.7084  0.637  0.693333  7.00741e-312
from 4 to 1 matchnode 118

118 3161 2  0.7332  0.9016  0.716667  7.00741e-312

pattern answer20:
vertex1: 节点个数 1
3690 1 0.91
vertex2: 节点个数 2
581 2 0.52
729 2 0.64
vertex3: 节点个数 2
154 3 0.64
1971 3 0.6
vertex4: 节点个数 2
2305 4 0.71
5538 4 0.75
edge_match: 
from 1 to 3 matchnode 3690

3690 154 3  0.700112  0.611585  0.655  7.00733e-312
3690 1971 3  0.52136  0.715084  0.68  7.00733e-312
edge_match: 
from 2 to 4 matchnode 581

581 2305 2  0.9306  0.693  0.643333  6.95132e-310
581 5538 2  0.5208  0.7268  0.513333  7.00795e-312
from 2 to 4 matchnode 729

729 2305 3  0.655578  0.61677  0.7925  6.95132e-310
729 5538 3  0.61776  0.556784  0.7925  7.00795e-312
edge_match: 
from 3 to 1 matchnode 154

154 3690 3  0.67221  0.610512  0.685  7.00692e-312
from 3 to 1 matchnode 1971

1971 3690 2  0.6532  0.5376  0.59  7.00692e-312
edge_match: 
from 4 to 1 matchnode 2305

2305 3690 2  0.5336  0.64  0.626667  7.00733e-312
from 4 to 1 matchnode 5538

5538 3690 3  0.521088  0.508032  0.5475  7.00733e-312

pattern answer21:
vertex1: 节点个数 1
3729 1 0.68
vertex2: 节点个数 2
84 2 0.72
729 2 0.64
vertex3: 节点个数 2
533 3 0.99
1067 3 0.61
vertex4: 节点个数 2
82 4 0.9
91 4 0.93
edge_match: 
from 1 to 3 matchnode 3729

3729 533 3  0.529635  0.60075  0.535  7.00743e-312
3729 1067 3  0.7743  0.62608  0.5925  7.00743e-312
edge_match: 
from 2 to 4 matchnode 84

84 82 2  0.5396  0.8811  0.873333  6.95132e-310
84 91 2  0.6992  0.9114  0.563333  7.00767e-312
from 2 to 4 matchnode 729

729 82 2  0.7524  0.7921  0.846667  6.95132e-310
729 91 3  0.77616  0.8099  0.6775  7.00767e-312
edge_match: 
from 3 to 1 matchnode 533

533 3729 3  0.626336  0.6912  0.7825  4.02677e-313
from 3 to 1 matchnode 1067

1067 3729 3  0.621006  0.74088  0.68  4.02677e-313
edge_match: 
from 4 to 1 matchnode 82

82 3729 3  0.57749  0.79443  0.7625  7.00785e-312
from 4 to 1 matchnode 91

91 3729 3  0.570775  0.7857  0.77  7.00785e-312

pattern answer22:
vertex1: 节点个数 1
4140 1 0.53
vertex2: 节点个数 2
84 2 0.72
675 2 0.97
vertex3: 节点个数 2
96 3 0.69
154 3 0.64
vertex4: 节点个数 2
118 4 0.84
1283 4 0.52
edge_match: 
from 1 to 3 matchnode 4140

4140 96 2  0.6532  0.5418  0.59  7.00727e-312
4140 154 3  0.72036  0.86  0.655  7.00727e-312
edge_match: 
from 2 to 4 matchnode 84

84 118 3  0.674926  0.8217  0.675  6.95132e-310
84 1283 2  0.6532  0.8118  0.746667  4.02677e-313
from 2 to 4 matchnode 675

675 118 3  0.52767  0.5609  0.5675  6.95132e-310
675 1283 3  0.545376  0.62976  0.73  4.02677e-313
edge_match: 
from 3 to 1 matchnode 96

96 4140 3  0.59655  0.51975  0.665  4.02677e-313
from 3 to 1 matchnode 154

154 4140 3  0.604407  0.632925  0.6175  4.02677e-313
edge_match: 
from 4 to 1 matchnode 118

118 4140 3  0.72459  0.5451  0.645  7.00727e-312
from 4 to 1 matchnode 1283

1283 4140 3  0.552  0.577016  0.58  7.00727e-312

pattern answer23:
vertex1: 节点个数 1
4829 1 0.96
vertex2: 节点个数 2
84 2 0.72
729 2 0.64
vertex3: 节点个数 2
154 3 0.64
286 3 0.64
vertex4: 节点个数 2
118 4 0.84
331 4 0.78
edge_match: 
from 1 to 3 matchnode 4829

4829 154 3  0.56448  0.6175  0.755  7.00742e-312
4829 286 3  0.620024  0.75272  0.7825  7.00742e-312
edge_match: 
from 2 to 4 matchnode 84

84 118 3  0.674926  0.8217  0.675  6.95132e-310
84 331 2  0.5183  0.7722  0.833333  4.02677e-313
from 2 to 4 matchnode 729

729 118 3  0.941094  0.7387  0.655  6.95132e-310
729 331 2  0.7227  0.6942  0.806667  4.02677e-313
edge_match: 
from 3 to 1 matchnode 154

154 4829 3  0.67221  0.564732  0.775  7.00734e-312
from 3 to 1 matchnode 286

286 4829 3  0.70756  0.6232  0.52  7.00734e-312
edge_match: 
from 4 to 1 matchnode 118

118 4829 2  0.74  0.5022  0.733333  7.00765e-312
from 4 to 1 matchnode 331

331 4829 3  0.57132  0.504711  0.6425  7.00765e-312

pattern answer24:
vertex1: 节点个数 1
5013 1 0.62
vertex2: 节点个数 2
84 2 0.72
729 2 0.64
vertex3: 节点个数 2
100 3 0.97
286 3 0.64
vertex4: 节点个数 2
82 4 0.9
91 4 0.93
edge_match: 
from 1 to 3 matchnode 5013

5013 100 3  0.9405  0.6912  0.6525  7.00774e-312
5013 286 2  0.783  0.6237  0.543333  7.00774e-312
edge_match: 
from 2 to 4 matchnode 84

84 82 2  0.5396  0.8811  0.873333  6.95132e-310
84 91 2  0.6992  0.9114  0.563333  7.00767e-312
from 2 to 4 matchnode 729

729 82 2  0.7524  0.7921  0.846667  6.95132e-310
729 91 3  0.77616  0.8099  0.6775  7.00767e-312
edge_match: 
from 3 to 1 matchnode 100

100 5013 3  0.6603  0.59598  0.6975  7.00692e-312
from 3 to 1 matchnode 286

286 5013 3  0.616968  0.7728  0.5325  7.00692e-312
edge_match: 
from 4 to 1 matchnode 82

82 5013 3  0.519156  0.562716  0.7475  7.00762e-312
from 4 to 1 matchnode 91

91 5013 3  0.50813  0.53352  0.69  7.00762e-312

pattern answer25:
vertex1: 节点个数 1
5014 1 0.54
vertex2: 节点个数 2
84 2 0.72
729 2 0.64
vertex3: 节点个数 2
94 3 0.96
96 3 0.69
vertex4: 节点个数 2
82 4 0.9
91 4 0.93
edge_match: 
from 1 to 3 matchnode 5014

5014 94 3  0.550281  0.922082  0.815  7.00743e-312
5014 96 3  0.51264  0.67716  0.515  7.00743e-312
edge_match: 
from 2 to 4 matchnode 84

84 82 2  0.5396  0.8811  0.873333  6.95132e-310
84 91 2  0.6992  0.9114  0.563333  7.00767e-312
from 2 to 4 matchnode 729

729 82 2  0.7524  0.7921  0.846667  6.95132e-310
729 91 3  0.77616  0.8099  0.6775  7.00767e-312
edge_match: 
from 3 to 1 matchnode 94

94 5014 3  0.510972  0.704522  0.56  6.95335e-310
from 3 to 1 matchnode 96

96 5014 3  0.574656  0.8455  0.745  6.95335e-310
edge_match: 
from 4 to 1 matchnode 82

82 5014 3  0.740718  0.749112  0.645  7.00751e-312
from 4 to 1 matchnode 91

91 5014 3  0.732105  0.74088  0.6525  7.00751e-312

pattern answer26:
vertex1: 节点个数 1
5318 1 0.73
vertex2: 节点个数 2
1834 2 0.81
2261 2 0.9
vertex3: 节点个数 2
154 3 0.64
1067 3 0.61
vertex4: 节点个数 2
1283 4 0.52
2296 4 0.82
edge_match: 
from 1 to 3 matchnode 5318

5318 154 3  0.81081  0.8272  0.6475  7.00732e-312
5318 1067 2  0.91  0.8008  0.553333  7.00732e-312
edge_match: 
from 2 to 4 matchnode 1834

1834 1283 3  0.6723  0.75078  0.8125  4.02677e-313
1834 2296 2  0.5336  0.55  0.863333  6.95132e-310
from 2 to 4 matchnode 2261

2261 1283 2  0.5695  0.8624  0.52  4.02677e-313
2261 2296 3  0.56056  0.538083  0.52  6.95132e-310
edge_match: 
from 3 to 1 matchnode 154

154 5318 3  0.649512  0.650256  0.6425  7.00746e-312
from 3 to 1 matchnode 1067

1067 5318 3  0.810216  0.61824  0.55  7.00746e-312
edge_match: 
from 4 to 1 matchnode 1283

1283 5318 3  0.6768  0.611523  0.6225  7.00732e-312
from 4 to 1 matchnode 2296

2296 5318 3  0.66885  0.592416  0.675  7.00732e-312

pattern answer27:
vertex1: 节点个数 1
5360 1 0.75
vertex2: 节点个数 2
2956 2 0.91
3432 2 0.72
vertex3: 节点个数 2
96 3 0.69
1067 3 0.61
vertex4: 节点个数 2
1779 4 0.66
2305 4 0.71
edge_match: 
from 1 to 3 matchnode 5360

5360 96 3  0.50052  0.622468  0.62  7.00732e-312
5360 1067 3  0.697333  0.72333  0.575  7.00732e-312
edge_match: 
from 2 to 4 matchnode 2956

2956 1779 3  0.73696  0.543213  0.6925  6.95132e-310
2956 2305 3  0.502386  0.54912  0.71  6.95132e-310
from 2 to 4 matchnode 3432

3432 1779 3  0.50895  0.555984  0.655  6.95132e-310
3432 2305 3  0.583968  0.679  0.615  6.95132e-310
edge_match: 
from 3 to 1 matchnode 96

96 5360 2  0.7998  0.544  0.793333  7.0076e-312
from 3 to 1 matchnode 1067

1067 5360 3  0.504252  0.580448  0.5725  7.0076e-312
edge_match: 
from 4 to 1 matchnode 1779

1779 5360 3  0.544824  0.5049  0.8175  7.00732e-312
from 4 to 1 matchnode 2305

2305 5360 3  0.646866  0.616358  0.725  7.00732e-312

pattern answer28:
vertex1: 节点个数 1
5562 1 0.72
vertex2: 节点个数 2
84 2 0.72
729 2 0.64
vertex3: 节点个数 2
2413 3 0.81
4818 3 0.82
vertex4: 节点个数 2
82 4 0.9
118 4 0.84
edge_match: 
from 1 to 3 matchnode 5562

5562 2413 3  0.510326  0.51264  0.5325  7.00732e-312
5562 4818 2  0.5074  0.88  0.553333  7.00732e-312
edge_match: 
from 2 to 4 matchnode 84

84 82 2  0.5396  0.8811  0.873333  6.95132e-310
84 118 3  0.674926  0.8217  0.675  6.95132e-310
from 2 to 4 matchnode 729

729 82 2  0.7524  0.7921  0.846667  6.95132e-310
729 118 3  0.941094  0.7387  0.655  6.95132e-310
edge_match: 
from 3 to 1 matchnode 2413

2413 5562 3  0.674976  0.68796  0.855  7.00692e-312
from 3 to 1 matchnode 4818

4818 5562 3  0.524244  0.81144  0.715  7.00692e-312
edge_match: 
from 4 to 1 matchnode 82

82 5562 3  0.502756  0.500864  0.6425  7.00732e-312
from 4 to 1 matchnode 118

118 5562 3  0.50232  0.76095  0.655  7.00732e-312

pattern answer29:
vertex1: 节点个数 1
5629 1 0.82
vertex2: 节点个数 2
1834 2 0.81
2261 2 0.9
vertex3: 节点个数 2
286 3 0.64
2413 3 0.81
vertex4: 节点个数 2
641 4 0.83
1283 4 0.52
edge_match: 
from 1 to 3 matchnode 5629

5629 286 3  0.506922  0.912576  0.6825  7.00732e-312
5629 2413 1  0.67  0.98  0.815  7.00732e-312
edge_match: 
from 2 to 4 matchnode 1834

1834 641 2  0.5913  0.645  0.82  6.95132e-310
1834 1283 3  0.6723  0.75078  0.8125  4.02677e-313
from 2 to 4 matchnode 2261

2261 641 3  0.594412  0.50463  0.675  6.95132e-310
2261 1283 2  0.5695  0.8624  0.52  4.02677e-313
edge_match: 
from 3 to 1 matchnode 286

286 5629 3  0.627396  0.606042  0.5275  6.95335e-310
from 3 to 1 matchnode 2413

2413 5629 3  0.81634  0.548688  0.7625  6.95335e-310
edge_match: 
from 4 to 1 matchnode 641

641 5629 3  0.5146  0.5681  0.5575  7.00732e-312
from 4 to 1 matchnode 1283

1283 5629 3  0.5586  0.61541  0.505  7.00732e-312

pattern answer30:
vertex1: 节点个数 1
5818 1 0.77
vertex2: 节点个数 2
84 2 0.72
729 2 0.64
vertex3: 节点个数 2
286 3 0.64
1067 3 0.61
vertex4: 节点个数 2
82 4 0.9
331 4 0.78
edge_match: 
from 1 to 3 matchnode 5818

5818 286 3  0.5922  0.50912  0.58  7.00732e-312
5818 1067 2  0.7826  0.5766  0.736667  7.00732e-312
edge_match: 
from 2 to 4 matchnode 84

84 82 2  0.5396  0.8811  0.873333  6.95132e-310
84 331 2  0.5183  0.7722  0.833333  4.02677e-313
from 2 to 4 matchnode 729

729 82 2  0.7524  0.7921  0.846667  6.95132e-310
729 331 2  0.7227  0.6942  0.806667  4.02677e-313
edge_match: 
from 3 to 1 matchnode 286

286 5818 3  0.528352  0.68448  0.5  7.00692e-312
from 3 to 1 matchnode 1067

1067 5818 3  0.779328  0.61008  0.6675  7.00692e-312
edge_match: 
from 4 to 1 matchnode 82

82 5818 3  0.673992  0.741762  0.785  7.00732e-312
from 4 to 1 matchnode 331

331 5818 3  0.55537  0.616032  0.78  7.00732e-312

pattern answer31:
vertex1: 节点个数 1
5831 1 0.69
vertex2: 节点个数 2
84 2 0.72
729 2 0.64
vertex3: 节点个数 2
96 3 0.69
286 3 0.64
vertex4: 节点个数 2
82 4 0.9
118 4 0.84
edge_match: 
from 1 to 3 matchnode 5831

5831 96 3  0.594297  0.6308  0.7  7.00741e-312
5831 286 3  0.620994  0.539649  0.515  7.00741e-312
edge_match: 
from 2 to 4 matchnode 84

84 82 2  0.5396  0.8811  0.873333  6.95132e-310
84 118 3  0.674926  0.8217  0.675  6.95132e-310
from 2 to 4 matchnode 729

729 82 2  0.7524  0.7921  0.846667  6.95132e-310
729 118 3  0.941094  0.7387  0.655  6.95132e-310
edge_match: 
from 3 to 1 matchnode 96

96 5831 3  0.549024  0.77469  0.7925  4.02677e-313
from 3 to 1 matchnode 286

286 5831 3  0.574028  0.6097  0.6225  4.02677e-313
edge_match: 
from 4 to 1 matchnode 82

82 5831 3  0.5733  0.507213  0.5  7.00787e-312
from 4 to 1 matchnode 118

118 5831 2  0.5112  0.675  0.686667  7.00787e-312

pattern answer32:
vertex1: 节点个数 1
5939 1 0.75
vertex2: 节点个数 2
84 2 0.72
729 2 0.64
vertex3: 节点个数 2
96 3 0.69
286 3 0.64
vertex4: 节点个数 2
331 4 0.78
534 4 0.98
edge_match: 
from 1 to 3 matchnode 5939

5939 96 2  0.729  0.8188  0.793333  7.00739e-312
5939 286 3  0.640872  0.592296  0.7875  7.00739e-312
edge_match: 
from 2 to 4 matchnode 84

84 331 2  0.5183  0.7722  0.833333  4.02677e-313
84 534 3  0.542724  0.8613  0.71  4.02677e-313
from 2 to 4 matchnode 729

729 331 2  0.7227  0.6942  0.806667  4.02677e-313
729 534 3  0.756756  0.7743  0.69  4.02677e-313
edge_match: 
from 3 to 1 matchnode 96

96 5939 2  0.9212  0.5976  0.783333  7.00733e-312
from 3 to 1 matchnode 286

286 5939 3  0.758716  0.506232  0.795  7.00733e-312
edge_match: 
from 4 to 1 matchnode 331

331 5939 3  0.64386  0.520128  0.645  7.00739e-312
from 4 to 1 matchnode 534

534 5939 3  0.615244  0.54432  0.695  7.00739e-312

pattern answer33:
vertex1: 节点个数 1
5971 1 0.87
vertex2: 节点个数 2
139 2 0.58
675 2 0.97
vertex3: 节点个数 2
94 3 0.96
100 3 0.97
vertex4: 节点个数 2
118 4 0.84
706 4 0.52
edge_match: 
from 1 to 3 matchnode 5971

5971 94 3  0.717024  0.614592  0.685  7.00739e-312
5971 100 2  0.729  0.6336  0.796667  7.00739e-312
edge_match: 
from 2 to 4 matchnode 139

139 118 3  0.9603  0.68352  0.7175  6.95132e-310
139 706 3  0.825944  0.585144  0.685  7.00738e-312
from 2 to 4 matchnode 675

675 118 3  0.52767  0.5609  0.5675  6.95132e-310
675 706 3  0.536544  0.544896  0.7575  7.00738e-312
edge_match: 
from 3 to 1 matchnode 94

94 5971 3  0.627396  0.57728  0.83  4.02677e-313
from 3 to 1 matchnode 100

100 5971 3  0.51128  0.614304  0.5525  4.02677e-313
edge_match: 
from 4 to 1 matchnode 118

118 5971 3  0.57942  0.505448  0.6975  7.00795e-312
from 4 to 1 matchnode 706

706 5971 3  0.607608  0.75012  0.605  7.00795e-312

pattern answer34:
vertex1: 节点个数 1
5992 1 0.9
vertex2: 节点个数 2
84 2 0.72
675 2 0.97
vertex3: 节点个数 2
94 3 0.96
154 3 0.64
vertex4: 节点个数 2
118 4 0.84
1614 4 0.51
edge_match: 
from 1 to 3 matchnode 5992

5992 94 3  0.561744  0.536331  0.815  7.00739e-312
5992 154 2  0.9016  0.5313  0.796667  7.00739e-312
edge_match: 
from 2 to 4 matchnode 84

84 118 3  0.674926  0.8217  0.675  6.95132e-310
84 1614 2  0.6603  0.7425  0.743333  4.02677e-313
from 2 to 4 matchnode 675

675 118 3  0.52767  0.5609  0.5675  6.95132e-310
675 1614 3  0.551304  0.576  0.7275  4.02677e-313
edge_match: 
from 3 to 1 matchnode 94

94 5992 3  0.7371  0.504252  0.7575  6.95335e-310
from 3 to 1 matchnode 154

154 5992 3  0.577344  0.769761  0.7125  6.95335e-310
edge_match: 
from 4 to 1 matchnode 118

118 5992 3  0.52992  0.537471  0.7325  7.00747e-312
from 4 to 1 matchnode 1614

1614 5992 3  0.602082  0.662904  0.6075  7.00747e-312

pattern answer35:
vertex1: 节点个数 1
6987 1 0.56
vertex2: 节点个数 2
1834 2 0.81
3664 2 0.51
vertex3: 节点个数 2
3760 3 0.7
7515 3 0.87
vertex4: 节点个数 2
4390 4 0.66
5653 4 0.6
edge_match: 
from 1 to 3 matchnode 6987

6987 3760 3  0.673794  0.5236  0.6175  7.0076e-312
6987 7515 2  0.747  0.752  0.65  7.0076e-312
edge_match: 
from 2 to 4 matchnode 1834

1834 4390 3  0.592296  0.5292  0.59  4.02677e-313
1834 5653 3  0.503424  0.557568  0.5925  4.02677e-313
from 2 to 4 matchnode 3664

3664 4390 2  0.7308  0.8036  0.516667  4.02677e-313
3664 5653 3  0.79002  0.67773  0.535  4.02677e-313
edge_match: 
from 3 to 1 matchnode 3760

3760 6987 3  0.529728  0.53222  0.5325  4.02677e-313
from 3 to 1 matchnode 7515

7515 6987 2  0.6417  0.5246  0.69  4.02677e-313
edge_match: 
from 4 to 1 matchnode 4390

4390 6987 3  0.695268  0.55536  0.5225  7.0076e-312
from 4 to 1 matchnode 5653

5653 6987 3  0.525987  0.630036  0.68  7.0076e-312

pattern answer36:
vertex1: 节点个数 1
7002 1 0.87
vertex2: 节点个数 2
1536 2 0.9
1834 2 0.81
vertex3: 节点个数 2
936 3 0.96
1067 3 0.61
vertex4: 节点个数 2
2583 4 0.71
7417 4 0.83
edge_match: 
from 1 to 3 matchnode 7002

7002 936 2  0.6164  0.6696  0.823333  7.00783e-312
7002 1067 2  0.5695  0.8536  0.676667  7.00783e-312
edge_match: 
from 2 to 4 matchnode 1536

1536 2583 2  0.8835  0.9207  0.693333  6.95132e-310
1536 7417 2  0.817  0.8415  0.733333  4.02677e-313
from 2 to 4 matchnode 1834

1834 2583 3  0.81189  0.866016  0.7425  6.95132e-310
1834 7417 3  0.75078  0.79152  0.7725  4.02677e-313
edge_match: 
from 3 to 1 matchnode 936

936 7002 3  0.620136  0.7872  0.7225  4.02677e-313
from 3 to 1 matchnode 1067

1067 7002 3  0.578178  0.50592  0.61  4.02677e-313
edge_match: 
from 4 to 1 matchnode 2583

2583 7002 3  0.697653  0.7776  0.66  7.00755e-312
from 4 to 1 matchnode 7417

7417 7002 3  0.514431  0.8352  0.69  7.00755e-312

pattern answer37:
vertex1: 节点个数 1
7068 1 0.72
vertex2: 节点个数 2
1834 2 0.81
2850 2 0.9
vertex3: 节点个数 2
154 3 0.64
6169 3 0.97
vertex4: 节点个数 2
395 4 0.63
1283 4 0.52
edge_match: 
from 1 to 3 matchnode 7068

7068 154 2  0.7128  0.637  0.543333  7.00755e-312
7068 6169 3  0.598752  0.619262  0.7225  7.00755e-312
edge_match: 
from 2 to 4 matchnode 1834

1834 395 3  0.55692  0.516672  0.615  6.95132e-310
1834 1283 3  0.6723  0.75078  0.8125  4.02677e-313
from 2 to 4 matchnode 2850

2850 395 3  0.65772  0.622656  0.63  6.95132e-310
2850 1283 3  0.821008  0.509712  0.765  4.02677e-313
edge_match: 
from 3 to 1 matchnode 154

154 7068 3  0.61304  0.708246  0.52  4.02677e-313
from 3 to 1 matchnode 6169

6169 7068 3  0.56232  0.6278  0.71  4.02677e-313
edge_match: 
from 4 to 1 matchnode 395

395 7068 3  0.52976  0.504225  0.5625  7.00755e-312
from 4 to 1 matchnode 1283

1283 7068 3  0.52256  0.591008  0.585  7.00755e-312

pattern answer38:
vertex1: 节点个数 1
7311 1 0.6
vertex2: 节点个数 2
1834 2 0.81
5145 2 0.89
vertex3: 节点个数 2
154 3 0.64
286 3 0.64
vertex4: 节点个数 2
641 4 0.83
2305 4 0.71
edge_match: 
from 1 to 3 matchnode 7311

7311 154 3  0.7429  0.512904  0.7475  7.00755e-312
7311 286 3  0.84645  0.620256  0.56  7.00755e-312
edge_match: 
from 2 to 4 matchnode 1834

1834 641 2  0.5913  0.645  0.82  6.95132e-310
1834 2305 3  0.7011  0.598176  0.6525  6.95132e-310
from 2 to 4 matchnode 5145

5145 641 3  0.639576  0.51987  0.8575  6.95132e-310
5145 2305 3  0.77691  0.741024  0.8  6.95132e-310
edge_match: 
from 3 to 1 matchnode 154

154 7311 3  0.505176  0.675924  0.6475  7.00755e-312
from 3 to 1 matchnode 286

286 7311 3  0.61074  0.642224  0.6175  7.00755e-312
edge_match: 
from 4 to 1 matchnode 641

641 7311 3  0.56376  0.682007  0.58  7.00755e-312
from 4 to 1 matchnode 2305

2305 7311 3  0.72036  0.642224  0.635  7.00755e-312

pattern answer39:
vertex1: 节点个数 1
7553 1 0.51
vertex2: 节点个数 2
2419 2 0.62
21621 2 0.66
vertex3: 节点个数 2
936 3 0.96
6895 3 0.64
vertex4: 节点个数 2
118 4 0.84
850 4 0.51
edge_match: 
from 1 to 3 matchnode 7553

7553 936 2  0.8004  0.684  0.703333  7.0076e-312
7553 6895 2  0.697  0.658  0.556667  7.0076e-312
edge_match: 
from 2 to 4 matchnode 2419

2419 118 3  0.743311  0.64906  0.53  6.95132e-310
2419 850 3  0.568032  0.50796  0.51  4.02677e-313
from 2 to 4 matchnode 21621

21621 118 3  0.591945  0.727904  0.7125  6.95132e-310
21621 850 3  0.61446  0.519064  0.525  4.02677e-313
edge_match: 
from 3 to 1 matchnode 936

936 7553 2  0.7304  0.7954  0.663333  4.02677e-313
from 3 to 1 matchnode 6895

6895 7553 2  0.7138  0.5335  0.556667  4.02677e-313
edge_match: 
from 4 to 1 matchnode 118

118 7553 3  0.64408  0.722844  0.5125  7.0076e-312
from 4 to 1 matchnode 850

850 7553 3  0.5229  0.586365  0.635  7.0076e-312

pattern answer40:
vertex1: 节点个数 1
8016 1 0.71
vertex2: 节点个数 2
1536 2 0.9
2346 2 0.93
vertex3: 节点个数 2
5350 3 0.97
26445 3 0.84
vertex4: 节点个数 2
511 4 0.74
3037 4 0.69
edge_match: 
from 1 to 3 matchnode 8016

8016 5350 3  0.619164  0.65286  0.58  7.00786e-312
8016 26445 3  0.501828  0.569244  0.6375  7.00786e-312
edge_match: 
from 2 to 4 matchnode 1536

1536 511 3  0.54093  0.551232  0.5575  4.02677e-313
1536 3037 3  0.52535  0.68904  0.69  7.00717e-312
from 2 to 4 matchnode 2346

2346 511 3  0.516525  0.513825  0.5825  4.02677e-313
2346 3037 3  0.8096  0.513421  0.6175  7.00717e-312
edge_match: 
from 3 to 1 matchnode 5350

5350 8016 3  0.574182  0.516096  0.5775  7.00786e-312
from 3 to 1 matchnode 26445

26445 8016 1  0.65  0.69  0.775  7.00786e-312
edge_match: 
from 4 to 1 matchnode 511

511 8016 2  0.5035  0.561  0.5  7.00786e-312
from 4 to 1 matchnode 3037

3037 8016 3  0.515755  0.588596  0.595  7.00786e-312

pattern answer41:
vertex1: 节点个数 1
8085 1 0.88
vertex2: 节点个数 2
729 2 0.64
1918 2 0.52
vertex3: 节点个数 2
286 3 0.64
1294 3 0.95
vertex4: 节点个数 2
331 4 0.78
511 4 0.74
edge_match: 
from 1 to 3 matchnode 8085

8085 286 3  0.55872  0.660182  0.755  7.00786e-312
8085 1294 3  0.573964  0.595584  0.62  7.00786e-312
edge_match: 
from 2 to 4 matchnode 729

729 331 2  0.7227  0.6942  0.806667  4.02677e-313
729 511 3  0.688842  0.8277  0.63  4.02677e-313
from 2 to 4 matchnode 1918

1918 331 2  0.73  0.7176  0.766667  4.02677e-313
1918 511 3  0.6958  0.8556  0.6  4.02677e-313
edge_match: 
from 3 to 1 matchnode 286

286 8085 3  0.75272  0.50688  0.615  7.00692e-312
from 3 to 1 matchnode 1294

1294 8085 3  0.554648  0.622468  0.75  7.00692e-312
edge_match: 
from 4 to 1 matchnode 331

331 8085 3  0.566396  0.525987  0.87  7.00786e-312
from 4 to 1 matchnode 511

511 8085 2  0.5824  0.5952  0.57  7.00786e-312

pattern answer42:
vertex1: 节点个数 1
8145 1 0.63
vertex2: 节点个数 2
2242 2 0.58
2386 2 0.79
vertex3: 节点个数 2
154 3 0.64
286 3 0.64
vertex4: 节点个数 2
118 4 0.84
410 4 0.74
edge_match: 
from 1 to 3 matchnode 8145

8145 154 3  0.509124  0.652228  0.7025  7.00752e-312
8145 286 3  0.579768  0.694048  0.675  7.00752e-312
edge_match: 
from 2 to 4 matchnode 2242

2242 118 3  0.564816  0.536263  0.585  6.95132e-310
2242 410 1  0.82  0.52  0.66  4.02677e-313
from 2 to 4 matchnode 2386

2386 118 3  0.941094  0.5229  0.6925  6.95132e-310
2386 410 3  0.570312  0.574172  0.72  4.02677e-313
edge_match: 
from 3 to 1 matchnode 154

154 8145 3  0.6231  0.818583  0.6425  7.00692e-312
from 3 to 1 matchnode 286

286 8145 3  0.52611  0.5084  0.56  7.00692e-312
edge_match: 
from 4 to 1 matchnode 118

118 8145 3  0.747  0.704996  0.67  7.00752e-312
from 4 to 1 matchnode 410

410 8145 3  0.75  0.566577  0.6675  7.00752e-312

pattern answer43:
vertex1: 节点个数 1
8557 1 0.89
vertex2: 节点个数 2
84 2 0.72
675 2 0.97
vertex3: 节点个数 2
154 3 0.64
847 3 0.73
vertex4: 节点个数 2
118 4 0.84
1283 4 0.52
edge_match: 
from 1 to 3 matchnode 8557

8557 154 3  0.708488  0.576576  0.6825  7.00752e-312
8557 847 3  0.70907  0.7106  0.785  7.00752e-312
edge_match: 
from 2 to 4 matchnode 84

84 118 3  0.674926  0.8217  0.675  6.95132e-310
84 1283 2  0.6532  0.8118  0.746667  4.02677e-313
from 2 to 4 matchnode 675

675 118 3  0.52767  0.5609  0.5675  6.95132e-310
675 1283 3  0.545376  0.62976  0.73  4.02677e-313
edge_match: 
from 3 to 1 matchnode 154

154 8557 2  0.5292  0.8556  0.836667  4.02677e-313
from 3 to 1 matchnode 847

847 8557 3  0.576576  0.51243  0.7075  4.02677e-313
edge_match: 
from 4 to 1 matchnode 118

118 8557 2  0.602  0.534  0.616667  7.00752e-312
from 4 to 1 matchnode 1283

1283 8557 3  0.717948  0.504897  0.6775  7.00752e-312

pattern answer44:
vertex1: 节点个数 1
9012 1 0.87
vertex2: 节点个数 2
1834 2 0.81
3245 2 0.63
vertex3: 节点个数 2
286 3 0.64
6385 3 0.74
vertex4: 节点个数 2
1598 4 0.84
1614 4 0.51
edge_match: 
from 1 to 3 matchnode 9012

9012 286 3  0.54054  0.679272  0.765  7.00752e-312
9012 6385 3  0.657443  0.53428  0.6525  7.00752e-312
edge_match: 
from 2 to 4 matchnode 1834

1834 1598 3  0.66483  0.717412  0.8925  6.95132e-310
1834 1614 3  0.5358  0.508326  0.785  4.02677e-313
from 2 to 4 matchnode 3245

3245 1598 3  0.678774  0.76095  0.5275  6.95132e-310
3245 1614 3  0.640305  0.534375  0.5425  4.02677e-313
edge_match: 
from 3 to 1 matchnode 286

286 9012 3  0.518245  0.53802  0.6125  4.02677e-313
from 3 to 1 matchnode 6385

6385 9012 3  0.531531  0.6327  0.68  4.02677e-313
edge_match: 
from 4 to 1 matchnode 1598

1598 9012 3  0.681408  0.50778  0.7075  7.00752e-312
from 4 to 1 matchnode 1614

1614 9012 3  0.575484  0.729  0.59  7.00752e-312

pattern answer45:
vertex1: 节点个数 1
9198 1 0.66
vertex2: 节点个数 2
3245 2 0.63
15635 2 0.84
vertex3: 节点个数 2
2413 3 0.81
12860 3 0.58
vertex4: 节点个数 2
118 4 0.84
821 4 0.83
edge_match: 
from 1 to 3 matchnode 9198

9198 2413 3  0.52245  0.51216  0.7475  7.00786e-312
9198 12860 1  0.81  0.97  0.62  7.00786e-312
edge_match: 
from 2 to 4 matchnode 3245

3245 118 3  0.52896  0.5346  0.835  6.95132e-310
3245 821 3  0.551304  0.66123  0.5025  6.95132e-310
from 2 to 4 matchnode 15635

15635 118 3  0.591624  0.601885  0.5025  6.95132e-310
15635 821 3  0.616032  0.811146  0.5575  6.95132e-310
edge_match: 
from 3 to 1 matchnode 2413

2413 9198 3  0.646408  0.88  0.81  4.02677e-313
from 3 to 1 matchnode 12860

12860 9198 1  0.84  0.89  0.62  4.02677e-313
edge_match: 
from 4 to 1 matchnode 118

118 9198 3  0.580448  0.77  0.8175  7.00752e-312
from 4 to 1 matchnode 821

821 9198 3  0.62426  0.546448  0.6525  7.00752e-312

pattern answer46:
vertex1: 节点个数 1
9813 1 0.53
vertex2: 节点个数 2
1918 2 0.52
6520 2 0.81
vertex3: 节点个数 2
8056 3 1
10276 3 0.66
vertex4: 节点个数 2
1268 4 1
1614 4 0.51
edge_match: 
from 1 to 3 matchnode 9813

9813 8056 2  0.6164  0.5187  0.55  7.00752e-312
9813 10276 3  0.664118  0.640704  0.6175  7.00752e-312
edge_match: 
from 2 to 4 matchnode 1918

1918 1268 2  0.53  0.506  0.84  4.02677e-313
1918 1614 2  0.93  0.69  0.676667  4.02677e-313
from 2 to 4 matchnode 6520

6520 1268 3  0.656502  0.568799  0.6175  4.02677e-313
6520 1614 3  0.589248  0.513  0.635  4.02677e-313
edge_match: 
from 3 to 1 matchnode 8056

8056 9813 3  0.539448  0.9215  0.51  4.02677e-313
from 3 to 1 matchnode 10276

10276 9813 3  0.75294  0.603856  0.52  4.02677e-313
edge_match: 
from 4 to 1 matchnode 1268

1268 9813 3  0.5148  0.58045  0.5375  7.00752e-312
from 4 to 1 matchnode 1614

1614 9813 2  0.7254  0.5265  0.67  7.00752e-312

pattern answer47:
vertex1: 节点个数 1
10011 1 0.94
vertex2: 节点个数 2
84 2 0.72
729 2 0.64
vertex3: 节点个数 2
96 3 0.69
154 3 0.64
vertex4: 节点个数 2
331 4 0.78
1582 4 0.94
edge_match: 
from 1 to 3 matchnode 10011

10011 96 3  0.642114  0.667845  0.66  7.00752e-312
10011 154 2  0.6468  0.5775  0.533333  7.00752e-312
edge_match: 
from 2 to 4 matchnode 84

84 331 2  0.5183  0.7722  0.833333  4.02677e-313
84 1582 2  0.5254  0.5841  0.886667  4.02677e-313
from 2 to 4 matchnode 729

729 331 2  0.7227  0.6942  0.806667  4.02677e-313
729 1582 2  0.7326  0.5251  0.86  4.02677e-313
edge_match: 
from 3 to 1 matchnode 96

96 10011 3  0.749616  0.557108  0.6525  4.02677e-313
from 3 to 1 matchnode 154

154 10011 3  0.7372  0.735816  0.56  4.02677e-313
edge_match: 
from 4 to 1 matchnode 331

331 10011 3  0.64152  0.644955  0.535  7.00752e-312
from 4 to 1 matchnode 1582

1582 10011 2  0.5162  0.666  0.856667  7.00752e-312

pattern answer48:
vertex1: 节点个数 1
10251 1 0.71
vertex2: 节点个数 2
84 2 0.72
729 2 0.64
vertex3: 节点个数 2
2325 3 0.95
41474 3 0.54
vertex4: 节点个数 2
118 4 0.84
3354 4 0.95
edge_match: 
from 1 to 3 matchnode 10251

10251 2325 3  0.611618  0.617405  0.7475  7.00786e-312
10251 41474 3  0.686504  0.608685  0.53  7.00786e-312
edge_match: 
from 2 to 4 matchnode 84

84 118 3  0.674926  0.8217  0.675  6.95132e-310
84 3354 3  0.6177  0.660726  0.91  4.02677e-313
from 2 to 4 matchnode 729

729 118 3  0.941094  0.7387  0.655  6.95132e-310
729 3354 3  0.8613  0.593986  0.89  4.02677e-313
edge_match: 
from 3 to 1 matchnode 2325

2325 10251 3  0.548328  0.8439  0.6325  7.0076e-312
from 3 to 1 matchnode 41474

41474 10251 3  0.604407  0.7482  0.53  7.0076e-312
edge_match: 
from 4 to 1 matchnode 118

118 10251 2  0.8556  0.84  0.623333  7.00786e-312
from 4 to 1 matchnode 3354

3354 10251 3  0.598176  0.7656  0.6325  7.00786e-312

pattern answer49:
vertex1: 节点个数 1
10899 1 1
vertex2: 节点个数 2
84 2 0.72
729 2 0.64
vertex3: 节点个数 2
100 3 0.97
1377 3 0.71
vertex4: 节点个数 2
118 4 0.84
331 4 0.78
edge_match: 
from 1 to 3 matchnode 10899

10899 100 3  0.855  0.66339  0.59  7.00786e-312
10899 1377 1  0.72  0.74  0.855  7.00786e-312
edge_match: 
from 2 to 4 matchnode 84

84 118 3  0.674926  0.8217  0.675  6.95132e-310
84 331 2  0.5183  0.7722  0.833333  4.02677e-313
from 2 to 4 matchnode 729

729 118 3  0.941094  0.7387  0.655  6.95132e-310
729 331 2  0.7227  0.6942  0.806667  4.02677e-313
edge_match: 
from 3 to 1 matchnode 100

100 10899 3  0.607959  0.524216  0.83  4.02677e-313
from 3 to 1 matchnode 1377

1377 10899 1  0.83  0.96  0.855  4.02677e-313
edge_match: 
from 4 to 1 matchnode 118

118 10899 2  0.639  0.7912  0.833333  7.00752e-312
from 4 to 1 matchnode 331

331 10899 3  0.58266  0.594432  0.6575  7.00752e-312

pattern answer50:
vertex1: 节点个数 1
11019 1 0.86
vertex2: 节点个数 2
1834 2 0.81
2008 2 0.71
vertex3: 节点个数 2
1067 3 0.61
4603 3 0.55
vertex4: 节点个数 2
2296 4 0.82
2583 4 0.71
edge_match: 
from 1 to 3 matchnode 11019

11019 1067 3  0.678132  0.5292  0.5475  7.00752e-312
11019 4603 3  0.532665  0.603288  0.6225  7.00752e-312
edge_match: 
from 2 to 4 matchnode 1834

1834 2296 2  0.5336  0.55  0.863333  6.95132e-310
1834 2583 3  0.81189  0.866016  0.7425  6.95132e-310
from 2 to 4 matchnode 2008

2008 2296 3  0.61523  0.579215  0.5975  6.95132e-310
2008 2583 3  0.573344  0.52275  0.5175  6.95132e-310
edge_match: 
from 3 to 1 matchnode 1067

1067 11019 3  0.834372  0.65286  0.8425  7.00786e-312
from 3 to 1 matchnode 4603

4603 11019 3  0.51678  0.505197  0.6375  7.00786e-312
edge_match: 
from 4 to 1 matchnode 2296

2296 11019 3  0.87318  0.565812  0.895  7.00752e-312
from 4 to 1 matchnode 2583

2583 11019 3  0.940896  0.53703  0.7575  7.00752e-312

pattern answer51:
vertex1: 节点个数 1
11167 1 0.59
vertex2: 节点个数 2
1834 2 0.81
2386 2 0.79
vertex3: 节点个数 2
5512 3 0.6
17826 3 0.73
vertex4: 节点个数 2
2305 4 0.71
2583 4 0.71
edge_match: 
from 1 to 3 matchnode 11167

11167 5512 3  0.504504  0.515592  0.7575  7.00752e-312
11167 17826 2  0.6708  0.5412  0.72  7.00752e-312
edge_match: 
from 2 to 4 matchnode 1834

1834 2305 3  0.7011  0.598176  0.6525  6.95132e-310
1834 2583 3  0.81189  0.866016  0.7425  6.95132e-310
from 2 to 4 matchnode 2386

2386 2305 3  0.515736  0.649221  0.64  6.95132e-310
2386 2583 3  0.784827  0.866016  0.7375  6.95132e-310
edge_match: 
from 3 to 1 matchnode 5512

5512 11167 3  0.53217  0.63504  0.6125  7.00692e-312
from 3 to 1 matchnode 17826

17826 11167 3  0.50908  0.509184  0.605  7.00692e-312
edge_match: 
from 4 to 1 matchnode 2305

2305 11167 3  0.549909  0.507  0.5525  7.00752e-312
from 4 to 1 matchnode 2583

2583 11167 3  0.502605  0.6664  0.64  7.00752e-312

pattern answer52:
vertex1: 节点个数 1
11238 1 0.56
vertex2: 节点个数 2
84 2 0.72
675 2 0.97
vertex3: 节点个数 2
5350 3 0.97
8056 3 1
vertex4: 节点个数 2
118 4 0.84
1094 4 0.96
edge_match: 
from 1 to 3 matchnode 11238

11238 5350 3  0.5301  0.536928  0.65  7.00786e-312
11238 8056 3  0.63099  0.521136  0.5975  7.00786e-312
edge_match: 
from 2 to 4 matchnode 84

84 118 3  0.674926  0.8217  0.675  6.95132e-310
84 1094 2  0.6319  0.7029  0.893333  6.95132e-310
from 2 to 4 matchnode 675

675 118 3  0.52767  0.5609  0.5675  6.95132e-310
675 1094 3  0.527592  0.54528  0.84  6.95132e-310
edge_match: 
from 3 to 1 matchnode 5350

5350 11238 3  0.6052  0.783275  0.6325  4.02677e-313
from 3 to 1 matchnode 8056

8056 11238 3  0.525525  0.54945  0.83  4.02677e-313
edge_match: 
from 4 to 1 matchnode 118

118 11238 1  0.85  0.64  0.7  7.00786e-312
from 4 to 1 matchnode 1094

1094 11238 3  0.534267  0.55981  0.86  7.00786e-312

pattern answer53:
vertex1: 节点个数 1
11341 1 0.78
vertex2: 节点个数 2
465 2 0.79
729 2 0.64
vertex3: 节点个数 2
96 3 0.69
1294 3 0.95
vertex4: 节点个数 2
118 4 0.84
511 4 0.74
edge_match: 
from 1 to 3 matchnode 11341

11341 96 3  0.610944  0.528612  0.52  7.00752e-312
11341 1294 1  0.53  0.72  0.865  7.00752e-312
edge_match: 
from 2 to 4 matchnode 465

465 118 2  0.8439  0.7221  0.59  6.95132e-310
465 511 2  0.6177  0.8091  0.556667  4.02677e-313
from 2 to 4 matchnode 729

729 118 3  0.941094  0.7387  0.655  6.95132e-310
729 511 3  0.688842  0.8277  0.63  4.02677e-313
edge_match: 
from 3 to 1 matchnode 96

96 11341 2  0.51  0.539  0.7  7.0076e-312
from 3 to 1 matchnode 1294

1294 11341 3  0.684  0.52332  0.755  7.0076e-312
edge_match: 
from 4 to 1 matchnode 118

118 11341 2  0.5643  0.555  0.66  7.00752e-312
from 4 to 1 matchnode 511

511 11341 3  0.501642  0.752495  0.8275  7.00752e-312

pattern answer54:
vertex1: 节点个数 1
11490 1 0.54
vertex2: 节点个数 2
84 2 0.72
675 2 0.97
vertex3: 节点个数 2
2283 3 0.82
2359 3 0.96
vertex4: 节点个数 2
118 4 0.84
1094 4 0.96
edge_match: 
from 1 to 3 matchnode 11490

11490 2283 3  0.528844  0.503712  0.7025  7.00752e-312
11490 2359 3  0.8832  0.715008  0.7375  7.00752e-312
edge_match: 
from 2 to 4 matchnode 84

84 118 3  0.674926  0.8217  0.675  6.95132e-310
84 1094 2  0.6319  0.7029  0.893333  6.95132e-310
from 2 to 4 matchnode 675

675 118 3  0.52767  0.5609  0.5675  6.95132e-310
675 1094 3  0.527592  0.54528  0.84  6.95132e-310
edge_match: 
from 3 to 1 matchnode 2283

2283 11490 3  0.699524  0.67032  0.7175  7.00786e-312
from 3 to 1 matchnode 2359

2359 11490 2  0.7644  0.6536  0.546667  7.00786e-312
edge_match: 
from 4 to 1 matchnode 118

118 11490 3  0.5372  0.809088  0.515  7.00752e-312
from 4 to 1 matchnode 1094

1094 11490 3  0.533262  0.692064  0.51  7.00752e-312

pattern answer55:
vertex1: 节点个数 1
11744 1 0.74
vertex2: 节点个数 2
581 2 0.52
729 2 0.64
vertex3: 节点个数 2
96 3 0.69
2283 3 0.82
vertex4: 节点个数 2
2305 4 0.71
5538 4 0.75
edge_match: 
from 1 to 3 matchnode 11744

11744 96 3  0.5049  0.61232  0.6275  7.00786e-312
11744 2283 3  0.51414  0.650676  0.5025  7.00786e-312
edge_match: 
from 2 to 4 matchnode 581

581 2305 2  0.9306  0.693  0.643333  6.95132e-310
581 5538 2  0.5208  0.7268  0.513333  7.00795e-312
from 2 to 4 matchnode 729

729 2305 3  0.655578  0.61677  0.7925  6.95132e-310
729 5538 3  0.61776  0.556784  0.7925  7.00795e-312
edge_match: 
from 3 to 1 matchnode 96

96 11744 3  0.838292  0.5832  0.6275  4.02677e-313
from 3 to 1 matchnode 2283

2283 11744 3  0.79477  0.656208  0.6975  4.02677e-313
edge_match: 
from 4 to 1 matchnode 2305

2305 11744 2  0.5452  0.72  0.57  7.00786e-312
from 4 to 1 matchnode 5538

5538 11744 3  0.532416  0.571536  0.505  7.00786e-312

pattern answer56:
vertex1: 节点个数 1
11788 1 0.9
vertex2: 节点个数 2
465 2 0.79
729 2 0.64
vertex3: 节点个数 2
96 3 0.69
286 3 0.64
vertex4: 节点个数 2
118 4 0.84
511 4 0.74
edge_match: 
from 1 to 3 matchnode 11788

11788 96 3  0.59655  0.740194  0.535  7.00775e-312
11788 286 3  0.72459  0.715635  0.575  7.00775e-312
edge_match: 
from 2 to 4 matchnode 465

465 118 2  0.8439  0.7221  0.59  6.95132e-310
465 511 2  0.6177  0.8091  0.556667  4.02677e-313
from 2 to 4 matchnode 729

729 118 3  0.941094  0.7387  0.655  6.95132e-310
729 511 3  0.688842  0.8277  0.63  4.02677e-313
edge_match: 
from 3 to 1 matchnode 96

96 11788 3  0.63546  0.838856  0.59  4.02677e-313
from 3 to 1 matchnode 286

286 11788 3  0.666  0.72891  0.69  4.02677e-313
edge_match: 
from 4 to 1 matchnode 118

118 11788 2  0.8448  0.7332  0.736667  7.00731e-312
from 4 to 1 matchnode 511

511 11788 3  0.783  0.761306  0.8625  7.00731e-312

pattern answer57:
vertex1: 节点个数 1
11994 1 0.59
vertex2: 节点个数 2
139 2 0.58
1834 2 0.81
vertex3: 节点个数 2
286 3 0.64
1266 3 0.86
vertex4: 节点个数 2
2305 4 0.71
3037 4 0.69
edge_match: 
from 1 to 3 matchnode 11994

11994 286 3  0.66528  0.54675  0.5175  7.00755e-312
11994 1266 3  0.54054  0.6762  0.5775  7.00755e-312
edge_match: 
from 2 to 4 matchnode 139

139 2305 3  0.61503  0.80352  0.6125  6.95132e-310
139 3037 2  0.8064  0.8811  0.556667  7.00717e-312
from 2 to 4 matchnode 1834

1834 2305 3  0.7011  0.598176  0.6525  6.95132e-310
1834 3037 3  0.75951  0.865628  0.7575  7.00717e-312
edge_match: 
from 3 to 1 matchnode 286

286 11994 3  0.838856  0.557847  0.6175  4.02677e-313
from 3 to 1 matchnode 1266

1266 11994 2  0.9312  0.528  0.53  4.02677e-313
edge_match: 
from 4 to 1 matchnode 2305

2305 11994 3  0.6111  0.518616  0.5275  7.00755e-312
from 4 to 1 matchnode 3037

3037 11994 3  0.612846  0.56252  0.66  7.00755e-312

pattern answer58:
vertex1: 节点个数 1
12050 1 0.97
vertex2: 节点个数 2
3017 2 0.76
5145 2 0.89
vertex3: 节点个数 2
286 3 0.64
533 3 0.99
vertex4: 节点个数 2
147 4 0.78
2305 4 0.71
edge_match: 
from 1 to 3 matchnode 12050

12050 286 3  0.688644  0.561255  0.8475  7.00746e-312
12050 533 3  0.56259  0.657384  0.7825  7.00746e-312
edge_match: 
from 2 to 4 matchnode 3017

3017 147 3  0.528612  0.539539  0.665  6.95132e-310
3017 2305 3  0.79101  0.59598  0.6975  6.95132e-310
from 2 to 4 matchnode 5145

5145 147 2  0.528  0.7252  0.853333  6.95132e-310
5145 2305 3  0.77691  0.741024  0.8  6.95132e-310
edge_match: 
from 3 to 1 matchnode 286

286 12050 3  0.66348  0.525252  0.5625  4.02677e-313
from 3 to 1 matchnode 533

533 12050 2  0.567  0.8099  0.82  4.02677e-313
edge_match: 
from 4 to 1 matchnode 147

147 12050 1  0.61  0.78  0.875  7.00746e-312
from 4 to 1 matchnode 2305

2305 12050 3  0.65835  0.657657  0.78  7.00746e-312

pattern answer59:
vertex1: 节点个数 1
13059 1 0.64
vertex2: 节点个数 2
1536 2 0.9
2101 2 0.5
vertex3: 节点个数 2
6400 3 0.56
9508 3 0.76
vertex4: 节点个数 2
1283 4 0.52
5162 4 0.86
edge_match: 
from 1 to 3 matchnode 13059

13059 6400 1  0.59  0.77  0.6  7.00755e-312
13059 9508 2  0.5192  0.7469  0.653333  7.00755e-312
edge_match: 
from 2 to 4 matchnode 1536

1536 1283 3  0.500544  0.57672  0.5725  4.02677e-313
1536 5162 3  0.551232  0.52398  0.6175  4.02677e-313
from 2 to 4 matchnode 2101

2101 1283 3  0.501696  0.525252  0.66  4.02677e-313
2101 5162 3  0.5805  0.536536  0.59  4.02677e-313
edge_match: 
from 3 to 1 matchnode 6400

6400 13059 1  0.97  0.9  0.6  7.00746e-312
from 3 to 1 matchnode 9508

9508 13059 3  0.673554  0.70965  0.5225  7.00746e-312
edge_match: 
from 4 to 1 matchnode 1283

1283 13059 3  0.580448  0.55692  0.5175  7.00755e-312
from 4 to 1 matchnode 5162

5162 13059 2  0.6528  0.582  0.666667  7.00755e-312

pattern answer60:
vertex1: 节点个数 1
13522 1 0.77
vertex2: 节点个数 2
729 2 0.64
1918 2 0.52
vertex3: 节点个数 2
154 3 0.64
1067 3 0.61
vertex4: 节点个数 2
512 4 0.73
2305 4 0.71
edge_match: 
from 1 to 3 matchnode 13522

13522 154 3  0.67338  0.77  0.715  7.00755e-312
13522 1067 2  0.731  0.6776  0.643333  7.00755e-312
edge_match: 
from 2 to 4 matchnode 729

729 512 2  0.594  0.5963  0.79  6.95132e-310
729 2305 3  0.655578  0.61677  0.7925  6.95132e-310
from 2 to 4 matchnode 1918

1918 512 2  0.6  0.6164  0.75  6.95132e-310
1918 2305 3  0.6622  0.63756  0.7625  6.95132e-310
edge_match: 
from 3 to 1 matchnode 154

154 13522 3  0.523315  0.68607  0.5175  7.00768e-312
from 3 to 1 matchnode 1067

1067 13522 3  0.57316  0.58725  0.67  7.00768e-312
edge_match: 
from 4 to 1 matchnode 512

512 13522 3  0.549575  0.511434  0.5275  7.00755e-312
from 4 to 1 matchnode 2305

2305 13522 3  0.5474  0.71253  0.695  7.00755e-312

pattern answer61:
vertex1: 节点个数 1
13616 1 0.67
vertex2: 节点个数 2
729 2 0.64
1918 2 0.52
vertex3: 节点个数 2
847 3 0.73
1377 3 0.71
vertex4: 节点个数 2
511 4 0.74
1614 4 0.51
edge_match: 
from 1 to 3 matchnode 13616

13616 847 3  0.617526  0.661152  0.6  7.00755e-312
13616 1377 3  0.50787  0.50508  0.57  7.00755e-312
edge_match: 
from 2 to 4 matchnode 729

729 511 3  0.688842  0.8277  0.63  4.02677e-313
729 1614 2  0.9207  0.6675  0.716667  4.02677e-313
from 2 to 4 matchnode 1918

1918 511 3  0.6958  0.8556  0.6  4.02677e-313
1918 1614 2  0.93  0.69  0.676667  4.02677e-313
edge_match: 
from 3 to 1 matchnode 847

847 13616 3  0.79477  0.79249  0.6875  4.02677e-313
from 3 to 1 matchnode 1377

1377 13616 2  0.5934  0.531  0.72  4.02677e-313
edge_match: 
from 4 to 1 matchnode 511

511 13616 3  0.735585  0.72713  0.69  7.00755e-312
from 4 to 1 matchnode 1614

1614 13616 3  0.734825  0.61503  0.515  7.00755e-312

pattern answer62:
vertex1: 节点个数 1
13774 1 0.59
vertex2: 节点个数 2
84 2 0.72
675 2 0.97
vertex3: 节点个数 2
2900 3 0.96
2912 3 0.72
vertex4: 节点个数 2
118 4 0.84
1283 4 0.52
edge_match: 
from 1 to 3 matchnode 13774

13774 2900 3  0.555984  0.56448  0.6275  7.00755e-312
13774 2912 2  0.8232  0.6305  0.73  7.00755e-312
edge_match: 
from 2 to 4 matchnode 84

84 118 3  0.674926  0.8217  0.675  6.95132e-310
84 1283 2  0.6532  0.8118  0.746667  4.02677e-313
from 2 to 4 matchnode 675

675 118 3  0.52767  0.5609  0.5675  6.95132e-310
675 1283 3  0.545376  0.62976  0.73  4.02677e-313
edge_match: 
from 3 to 1 matchnode 2900

2900 13774 2  0.5022  0.644  0.73  7.00692e-312
from 3 to 1 matchnode 2912

2912 13774 3  0.830304  0.622288  0.515  7.00692e-312
edge_match: 
from 4 to 1 matchnode 118

118 13774 3  0.604407  0.685584  0.5625  7.00755e-312
from 4 to 1 matchnode 1283

1283 13774 3  0.501735  0.58604  0.65  7.00755e-312

pattern answer63:
vertex1: 节点个数 1
13839 1 0.64
vertex2: 节点个数 2
3245 2 0.63
15635 2 0.84
vertex3: 节点个数 2
1426 3 0.92
3914 3 0.8
vertex4: 节点个数 2
821 4 0.83
8621 4 0.76
edge_match: 
from 1 to 3 matchnode 13839

13839 1426 3  0.534688  0.575424  0.63  7.00755e-312
13839 3914 2  0.6384  0.874  0.526667  7.00755e-312
edge_match: 
from 2 to 4 matchnode 3245

3245 821 3  0.551304  0.66123  0.5025  6.95132e-310
3245 8621 3  0.52461  0.550732  0.5975  4.02677e-313
from 2 to 4 matchnode 15635

15635 821 3  0.616032  0.811146  0.5575  6.95132e-310
15635 8621 3  0.501552  0.620928  0.565  4.02677e-313
edge_match: 
from 3 to 1 matchnode 1426

1426 13839 2  0.5751  0.5214  0.826667  7.00746e-312
from 3 to 1 matchnode 3914

3914 13839 2  0.7426  0.7055  0.526667  7.00746e-312
edge_match: 
from 4 to 1 matchnode 821

821 13839 2  0.688  0.765  0.556667  7.00755e-312
from 4 to 1 matchnode 8621

8621 13839 2  0.711  0.5976  0.513333  7.00755e-312

pattern answer64:
vertex1: 节点个数 1
14442 1 0.98
vertex2: 节点个数 2
1221 2 0.98
1536 2 0.9
vertex3: 节点个数 2
96 3 0.69
5500 3 0.58
vertex4: 节点个数 2
2583 4 0.71
5162 4 0.86
edge_match: 
from 1 to 3 matchnode 14442

14442 96 2  0.5568  0.5346  0.706667  7.00746e-312
14442 5500 3  0.680427  0.513216  0.6625  7.00746e-312
edge_match: 
from 2 to 4 matchnode 1221

1221 2583 3  0.620994  0.6512  0.7675  6.95132e-310
1221 5162 3  0.571912  0.502756  0.835  4.02677e-313
from 2 to 4 matchnode 1536

1536 2583 2  0.8835  0.9207  0.693333  6.95132e-310
1536 5162 3  0.551232  0.52398  0.6175  4.02677e-313
edge_match: 
from 3 to 1 matchnode 96

96 14442 3  0.559884  0.620024  0.61  4.02677e-313
from 3 to 1 matchnode 5500

5500 14442 3  0.624486  0.647378  0.5825  4.02677e-313
edge_match: 
from 4 to 1 matchnode 2583

2583 14442 3  0.55981  0.55836  0.5675  7.00746e-312
from 4 to 1 matchnode 5162

5162 14442 3  0.689088  0.574434  0.715  7.00746e-312

pattern answer65:
vertex1: 节点个数 1
15542 1 0.64
vertex2: 节点个数 2
675 2 0.97
1536 2 0.9
vertex3: 节点个数 2
1376 3 0.75
2283 3 0.82
vertex4: 节点个数 2
706 4 0.52
1283 4 0.52
edge_match: 
from 1 to 3 matchnode 15542

15542 1376 3  0.697333  0.760032  0.58  7.00746e-312
15542 2283 3  0.536544  0.654265  0.5175  7.00746e-312
edge_match: 
from 2 to 4 matchnode 675

675 706 3  0.536544  0.544896  0.7575  7.00738e-312
675 1283 3  0.545376  0.62976  0.73  4.02677e-313
from 2 to 4 matchnode 1536

1536 706 2  0.6408  0.684  0.59  7.00738e-312
1536 1283 3  0.500544  0.57672  0.5725  4.02677e-313
edge_match: 
from 3 to 1 matchnode 1376

1376 15542 3  0.511056  0.599808  0.5125  7.0076e-312
from 3 to 1 matchnode 2283

2283 15542 3  0.653184  0.63427  0.6575  7.0076e-312
edge_match: 
from 4 to 1 matchnode 706

706 15542 3  0.51465  0.633178  0.64  7.00746e-312
from 4 to 1 matchnode 1283

1283 15542 3  0.64311  0.82992  0.5425  7.00746e-312

pattern answer66:
vertex1: 节点个数 1
15829 1 0.85
vertex2: 节点个数 2
581 2 0.52
2386 2 0.79
vertex3: 节点个数 2
2487 3 0.9
41474 3 0.54
vertex4: 节点个数 2
410 4 0.74
1283 4 0.52
edge_match: 
from 1 to 3 matchnode 15829

15829 2487 1  0.83  0.54  0.875  7.00746e-312
15829 41474 3  0.54448  0.51243  0.5975  7.00746e-312
edge_match: 
from 2 to 4 matchnode 581

581 410 3  0.697  0.5733  0.585  4.02677e-313
581 1283 3  0.62322  0.68085  0.6425  4.02677e-313
from 2 to 4 matchnode 2386

2386 410 3  0.570312  0.574172  0.72  4.02677e-313
2386 1283 3  0.64989  0.75078  0.8075  4.02677e-313
edge_match: 
from 3 to 1 matchnode 2487

2487 15829 1  0.76  0.65  0.875  4.02677e-313
from 3 to 1 matchnode 41474

41474 15829 3  0.62662  0.585488  0.62  4.02677e-313
edge_match: 
from 4 to 1 matchnode 410

410 15829 3  0.634452  0.670824  0.7275  7.00746e-312
from 4 to 1 matchnode 1283

1283 15829 3  0.67032  0.6336  0.5875  7.00746e-312

pattern answer67:
vertex1: 节点个数 1
16331 1 0.64
vertex2: 节点个数 2
84 2 0.72
729 2 0.64
vertex3: 节点个数 2
2283 3 0.82
8056 3 1
vertex4: 节点个数 2
82 4 0.9
91 4 0.93
edge_match: 
from 1 to 3 matchnode 16331

16331 2283 3  0.518154  0.501248  0.525  7.0076e-312
16331 8056 3  0.545376  0.5824  0.5375  7.0076e-312
edge_match: 
from 2 to 4 matchnode 84

84 82 2  0.5396  0.8811  0.873333  6.95132e-310
84 91 2  0.6992  0.9114  0.563333  7.00767e-312
from 2 to 4 matchnode 729

729 82 2  0.7524  0.7921  0.846667  6.95132e-310
729 91 3  0.77616  0.8099  0.6775  7.00767e-312
edge_match: 
from 3 to 1 matchnode 2283

2283 16331 3  0.7866  0.756462  0.705  4.02677e-313
from 3 to 1 matchnode 8056

8056 16331 2  0.8372  0.9021  0.676667  4.02677e-313
edge_match: 
from 4 to 1 matchnode 82

82 16331 3  0.767464  0.76167  0.655  7.0076e-312
from 4 to 1 matchnode 91

91 16331 3  0.75854  0.7533  0.6625  7.0076e-312

pattern answer68:
vertex1: 节点个数 1
16535 1 0.83
vertex2: 节点个数 2
3017 2 0.76
3245 2 0.63
vertex3: 节点个数 2
154 3 0.64
1067 3 0.61
vertex4: 节点个数 2
821 4 0.83
6110 4 0.64
edge_match: 
from 1 to 3 matchnode 16535

16535 154 3  0.57038  0.51987  0.6175  7.00746e-312
16535 1067 3  0.51243  0.656208  0.6825  7.00746e-312
edge_match: 
from 2 to 4 matchnode 3017

3017 821 3  0.561255  0.567858  0.595  6.95132e-310
3017 6110 3  0.544  0.5934  0.5925  4.02677e-313
from 2 to 4 matchnode 3245

3245 821 3  0.551304  0.66123  0.5025  6.95132e-310
3245 6110 3  0.680064  0.57086  0.5  4.02677e-313
edge_match: 
from 3 to 1 matchnode 154

154 16535 3  0.617405  0.689088  0.76  4.02677e-313
from 3 to 1 matchnode 1067

1067 16535 3  0.512952  0.51216  0.5075  4.02677e-313
edge_match: 
from 4 to 1 matchnode 821

821 16535 3  0.591945  0.586656  0.8075  7.00746e-312
from 4 to 1 matchnode 6110

6110 16535 3  0.512818  0.708488  0.6475  7.00746e-312

pattern answer69:
vertex1: 节点个数 1
16540 1 0.71
vertex2: 节点个数 2
84 2 0.72
729 2 0.64
vertex3: 节点个数 2
154 3 0.64
1067 3 0.61
vertex4: 节点个数 2
331 4 0.78
1283 4 0.52
edge_match: 
from 1 to 3 matchnode 16540

16540 154 3  0.5472  0.52569  0.7175  7.00755e-312
16540 1067 3  0.63342  0.592704  0.51  7.00755e-312
edge_match: 
from 2 to 4 matchnode 84

84 331 2  0.5183  0.7722  0.833333  4.02677e-313
84 1283 2  0.6532  0.8118  0.746667  4.02677e-313
from 2 to 4 matchnode 729

729 331 2  0.7227  0.6942  0.806667  4.02677e-313
729 1283 2  0.9108  0.7298  0.72  4.02677e-313
edge_match: 
from 3 to 1 matchnode 154

154 16540 3  0.60528  0.672672  0.5525  4.02677e-313
from 3 to 1 matchnode 1067

1067 16540 3  0.512442  0.520128  0.615  4.02677e-313
edge_match: 
from 4 to 1 matchnode 331

331 16540 3  0.5544  0.752463  0.525  7.00755e-312
from 4 to 1 matchnode 1283

1283 16540 3  0.670464  0.551232  0.66  7.00755e-312

pattern answer70:
vertex1: 节点个数 1
16851 1 1
vertex2: 节点个数 2
2101 2 0.5
3183 2 0.63
vertex3: 节点个数 2
154 3 0.64
286 3 0.64
vertex4: 节点个数 2
1283 4 0.52
1382 4 0.87
edge_match: 
from 1 to 3 matchnode 16851

16851 154 3  0.569296  0.51992  0.665  7.00755e-312
16851 286 3  0.648  0.52488  0.75  7.00755e-312
edge_match: 
from 2 to 4 matchnode 2101

2101 1283 3  0.501696  0.525252  0.66  4.02677e-313
2101 1382 3  0.53298  0.5976  0.775  4.02677e-313
from 2 to 4 matchnode 3183

3183 1283 3  0.786968  0.64288  0.7275  4.02677e-313
3183 1382 3  0.5145  0.59598  0.51  4.02677e-313
edge_match: 
from 3 to 1 matchnode 154

154 16851 3  0.662872  0.55096  0.615  7.00746e-312
from 3 to 1 matchnode 286

286 16851 3  0.553472  0.6208  0.7875  7.00746e-312
edge_match: 
from 4 to 1 matchnode 1283

1283 16851 3  0.764845  0.504504  0.68  7.00755e-312
from 4 to 1 matchnode 1382

1382 16851 3  0.67716  0.640332  0.76  7.00755e-312

pattern answer71:
vertex1: 节点个数 1
16864 1 0.84
vertex2: 节点个数 2
84 2 0.72
581 2 0.52
vertex3: 节点个数 2
94 3 0.96
2929 3 0.53
vertex4: 节点个数 2
1283 4 0.52
1990 4 0.84
edge_match: 
from 1 to 3 matchnode 16864

16864 94 3  0.587044  0.526904  0.6825  7.00755e-312
16864 2929 3  0.56448  0.52668  0.5725  7.00755e-312
edge_match: 
from 2 to 4 matchnode 84

84 1283 2  0.6532  0.8118  0.746667  4.02677e-313
84 1990 3  0.55309  0.769824  0.7825  4.02677e-313
from 2 to 4 matchnode 581

581 1283 3  0.62322  0.68085  0.6425  4.02677e-313
581 1990 3  0.50102  0.69984  0.6575  4.02677e-313
edge_match: 
from 3 to 1 matchnode 94

94 16864 2  0.6912  0.65  0.633333  4.02677e-313
from 3 to 1 matchnode 2929

2929 16864 3  0.606424  0.501208  0.5925  4.02677e-313
edge_match: 
from 4 to 1 matchnode 1283

1283 16864 3  0.668039  0.838656  0.6825  7.00755e-312
from 4 to 1 matchnode 1990

1990 16864 3  0.50127  0.609336  0.7925  7.00755e-312

pattern answer72:
vertex1: 节点个数 1
17078 1 0.93
vertex2: 节点个数 2
84 2 0.72
581 2 0.52
vertex3: 节点个数 2
96 3 0.69
2283 3 0.82
vertex4: 节点个数 2
1094 4 0.96
1990 4 0.84
edge_match: 
from 1 to 3 matchnode 17078

17078 96 3  0.557175  0.55029  0.6875  7.00746e-312
17078 2283 2  0.8075  0.663  0.686667  7.00746e-312
edge_match: 
from 2 to 4 matchnode 84

84 1094 2  0.6319  0.7029  0.893333  6.95132e-310
84 1990 3  0.55309  0.769824  0.7825  4.02677e-313
from 2 to 4 matchnode 581

581 1094 2  0.5828  0.522  0.726667  6.95132e-310
581 1990 3  0.50102  0.69984  0.6575  4.02677e-313
edge_match: 
from 3 to 1 matchnode 96

96 17078 2  0.6622  0.6205  0.643333  7.00746e-312
from 3 to 1 matchnode 2283

2283 17078 2  0.8342  0.765  0.686667  7.00746e-312
edge_match: 
from 4 to 1 matchnode 1094

1094 17078 3  0.539392  0.518245  0.5725  7.00755e-312
from 4 to 1 matchnode 1990

1990 17078 2  0.8084  0.5695  0.693333  7.00755e-312

pattern answer73:
vertex1: 节点个数 1
17849 1 0.65
vertex2: 节点个数 2
1834 2 0.81
2008 2 0.71
vertex3: 节点个数 2
286 3 0.64
66657 3 0.91
vertex4: 节点个数 2
2296 4 0.82
2583 4 0.71
edge_match: 
from 1 to 3 matchnode 17849

17849 286 3  0.753786  0.53196  0.5375  7.00746e-312
17849 66657 1  0.92  0.82  0.78  7.00746e-312
edge_match: 
from 2 to 4 matchnode 1834

1834 2296 2  0.5336  0.55  0.863333  6.95132e-310
1834 2583 3  0.81189  0.866016  0.7425  6.95132e-310
from 2 to 4 matchnode 2008

2008 2296 3  0.61523  0.579215  0.5975  6.95132e-310
2008 2583 3  0.573344  0.52275  0.5175  6.95132e-310
edge_match: 
from 3 to 1 matchnode 286

286 17849 3  0.53508  0.70848  0.5075  7.00755e-312
from 3 to 1 matchnode 66657

66657 17849 1  0.62  0.91  0.78  7.00755e-312
edge_match: 
from 4 to 1 matchnode 2296

2296 17849 3  0.795522  0.616616  0.5825  7.00746e-312
from 4 to 1 matchnode 2583

2583 17849 3  0.536796  0.501248  0.535  7.00746e-312

pattern answer74:
vertex1: 节点个数 1
17987 1 0.52
vertex2: 节点个数 2
729 2 0.64
1918 2 0.52
vertex3: 节点个数 2
4818 3 0.82
5512 3 0.6
vertex4: 节点个数 2
331 4 0.78
1366 4 0.77
edge_match: 
from 1 to 3 matchnode 17987

17987 4818 2  0.5896  0.5307  0.713333  7.00755e-312
17987 5512 3  0.591822  0.754272  0.5875  7.00755e-312
edge_match: 
from 2 to 4 matchnode 729

729 331 2  0.7227  0.6942  0.806667  4.02677e-313
729 1366 3  0.553014  0.7298  0.6375  7.00764e-312
from 2 to 4 matchnode 1918

1918 331 2  0.73  0.7176  0.766667  4.02677e-313
1918 1366 3  0.5586  0.7544  0.6075  7.00764e-312
edge_match: 
from 3 to 1 matchnode 4818

4818 17987 3  0.511872  0.642669  0.7475  7.00746e-312
from 3 to 1 matchnode 5512

5512 17987 3  0.6384  0.58653  0.575  7.00746e-312
edge_match: 
from 4 to 1 matchnode 331

331 17987 3  0.617308  0.526884  0.7875  7.00755e-312
from 4 to 1 matchnode 1366

1366 17987 2  0.8428  0.5478  0.713333  7.00755e-312

pattern answer75:
vertex1: 节点个数 1
18816 1 0.92
vertex2: 节点个数 2
3183 2 0.63
12853 2 0.85
vertex3: 节点个数 2
2325 3 0.95
41474 3 0.54
vertex4: 节点个数 2
1366 4 0.77
1382 4 0.87
edge_match: 
from 1 to 3 matchnode 18816

18816 2325 3  0.504336  0.556974  0.8125  7.0076e-312
18816 41474 3  0.5904  0.671553  0.7325  7.0076e-312
edge_match: 
from 2 to 4 matchnode 3183

3183 1366 2  0.7225  0.6177  0.546667  7.00764e-312
3183 1382 3  0.5145  0.59598  0.51  4.02677e-313
from 2 to 4 matchnode 12853

12853 1366 1  0.73  0.65  0.81  7.00764e-312
12853 1382 3  0.57904  0.7128  0.8625  4.02677e-313
edge_match: 
from 3 to 1 matchnode 2325

2325 18816 3  0.635008  0.57618  0.7  4.02677e-313
from 3 to 1 matchnode 41474

41474 18816 3  0.699952  0.51084  0.5975  4.02677e-313
edge_match: 
from 4 to 1 matchnode 1366

1366 18816 3  0.5104  0.5076  0.5925  7.0076e-312
from 4 to 1 matchnode 1382

1382 18816 3  0.8712  0.55836  0.6175  7.0076e-312

pattern answer76:
vertex1: 节点个数 1
18944 1 0.87
vertex2: 节点个数 2
84 2 0.72
729 2 0.64
vertex3: 节点个数 2
154 3 0.64
991 3 0.67
vertex4: 节点个数 2
82 4 0.9
331 4 0.78
edge_match: 
from 1 to 3 matchnode 18944

18944 154 3  0.735816  0.643188  0.63  7.00746e-312
18944 991 3  0.51216  0.569088  0.59  7.00746e-312
edge_match: 
from 2 to 4 matchnode 84

84 82 2  0.5396  0.8811  0.873333  6.95132e-310
84 331 2  0.5183  0.7722  0.833333  4.02677e-313
from 2 to 4 matchnode 729

729 82 2  0.7524  0.7921  0.846667  6.95132e-310
729 331 2  0.7227  0.6942  0.806667  4.02677e-313
edge_match: 
from 3 to 1 matchnode 154

154 18944 3  0.792232  0.62775  0.7625  7.0076e-312
from 3 to 1 matchnode 991

991 18944 2  0.5762  0.5187  0.62  7.0076e-312
edge_match: 
from 4 to 1 matchnode 82

82 18944 3  0.743728  0.665322  0.8475  7.00755e-312
from 4 to 1 matchnode 331

331 18944 3  0.75852  0.643188  0.5775  7.00755e-312

pattern answer77:
vertex1: 节点个数 1
21222 1 0.89
vertex2: 节点个数 2
1216 2 0.61
1536 2 0.9
vertex3: 节点个数 2
154 3 0.64
2900 3 0.96
vertex4: 节点个数 2
1094 4 0.96
1779 4 0.66
edge_match: 
from 1 to 3 matchnode 21222

21222 154 3  0.7392  0.50274  0.5925  7.00746e-312
21222 2900 3  0.604221  0.8316  0.82  7.00746e-312
edge_match: 
from 2 to 4 matchnode 1216

1216 1094 2  0.5251  0.6887  0.856667  6.95132e-310
1216 1779 2  0.7533  0.546  0.553333  6.95132e-310
from 2 to 4 matchnode 1536

1536 1094 2  0.6912  0.711  0.736667  6.95132e-310
1536 1779 3  0.55575  0.705672  0.7  6.95132e-310
edge_match: 
from 3 to 1 matchnode 154

154 21222 3  0.762129  0.503496  0.81  4.02677e-313
from 3 to 1 matchnode 2900

2900 21222 3  0.517275  0.546186  0.7075  4.02677e-313
edge_match: 
from 4 to 1 matchnode 1094

1094 21222 3  0.5586  0.5103  0.5225  7.00746e-312
from 4 to 1 matchnode 1779

1779 21222 3  0.738558  0.5103  0.815  7.00746e-312

pattern answer78:
vertex1: 节点个数 1
24237 1 0.97
vertex2: 节点个数 2
84 2 0.72
2850 2 0.9
vertex3: 节点个数 2
286 3 0.64
5550 3 0.86
vertex4: 节点个数 2
1283 4 0.52
4940 4 0.65
edge_match: 
from 1 to 3 matchnode 24237

24237 286 3  0.68796  0.597432  0.79  7.00746e-312
24237 5550 3  0.874552  0.61028  0.7475  7.00746e-312
edge_match: 
from 2 to 4 matchnode 84

84 1283 2  0.6532  0.8118  0.746667  4.02677e-313
84 4940 3  0.506798  0.51084  0.835  4.02677e-313
from 2 to 4 matchnode 2850

2850 1283 3  0.821008  0.509712  0.765  4.02677e-313
2850 4940 3  0.547468  0.50052  0.7675  4.02677e-313
edge_match: 
from 3 to 1 matchnode 286

286 24237 3  0.52416  0.51086  0.57  4.02677e-313
from 3 to 1 matchnode 5550

5550 24237 2  0.629  0.534  0.853333  4.02677e-313
edge_match: 
from 4 to 1 matchnode 1283

1283 24237 2  0.5135  0.91  0.78  7.00746e-312
from 4 to 1 matchnode 4940

4940 24237 3  0.508365  0.8372  0.7475  7.00746e-312

pattern answer79:
vertex1: 节点个数 1
24652 1 0.94
vertex2: 节点个数 2
729 2 0.64
1199 2 0.51
vertex3: 节点个数 2
2413 3 0.81
6169 3 0.97
vertex4: 节点个数 2
91 4 0.93
1699 4 0.82
edge_match: 
from 1 to 3 matchnode 24652

24652 2413 3  0.642528  0.617136  0.745  7.00755e-312
24652 6169 3  0.784392  0.516516  0.7175  7.00755e-312
edge_match: 
from 2 to 4 matchnode 729

729 91 3  0.77616  0.8099  0.6775  7.00767e-312
729 1699 2  0.6237  0.801  0.82  4.02677e-313
from 2 to 4 matchnode 1199

1199 91 3  0.7056  0.5369  0.645  7.00767e-312
1199 1699 2  0.567  0.531  0.776667  4.02677e-313
edge_match: 
from 3 to 1 matchnode 2413

2413 24652 3  0.717024  0.57888  0.5575  7.0076e-312
from 3 to 1 matchnode 6169

6169 24652 3  0.684  0.720322  0.67  7.0076e-312
edge_match: 
from 4 to 1 matchnode 91

91 24652 2  0.6873  0.7068  0.786667  7.00755e-312
from 4 to 1 matchnode 1699

1699 24652 3  0.54027  0.524799  0.735  7.00755e-312

pattern answer80:
vertex1: 节点个数 1
25103 1 0.8
vertex2: 节点个数 2
4956 2 0.79
5145 2 0.89
vertex3: 节点个数 2
6415 3 0.73
17848 3 0.99
vertex4: 节点个数 2
19298 4 0.93
20727 4 0.57
edge_match: 
from 1 to 3 matchnode 25103

25103 6415 3  0.565704  0.817344  0.51  7.00746e-312
25103 17848 3  0.50232  0.516436  0.595  7.00746e-312
edge_match: 
from 2 to 4 matchnode 4956

4956 19298 3  0.606832  0.59808  0.745  6.95132e-310
4956 20727 2  0.6256  0.623  0.683333  7.00755e-312
from 2 to 4 matchnode 5145

5145 19298 3  0.51324  0.52416  0.525  6.95132e-310
5145 20727 3  0.519792  0.55776  0.6525  7.00755e-312
edge_match: 
from 3 to 1 matchnode 6415

6415 25103 3  0.50813  0.727748  0.7275  7.00746e-312
from 3 to 1 matchnode 17848

17848 25103 2  0.5104  0.741  0.616667  7.00746e-312
edge_match: 
from 4 to 1 matchnode 19298

19298 25103 1  0.62  0.61  0.865  7.00746e-312
from 4 to 1 matchnode 20727

20727 25103 2  0.6014  0.5856  0.766667  7.00746e-312

pattern answer81:
vertex1: 节点个数 1
25149 1 0.55
vertex2: 节点个数 2
84 2 0.72
675 2 0.97
vertex3: 节点个数 2
2413 3 0.81
6169 3 0.97
vertex4: 节点个数 2
118 4 0.84
1614 4 0.51
edge_match: 
from 1 to 3 matchnode 25149

25149 2413 3  0.853776  0.610736  0.6  7.0076e-312
25149 6169 2  0.882  0.6536  0.746667  7.0076e-312
edge_match: 
from 2 to 4 matchnode 84

84 118 3  0.674926  0.8217  0.675  6.95132e-310
84 1614 2  0.6603  0.7425  0.743333  4.02677e-313
from 2 to 4 matchnode 675

675 118 3  0.52767  0.5609  0.5675  6.95132e-310
675 1614 3  0.551304  0.576  0.7275  4.02677e-313
edge_match: 
from 3 to 1 matchnode 2413

2413 25149 3  0.80997  0.524768  0.6  4.02677e-313
from 3 to 1 matchnode 6169

6169 25149 2  0.5481  0.5642  0.6  4.02677e-313
edge_match: 
from 4 to 1 matchnode 118

118 25149 3  0.521074  0.52808  0.5475  7.0076e-312
from 4 to 1 matchnode 1614

1614 25149 3  0.508862  0.602784  0.5575  7.0076e-312

pattern answer82:
vertex1: 节点个数 1
25583 1 0.81
vertex2: 节点个数 2
465 2 0.79
729 2 0.64
vertex3: 节点个数 2
96 3 0.69
6169 3 0.97
vertex4: 节点个数 2
118 4 0.84
511 4 0.74
edge_match: 
from 1 to 3 matchnode 25583

25583 96 3  0.506  0.538265  0.6425  7.00746e-312
25583 6169 3  0.65142  0.673596  0.845  7.00746e-312
edge_match: 
from 2 to 4 matchnode 465

465 118 2  0.8439  0.7221  0.59  6.95132e-310
465 511 2  0.6177  0.8091  0.556667  4.02677e-313
from 2 to 4 matchnode 729

729 118 3  0.941094  0.7387  0.655  6.95132e-310
729 511 3  0.688842  0.8277  0.63  4.02677e-313
edge_match: 
from 3 to 1 matchnode 96

96 25583 3  0.665973  0.558012  0.6975  4.02677e-313
from 3 to 1 matchnode 6169

6169 25583 3  0.596781  0.61152  0.7675  4.02677e-313
edge_match: 
from 4 to 1 matchnode 118

118 25583 3  0.54126  0.673374  0.835  7.00755e-312
from 4 to 1 matchnode 511

511 25583 3  0.550188  0.534534  0.88  7.00755e-312

pattern answer83:
vertex1: 节点个数 1
28786 1 1
vertex2: 节点个数 2
1536 2 0.9
1834 2 0.81
vertex3: 节点个数 2
2413 3 0.81
17848 3 0.99
vertex4: 节点个数 2
1283 4 0.52
3037 4 0.69
edge_match: 
from 1 to 3 matchnode 28786

28786 2413 3  0.507122  0.728  0.5325  7.00746e-312
28786 17848 3  0.513324  0.55944  0.98  7.00746e-312
edge_match: 
from 2 to 4 matchnode 1536

1536 1283 3  0.500544  0.57672  0.5725  4.02677e-313
1536 3037 3  0.52535  0.68904  0.69  7.00717e-312
from 2 to 4 matchnode 1834

1834 1283 3  0.6723  0.75078  0.8125  4.02677e-313
1834 3037 3  0.75951  0.865628  0.7575  7.00717e-312
edge_match: 
from 3 to 1 matchnode 2413

2413 28786 3  0.601506  0.90288  0.5225  4.02677e-313
from 3 to 1 matchnode 17848

17848 28786 3  0.711711  0.698445  0.6775  4.02677e-313
edge_match: 
from 4 to 1 matchnode 1283

1283 28786 3  0.548596  0.574992  0.69  7.00746e-312
from 4 to 1 matchnode 3037

3037 28786 3  0.506943  0.590436  0.5175  7.00746e-312

pattern answer84:
vertex1: 节点个数 1
39629 1 0.54
vertex2: 节点个数 2
84 2 0.72
1538 2 0.61
vertex3: 节点个数 2
2413 3 0.81
9508 3 0.76
vertex4: 节点个数 2
4327 4 0.94
8593 4 0.92
edge_match: 
from 1 to 3 matchnode 39629

39629 2413 3  0.706662  0.571736  0.7775  7.00746e-312
39629 9508 3  0.680432  0.801504  0.595  7.00746e-312
edge_match: 
from 2 to 4 matchnode 84

84 4327 3  0.619262  0.53064  0.77  6.95132e-310
84 8593 3  0.585395  0.9207  0.67  7.00755e-312
from 2 to 4 matchnode 1538

1538 4327 3  0.58212  0.52871  0.6175  6.95132e-310
1538 8593 3  0.585395  0.7719  0.6425  7.00755e-312
edge_match: 
from 3 to 1 matchnode 2413

2413 39629 3  0.715204  0.580336  0.77  4.02677e-313
from 3 to 1 matchnode 9508

9508 39629 2  0.7298  0.6308  0.756667  4.02677e-313
edge_match: 
from 4 to 1 matchnode 4327

4327 39629 2  0.6806  0.5548  0.816667  7.00746e-312
from 4 to 1 matchnode 8593

8593 39629 3  0.531657  0.557496  0.56  7.00746e-312

