pattern answer1:
vertex1: 节点个数 1
69 1 0.61
vertex2: 节点个数 2
1834 2 0.81
2101 2 0.5
vertex3: 节点个数 2
2413 3 0.81
6169 3 0.97
vertex4: 节点个数 2
82 4 0.9
118 4 0.84
edge_match: 
from 1 to 2 matchnode 69

69 1834 2  0.7544  0.8811  0.616667  1.20042e-311
69 2101 1  0.66  0.85  0.555  1.20042e-311
from 1 to 4 matchnode 69

69 82 3  0.65142  0.530145  0.5725  1.20047e-311
69 118 2  0.558  0.7462  0.666667  1.20047e-311
edge_match: 
from 2 to 1 matchnode 1834

1834 69 3  0.54873  0.7081  0.8075  3.39527e-312
from 2 to 3 matchnode 1834

1834 2413 3  0.629552  0.76048  0.6375  1.20047e-311
1834 6169 3  0.62748  0.820224  0.7325  1.20047e-311
from 2 to 4 matchnode 1834

1834 82 3  0.566048  0.543879  0.7225  6.95128e-310
1834 118 2  0.7568  0.5609  0.56  1.20048e-311
from 2 to 1 matchnode 2101

2101 69 3  0.741312  0.556248  0.6725  3.39527e-312
from 2 to 3 matchnode 2101

2101 2413 2  0.7008  0.8918  0.686667  1.20047e-311
2101 6169 3  0.561216  0.569296  0.6975  1.20047e-311
from 2 to 4 matchnode 2101

2101 82 2  0.8928  0.6231  0.566667  6.95128e-310
2101 118 3  0.74214  0.533984  0.7575  1.20048e-311
edge_match: 
from 3 to 1 matchnode 2413

2413 69 2  0.8134  0.5104  0.803333  1.20051e-311
from 3 to 2 matchnode 2413

2413 1834 2  0.7905  0.7546  0.71  6.95128e-310
2413 2101 2  0.624  0.6279  0.746667  1.20047e-311
from 3 to 4 matchnode 2413

2413 82 3  0.594776  0.526435  0.835  1.20048e-311
2413 118 3  0.633216  0.626688  0.695  1.20048e-311
from 3 to 1 matchnode 6169

6169 69 2  0.7029  0.86  0.706667  1.20051e-311
from 3 to 2 matchnode 6169

6169 1834 3  0.55944  0.632256  0.7175  6.95128e-310
6169 2101 3  0.54873  0.502848  0.54  1.20047e-311
from 3 to 4 matchnode 6169

6169 82 3  0.529416  0.607425  0.725  1.20048e-311
6169 118 2  0.7098  0.6318  0.78  1.20048e-311
edge_match: 
from 4 to 1 matchnode 82

82 69 3  0.834372  0.793702  0.7275  1.20052e-311
from 4 to 3 matchnode 82

82 2413 3  0.519156  0.622398  0.785  1.2005e-311
82 6169 3  0.81972  0.690606  0.835  1.2005e-311
from 4 to 1 matchnode 118

118 69 3  0.590976  0.72576  0.5325  1.20052e-311
from 4 to 3 matchnode 118

118 2413 2  0.8118  0.6402  0.743333  1.20042e-311
118 6169 3  0.71136  0.61074  0.8425  1.20042e-311

pattern answer2:
vertex1: 节点个数 1
411 1 0.91
vertex2: 节点个数 2
2386 2 0.79
2850 2 0.9
vertex3: 节点个数 2
2283 3 0.82
5598 3 0.58
vertex4: 节点个数 2
5162 4 0.86
5538 4 0.75
edge_match: 
from 1 to 2 matchnode 411

411 2386 3  0.50813  0.530299  0.645  1.20042e-311
411 2850 2  0.6716  0.5106  0.786667  1.20042e-311
from 1 to 4 matchnode 411

411 5162 3  0.665812  0.800832  0.6475  1.20047e-311
411 5538 3  0.504896  0.743311  0.6475  1.20047e-311
edge_match: 
from 2 to 1 matchnode 2386

2386 411 2  0.5148  0.7315  0.796667  1.20043e-311
from 2 to 3 matchnode 2386

2386 2283 2  0.8514  0.6237  0.87  1.20054e-311
2386 5598 3  0.673552  0.735648  0.69  1.20054e-311
from 2 to 4 matchnode 2386

2386 5162 3  0.52065  0.60192  0.8075  6.95128e-310
2386 5538 1  0.78  0.97  0.77  1.2005e-311
from 2 to 1 matchnode 2850

2850 411 2  0.5917  0.776  0.786667  1.20043e-311
from 2 to 3 matchnode 2850

2850 2283 3  0.767464  0.615384  0.84  1.20053e-311
2850 5598 3  0.549712  0.629856  0.7575  1.20053e-311
from 2 to 4 matchnode 2850

2850 5162 3  0.52614  0.56916  0.65  6.95128e-310
2850 5538 2  0.6536  0.6438  0.753333  1.2005e-311
edge_match: 
from 3 to 1 matchnode 2283

2283 411 3  0.563436  0.582552  0.7725  1.20047e-311
from 3 to 2 matchnode 2283

2283 2386 3  0.65949  0.838488  0.71  6.95128e-310
2283 2850 3  0.874  0.715792  0.8625  1.20052e-311
from 3 to 4 matchnode 2283

2283 5162 2  0.6862  0.87  0.693333  1.20049e-311
2283 5538 2  0.7326  0.9024  0.73  1.20049e-311
from 3 to 1 matchnode 5598

5598 411 3  0.53856  0.507892  0.6075  1.20047e-311
from 3 to 2 matchnode 5598

5598 2386 3  0.8184  0.747  0.605  6.95128e-310
5598 2850 3  0.610236  0.507056  0.5825  1.20052e-311
from 3 to 4 matchnode 5598

5598 5162 3  0.503624  0.638636  0.735  1.20049e-311
5598 5538 3  0.648  0.642669  0.525  1.20049e-311
edge_match: 
from 4 to 1 matchnode 5162

5162 411 3  0.527472  0.63612  0.7825  1.20054e-311
from 4 to 3 matchnode 5162

5162 2283 2  0.6912  0.9021  0.726667  1.20054e-311
5162 5598 3  0.6984  0.574434  0.615  1.20054e-311
from 4 to 1 matchnode 5538

5538 411 3  0.60912  0.6156  0.8625  1.20054e-311
from 4 to 3 matchnode 5538

5538 2283 3  0.502386  0.731276  0.8175  1.20048e-311
5538 5598 3  0.50949  0.6141  0.5025  1.20048e-311

pattern answer3:
vertex1: 节点个数 1
538 1 0.88
vertex2: 节点个数 2
2386 2 0.79
2850 2 0.9
vertex3: 节点个数 2
154 3 0.64
6169 3 0.97
vertex4: 节点个数 2
82 4 0.9
91 4 0.93
edge_match: 
from 1 to 2 matchnode 538

538 2386 2  0.5751  0.728  0.883333  1.20051e-311
538 2850 3  0.658168  0.6162  0.9125  1.20051e-311
from 1 to 4 matchnode 538

538 82 2  0.7448  0.6319  0.926667  1.20054e-311
538 91 3  0.76832  0.6461  0.7375  1.20054e-311
edge_match: 
from 2 to 1 matchnode 2386

2386 538 2  0.7656  0.5723  0.883333  1.20046e-311
from 2 to 3 matchnode 2386

2386 154 3  0.57942  0.83  0.72  1.20054e-311
2386 6169 3  0.710424  0.74404  0.73  1.20054e-311
from 2 to 4 matchnode 2386

2386 82 2  0.7524  0.5607  0.896667  6.95128e-310
2386 91 3  0.77616  0.5733  0.715  6.95128e-310
from 2 to 1 matchnode 2850

2850 538 3  0.723492  0.857092  0.6925  1.20046e-311
from 2 to 3 matchnode 2850

2850 154 1  0.92  0.84  0.77  1.20053e-311
2850 6169 3  0.52768  0.50052  0.8475  1.20053e-311
from 2 to 4 matchnode 2850

2850 82 2  0.6256  0.7812  0.813333  6.95128e-310
2850 91 3  0.65772  0.596712  0.705  6.95128e-310
edge_match: 
from 3 to 1 matchnode 154

154 538 2  0.79  0.8277  0.72  1.2005e-311
from 3 to 2 matchnode 154

154 2386 3  0.820911  0.715473  0.59  6.95128e-310
154 2850 3  0.6192  0.634926  0.7175  1.20052e-311
from 3 to 4 matchnode 154

154 82 1  0.68  0.93  0.77  1.20048e-311
154 91 3  0.76048  0.6734  0.6775  1.2005e-311
from 3 to 1 matchnode 6169

6169 538 2  0.7268  0.5251  0.83  1.2005e-311
from 3 to 2 matchnode 6169

6169 2386 3  0.5412  0.501642  0.725  6.95128e-310
6169 2850 3  0.72036  0.589358  0.6975  1.20052e-311
from 3 to 4 matchnode 6169

6169 82 3  0.529416  0.607425  0.725  1.20048e-311
6169 91 3  0.505448  0.529914  0.615  1.2005e-311
edge_match: 
from 4 to 1 matchnode 82

82 538 3  0.67424  0.529984  0.81  1.20051e-311
from 4 to 3 matchnode 82

82 154 3  0.508776  0.634725  0.7125  1.2005e-311
82 6169 3  0.81972  0.690606  0.835  1.2005e-311
from 4 to 1 matchnode 91

91 538 3  0.6664  0.52416  0.8175  1.20051e-311
from 4 to 3 matchnode 91

91 154 3  0.50286  0.62775  0.72  1.20049e-311
91 6169 3  0.77418  0.70488  0.765  1.20049e-311

pattern answer4:
vertex1: 节点个数 1
744 1 0.72
vertex2: 节点个数 2
2850 2 0.9
5203 2 0.88
vertex3: 节点个数 2
154 3 0.64
2413 3 0.81
vertex4: 节点个数 2
118 4 0.84
706 4 0.52
edge_match: 
from 1 to 2 matchnode 744

744 2850 3  0.696  0.65565  0.6875  1.20054e-311
744 5203 3  0.6006  0.739722  0.72  1.20054e-311
from 1 to 4 matchnode 744

744 118 3  0.684432  0.6225  0.675  1.20046e-311
744 706 3  0.665614  0.585395  0.5775  1.20046e-311
edge_match: 
from 2 to 1 matchnode 2850

2850 744 2  0.8924  0.7056  0.753333  1.20046e-311
from 2 to 3 matchnode 2850

2850 154 1  0.92  0.84  0.77  1.20053e-311
2850 2413 3  0.642096  0.761024  0.6475  1.20053e-311
from 2 to 4 matchnode 2850

2850 118 3  0.543816  0.52734  0.78  1.20048e-311
2850 706 3  0.52288  0.588596  0.6625  3.39527e-312
from 2 to 1 matchnode 5203

5203 744 3  0.795522  0.67914  0.585  1.20046e-311
from 2 to 3 matchnode 5203

5203 154 2  0.688  0.6188  0.72  1.20042e-311
5203 2413 1  0.71  0.95  0.845  1.20042e-311
from 2 to 4 matchnode 5203

5203 118 3  0.613008  0.575484  0.745  1.20048e-311
5203 706 3  0.76824  0.6912  0.54  3.39527e-312
edge_match: 
from 3 to 1 matchnode 154

154 744 1  0.97  0.84  0.68  1.20046e-311
from 3 to 2 matchnode 154

154 2850 3  0.6192  0.634926  0.7175  1.20052e-311
154 5203 2  0.78  0.7626  0.72  1.20047e-311
from 3 to 4 matchnode 154

154 118 3  0.922082  0.6142  0.655  1.20048e-311
154 706 3  0.569712  0.63936  0.59  1.20042e-311
from 3 to 1 matchnode 2413

2413 744 3  0.562185  0.517748  0.765  1.20046e-311
from 3 to 2 matchnode 2413

2413 2850 3  0.6624  0.596232  0.9  1.20052e-311
2413 5203 1  0.9  0.6  0.845  1.20047e-311
from 3 to 4 matchnode 2413

2413 118 3  0.633216  0.626688  0.695  1.20048e-311
2413 706 3  0.74214  0.545237  0.615  1.20042e-311
edge_match: 
from 4 to 1 matchnode 118

118 744 3  0.556416  0.585144  0.6425  1.20046e-311
from 4 to 3 matchnode 118

118 154 3  0.536544  0.69984  0.54  1.20042e-311
118 2413 2  0.8118  0.6402  0.743333  1.20042e-311
from 4 to 1 matchnode 706

706 744 3  0.62662  0.69372  0.71  1.20046e-311
from 4 to 3 matchnode 706

706 154 3  0.84816  0.640584  0.6075  1.20042e-311
706 2413 3  0.512  0.515844  0.52  1.20042e-311

pattern answer5:
vertex1: 节点个数 1
748 1 0.82
vertex2: 节点个数 2
2386 2 0.79
5203 2 0.88
vertex3: 节点个数 2
96 3 0.69
154 3 0.64
vertex4: 节点个数 2
2305 4 0.71
2583 4 0.71
edge_match: 
from 1 to 2 matchnode 748

748 2386 3  0.50048  0.6208  0.535  1.20042e-311
748 5203 2  0.5376  0.8075  0.836667  1.20042e-311
from 1 to 4 matchnode 748

748 2305 3  0.76608  0.64752  0.7625  1.2005e-311
748 2583 3  0.57024  0.6688  0.665  1.2005e-311
edge_match: 
from 2 to 1 matchnode 2386

2386 748 2  0.5445  0.5481  0.87  6.95335e-310
from 2 to 3 matchnode 2386

2386 96 2  0.7326  0.6156  0.813333  1.20054e-311
2386 154 3  0.57942  0.83  0.72  1.20054e-311
from 2 to 4 matchnode 2386

2386 2305 3  0.515736  0.649221  0.64  6.95128e-310
2386 2583 3  0.784827  0.866016  0.7375  1.20047e-311
from 2 to 1 matchnode 5203

5203 748 2  0.7743  0.5643  0.836667  6.95335e-310
from 2 to 3 matchnode 5203

5203 96 3  0.6579  0.65504  0.6625  1.20042e-311
5203 154 2  0.688  0.6188  0.72  1.20042e-311
from 2 to 4 matchnode 5203

5203 2305 3  0.921888  0.561792  0.6775  6.95128e-310
5203 2583 2  0.819  0.5292  0.563333  1.20047e-311
edge_match: 
from 3 to 1 matchnode 96

96 748 2  0.8811  0.8811  0.773333  1.2005e-311
from 3 to 2 matchnode 96

96 2386 3  0.695604  0.7452  0.64  6.95128e-310
96 5203 2  0.5544  0.7565  0.793333  1.20047e-311
from 3 to 4 matchnode 96

96 2305 3  0.79002  0.606624  0.73  1.20042e-311
96 2583 3  0.58806  0.62656  0.6325  1.20057e-311
from 3 to 1 matchnode 154

154 748 3  0.735585  0.717948  0.6525  1.2005e-311
from 3 to 2 matchnode 154

154 2386 3  0.820911  0.715473  0.59  6.95128e-310
154 5203 2  0.78  0.7626  0.72  1.20047e-311
from 3 to 4 matchnode 154

154 2305 2  0.83  0.6696  0.663333  1.20042e-311
154 2583 3  0.513324  0.752928  0.805  1.20057e-311
edge_match: 
from 4 to 1 matchnode 2305

2305 748 3  0.658155  0.765765  0.67  1.2005e-311
from 4 to 3 matchnode 2305

2305 96 3  0.58905  0.664741  0.8125  1.2005e-311
2305 154 3  0.72171  0.611  0.6425  1.2005e-311
from 4 to 1 matchnode 2583

2583 748 3  0.681318  0.504792  0.535  1.2005e-311
from 4 to 3 matchnode 2583

2583 96 3  0.921294  0.6561  0.8375  1.20048e-311
2583 154 3  0.6992  0.736281  0.745  1.20048e-311

pattern answer6:
vertex1: 节点个数 1
869 1 0.92
vertex2: 节点个数 2
2850 2 0.9
5145 2 0.89
vertex3: 节点个数 2
1971 3 0.6
6169 3 0.97
vertex4: 节点个数 2
118 4 0.84
1283 4 0.52
edge_match: 
from 1 to 2 matchnode 869

869 2850 3  0.508167  0.675675  0.7725  1.20042e-311
869 5145 3  0.509703  0.628866  0.715  1.20042e-311
from 1 to 4 matchnode 869

869 118 3  0.655914  0.8134  0.725  1.20051e-311
869 1283 2  0.6348  0.8036  0.813333  1.20051e-311
edge_match: 
from 2 to 1 matchnode 2850

2850 869 3  0.642586  0.57936  0.84  6.95335e-310
from 2 to 3 matchnode 2850

2850 1971 3  0.568512  0.6862  0.6775  1.20053e-311
2850 6169 3  0.52768  0.50052  0.8475  1.20053e-311
from 2 to 4 matchnode 2850

2850 118 3  0.543816  0.52734  0.78  1.20048e-311
2850 1283 3  0.821008  0.509712  0.765  1.20057e-311
from 2 to 1 matchnode 5145

5145 869 3  0.580944  0.599808  0.7475  6.95335e-310
from 2 to 3 matchnode 5145

5145 1971 1  0.64  0.86  0.745  1.20042e-311
5145 6169 3  0.502524  0.640491  0.8475  1.20042e-311
from 2 to 4 matchnode 5145

5145 118 3  0.5841  0.81168  0.795  1.20048e-311
5145 1283 3  0.549976  0.529802  0.8225  1.20057e-311
edge_match: 
from 3 to 1 matchnode 1971

1971 869 3  0.52332  0.55309  0.6175  1.20051e-311
from 3 to 2 matchnode 1971

1971 2850 2  0.8464  0.553  0.686667  1.20052e-311
1971 5145 3  0.550528  0.5168  0.855  1.20042e-311
from 3 to 4 matchnode 1971

1971 118 3  0.55419  0.6783  0.555  1.20048e-311
1971 1283 3  0.558624  0.567112  0.725  1.20053e-311
from 3 to 1 matchnode 6169

6169 869 3  0.627628  0.5159  0.6675  1.20051e-311
from 3 to 2 matchnode 6169

6169 2850 3  0.72036  0.589358  0.6975  1.20052e-311
6169 5145 3  0.704168  0.52668  0.7975  1.20042e-311
from 3 to 4 matchnode 6169

6169 118 2  0.7098  0.6318  0.78  1.20048e-311
6169 1283 3  0.580944  0.883476  0.73  1.20053e-311
edge_match: 
from 4 to 1 matchnode 118

118 869 2  0.8134  0.6882  0.703333  1.20051e-311
from 4 to 3 matchnode 118

118 1971 3  0.837837  0.710622  0.5175  1.20042e-311
118 6169 3  0.71136  0.61074  0.8425  1.20042e-311
from 4 to 1 matchnode 1283

1283 869 3  0.9021  0.626808  0.57  1.20051e-311
from 4 to 3 matchnode 1283

1283 1971 2  0.828  0.7832  0.536667  1.20047e-311
1283 6169 3  0.749616  0.66572  0.7275  1.20047e-311

pattern answer7:
vertex1: 节点个数 1
2456 1 0.83
vertex2: 节点个数 2
1834 2 0.81
2850 2 0.9
vertex3: 节点个数 2
1294 3 0.95
2413 3 0.81
vertex4: 节点个数 2
1094 4 0.96
2305 4 0.71
edge_match: 
from 1 to 2 matchnode 2456

2456 1834 3  0.681884  0.839325  0.7575  1.20049e-311
2456 2850 3  0.525888  0.5452  0.7925  1.20049e-311
from 1 to 4 matchnode 2456

2456 1094 3  0.655914  0.51414  0.845  1.2005e-311
2456 2305 3  0.64719  0.5346  0.5375  1.2005e-311
edge_match: 
from 2 to 1 matchnode 1834

1834 2456 2  0.782  0.5808  0.576667  6.95335e-310
from 2 to 3 matchnode 1834

1834 1294 2  0.7396  0.7189  0.596667  1.20047e-311
1834 2413 3  0.629552  0.76048  0.6375  1.20047e-311
from 2 to 4 matchnode 1834

1834 1094 3  0.526162  0.74496  0.6  6.95128e-310
1834 2305 3  0.7011  0.598176  0.6525  6.95128e-310
from 2 to 1 matchnode 2850

2850 2456 3  0.651452  0.681912  0.62  6.95335e-310
from 2 to 3 matchnode 2850

2850 1294 3  0.715176  0.573118  0.5675  1.20053e-311
2850 2413 3  0.642096  0.761024  0.6475  1.20053e-311
from 2 to 4 matchnode 2850

2850 1094 3  0.793702  0.518868  0.76  6.95128e-310
2850 2305 3  0.7636  0.562464  0.7225  6.95128e-310
edge_match: 
from 3 to 1 matchnode 1294

1294 2456 3  0.57936  0.55352  0.6725  1.2005e-311
from 3 to 2 matchnode 1294

1294 1834 3  0.54528  0.55352  0.6675  6.95128e-310
1294 2850 3  0.514425  0.742438  0.8475  1.20052e-311
from 3 to 4 matchnode 1294

1294 1094 3  0.711711  0.51336  0.66  1.20047e-311
1294 2305 3  0.525616  0.792232  0.515  1.20042e-311
from 3 to 1 matchnode 2413

2413 2456 3  0.638166  0.658952  0.66  1.2005e-311
from 3 to 2 matchnode 2413

2413 1834 2  0.7905  0.7546  0.71  6.95128e-310
2413 2850 3  0.6624  0.596232  0.9  1.20052e-311
from 3 to 4 matchnode 2413

2413 1094 3  0.839232  0.54747  0.6575  1.20047e-311
2413 2305 3  0.581064  0.66215  0.8075  1.20042e-311
edge_match: 
from 4 to 1 matchnode 1094

1094 2456 2  0.544  0.5896  0.626667  1.2005e-311
from 4 to 3 matchnode 1094

1094 1294 3  0.577668  0.65379  0.8425  1.20051e-311
1094 2413 2  0.5632  0.5427  0.62  1.20051e-311
from 4 to 1 matchnode 2305

2305 2456 3  0.55522  0.7216  0.6275  1.2005e-311
from 4 to 3 matchnode 2305

2305 1294 3  0.804076  0.773808  0.695  1.2005e-311
2305 2413 2  0.6532  0.779  0.8  1.2005e-311

pattern answer8:
vertex1: 节点个数 1
2521 1 0.96
vertex2: 节点个数 2
2386 2 0.79
2850 2 0.9
vertex3: 节点个数 2
8067 3 0.51
9508 3 0.76
vertex4: 节点个数 2
1094 4 0.96
1283 4 0.52
edge_match: 
from 1 to 2 matchnode 2521

2521 2386 3  0.5192  0.6972  0.7  1.20055e-311
2521 2850 2  0.6059  0.7227  0.75  1.20055e-311
from 1 to 4 matchnode 2521

2521 1094 3  0.874368  0.5214  0.6525  1.20053e-311
2521 1283 3  0.619164  0.570285  0.7475  1.20053e-311
edge_match: 
from 2 to 1 matchnode 2386

2386 2521 1  0.66  0.77  0.875  1.2005e-311
from 2 to 3 matchnode 2386

2386 8067 3  0.84721  0.576384  0.575  1.20054e-311
2386 9508 3  0.558012  0.874552  0.7775  1.20054e-311
from 2 to 4 matchnode 2386

2386 1094 2  0.6279  0.6  0.733333  6.95128e-310
2386 1283 3  0.64989  0.75078  0.8075  1.20057e-311
from 2 to 1 matchnode 2850

2850 2521 2  0.5723  0.8633  0.803333  1.2005e-311
from 2 to 3 matchnode 2850

2850 8067 3  0.556198  0.63336  0.6675  1.20053e-311
2850 9508 3  0.61446  0.751812  0.685  1.20053e-311
from 2 to 4 matchnode 2850

2850 1094 3  0.793702  0.518868  0.76  6.95128e-310
2850 1283 3  0.821008  0.509712  0.765  1.20057e-311
edge_match: 
from 3 to 1 matchnode 8067

8067 2521 3  0.50112  0.75168  0.5625  1.20051e-311
from 3 to 2 matchnode 8067

8067 2386 3  0.8265  0.5063  0.79  6.95128e-310
8067 2850 2  0.6624  0.8064  0.67  1.20052e-311
from 3 to 4 matchnode 8067

8067 1094 3  0.72618  0.568  0.5575  1.20047e-311
8067 1283 3  0.6624  0.5453  0.5675  1.20053e-311
from 3 to 1 matchnode 9508

9508 2521 2  0.6958  0.5415  0.726667  1.20051e-311
from 3 to 2 matchnode 9508

9508 2386 3  0.64484  0.648396  0.6825  6.95128e-310
9508 2850 3  0.64449  0.5225  0.53  1.20052e-311
from 3 to 4 matchnode 9508

9508 1094 3  0.530964  0.573804  0.805  1.20047e-311
9508 1283 3  0.554496  0.950697  0.6025  1.20053e-311
edge_match: 
from 4 to 1 matchnode 1094

1094 2521 3  0.514008  0.514188  0.73  1.20054e-311
from 4 to 3 matchnode 1094

1094 8067 3  0.836528  0.622104  0.725  1.20051e-311
1094 9508 3  0.532896  0.591624  0.6225  1.20051e-311
from 4 to 1 matchnode 1283

1283 2521 3  0.803682  0.626152  0.63  1.20054e-311
from 4 to 3 matchnode 1283

1283 8067 3  0.731962  0.604072  0.615  1.20047e-311
1283 9508 3  0.693216  0.603244  0.5525  1.20047e-311

pattern answer9:
vertex1: 节点个数 1
2574 1 0.99
vertex2: 节点个数 2
2386 2 0.79
5611 2 0.96
vertex3: 节点个数 2
96 3 0.69
1067 3 0.61
vertex4: 节点个数 2
5538 4 0.75
8196 4 0.82
edge_match: 
from 1 to 2 matchnode 2574

2574 2386 3  0.57494  0.747054  0.5875  1.2005e-311
2574 5611 3  0.7296  0.571136  0.7725  1.2005e-311
from 1 to 4 matchnode 2574

2574 5538 3  0.54201  0.9604  0.5675  1.20046e-311
2574 8196 3  0.576384  0.62468  0.7375  1.20046e-311
edge_match: 
from 2 to 1 matchnode 2386

2386 2574 3  0.703296  0.58482  0.8575  6.95335e-310
from 2 to 3 matchnode 2386

2386 96 2  0.7326  0.6156  0.813333  1.20054e-311
2386 1067 2  0.6003  0.9118  0.793333  1.20054e-311
from 2 to 4 matchnode 2386

2386 5538 1  0.78  0.97  0.77  1.2005e-311
2386 8196 3  0.701568  0.623904  0.8225  1.20048e-311
from 2 to 1 matchnode 5611

5611 2574 2  0.9504  0.7695  0.88  6.95335e-310
from 2 to 3 matchnode 5611

5611 96 1  0.99  0.81  0.825  1.20048e-311
5611 1067 2  0.558  0.704  0.633333  1.20048e-311
from 2 to 4 matchnode 5611

5611 5538 3  0.51894  0.778038  0.675  1.2005e-311
5611 8196 3  0.75168  0.71392  0.6775  1.20048e-311
edge_match: 
from 3 to 1 matchnode 96

96 2574 1  0.96  0.95  0.84  1.20046e-311
from 3 to 2 matchnode 96

96 2386 3  0.695604  0.7452  0.64  6.95128e-310
96 5611 1  0.84  0.82  0.825  1.20057e-311
from 3 to 4 matchnode 96

96 5538 3  0.71344  0.5427  0.63  1.20049e-311
96 8196 2  0.6972  0.7392  0.736667  1.20042e-311
from 3 to 1 matchnode 1067

1067 2574 3  0.65664  0.52193  0.78  1.20046e-311
from 3 to 2 matchnode 1067

1067 2386 3  0.582912  0.787446  0.66  6.95128e-310
1067 5611 2  0.5346  0.7296  0.733333  1.20057e-311
from 3 to 4 matchnode 1067

1067 5538 3  0.874665  0.579483  0.705  1.20049e-311
1067 8196 3  0.50544  0.74205  0.7125  1.20042e-311
edge_match: 
from 4 to 1 matchnode 5538

5538 2574 3  0.8064  0.50008  0.6175  1.20046e-311
from 4 to 3 matchnode 5538

5538 96 3  0.667755  0.6859  0.5425  1.20048e-311
5538 1067 3  0.701568  0.660914  0.555  1.20048e-311
from 4 to 1 matchnode 8196

8196 2574 3  0.566784  0.86583  0.74  1.20046e-311
from 4 to 3 matchnode 8196

8196 96 2  0.5904  0.9114  0.656667  1.20042e-311
8196 1067 3  0.712166  0.57057  0.53  1.20042e-311

pattern answer10:
vertex1: 节点个数 1
3161 1 0.54
vertex2: 节点个数 2
1834 2 0.81
2101 2 0.5
vertex3: 节点个数 2
286 3 0.64
6169 3 0.97
vertex4: 节点个数 2
82 4 0.9
2305 4 0.71
edge_match: 
from 1 to 2 matchnode 3161

3161 1834 3  0.665812  0.750974  0.6875  1.2005e-311
3161 2101 3  0.610736  0.511758  0.64  1.2005e-311
from 1 to 4 matchnode 3161

3161 82 3  0.517748  0.6708  0.7275  1.20047e-311
3161 2305 3  0.717948  0.612458  0.6675  1.20047e-311
edge_match: 
from 2 to 1 matchnode 1834

1834 3161 3  0.510048  0.50764  0.7625  1.20053e-311
from 2 to 3 matchnode 1834

1834 286 2  0.6552  0.616  0.77  1.20047e-311
1834 6169 3  0.62748  0.820224  0.7325  1.20047e-311
from 2 to 4 matchnode 1834

1834 82 3  0.566048  0.543879  0.7225  6.95128e-310
1834 2305 3  0.7011  0.598176  0.6525  6.95128e-310
from 2 to 1 matchnode 2101

2101 3161 3  0.68894  0.67728  0.5075  1.20053e-311
from 2 to 3 matchnode 2101

2101 286 1  0.73  0.85  0.57  1.20047e-311
2101 6169 3  0.561216  0.569296  0.6975  1.20047e-311
from 2 to 4 matchnode 2101

2101 82 2  0.8928  0.6231  0.566667  6.95128e-310
2101 2305 2  0.6059  0.612  0.616667  6.95128e-310
edge_match: 
from 3 to 1 matchnode 286

286 3161 3  0.597714  0.601818  0.7075  1.20056e-311
from 3 to 2 matchnode 286

286 1834 3  0.544073  0.623623  0.8275  6.95128e-310
286 2101 3  0.66048  0.55195  0.6425  1.20047e-311
from 3 to 4 matchnode 286

286 82 3  0.588392  0.562391  0.855  1.20048e-311
286 2305 1  0.83  0.72  0.675  1.20042e-311
from 3 to 1 matchnode 6169

6169 3161 3  0.722502  0.556974  0.5525  1.20056e-311
from 3 to 2 matchnode 6169

6169 1834 3  0.55944  0.632256  0.7175  6.95128e-310
6169 2101 3  0.54873  0.502848  0.54  1.20047e-311
from 3 to 4 matchnode 6169

6169 82 3  0.529416  0.607425  0.725  1.20048e-311
6169 2305 3  0.509712  0.5148  0.835  1.20042e-311
edge_match: 
from 4 to 1 matchnode 82

82 3161 2  0.7084  0.637  0.693333  1.20046e-311
from 4 to 3 matchnode 82

82 286 3  0.60372  0.744744  0.7725  1.2005e-311
82 6169 3  0.81972  0.690606  0.835  1.2005e-311
from 4 to 1 matchnode 2305

2305 3161 3  0.606144  0.513604  0.7325  1.20046e-311
from 4 to 3 matchnode 2305

2305 286 2  0.736  0.7462  0.743333  1.2005e-311
2305 6169 3  0.58212  0.597724  0.765  1.2005e-311

pattern answer11:
vertex1: 节点个数 1
3729 1 0.68
vertex2: 节点个数 2
5203 2 0.88
12853 2 0.85
vertex3: 节点个数 2
1971 3 0.6
2283 3 0.82
vertex4: 节点个数 2
82 4 0.9
1283 4 0.52
edge_match: 
from 1 to 2 matchnode 3729

3729 5203 3  0.538704  0.569511  0.5675  1.20055e-311
3729 12853 1  0.67  0.88  0.765  1.20055e-311
from 1 to 4 matchnode 3729

3729 82 3  0.60192  0.665898  0.775  1.20045e-311
3729 1283 3  0.72864  0.613524  0.68  1.20045e-311
edge_match: 
from 2 to 1 matchnode 5203

5203 3729 3  0.589536  0.72709  0.61  1.20042e-311
from 2 to 3 matchnode 5203

5203 1971 3  0.73062  0.77697  0.67  1.20042e-311
5203 2283 3  0.892584  0.727985  0.605  1.20042e-311
from 2 to 4 matchnode 5203

5203 82 3  0.517824  0.543678  0.7375  6.95128e-310
5203 1283 3  0.568032  0.642048  0.63  1.20057e-311
from 2 to 1 matchnode 12853

12853 3729 1  0.89  0.96  0.765  1.20042e-311
from 2 to 3 matchnode 12853

12853 1971 3  0.506232  0.54896  0.63  1.20042e-311
12853 2283 3  0.719476  0.781704  0.73  1.20042e-311
from 2 to 4 matchnode 12853

12853 82 3  0.635816  0.702744  0.75  6.95128e-310
12853 1283 3  0.769672  0.647472  0.655  1.20057e-311
edge_match: 
from 3 to 1 matchnode 1971

1971 3729 3  0.521451  0.518568  0.6675  1.20054e-311
from 3 to 2 matchnode 1971

1971 5203 3  0.612846  0.714384  0.615  1.20047e-311
1971 12853 3  0.62866  0.619974  0.76  1.20042e-311
from 3 to 4 matchnode 1971

1971 82 3  0.60291  0.654075  0.57  1.20048e-311
1971 1283 3  0.558624  0.567112  0.725  1.20053e-311
from 3 to 1 matchnode 2283

2283 3729 3  0.658155  0.529728  0.765  1.20054e-311
from 3 to 2 matchnode 2283

2283 5203 3  0.510055  0.790272  0.8725  1.20047e-311
2283 12853 3  0.557175  0.854756  0.8375  1.20042e-311
from 3 to 4 matchnode 2283

2283 82 3  0.578664  0.59808  0.7425  1.20048e-311
2283 1283 3  0.692386  0.573496  0.7125  1.20053e-311
edge_match: 
from 4 to 1 matchnode 82

82 3729 3  0.57749  0.79443  0.7625  1.20052e-311
from 4 to 3 matchnode 82

82 1971 3  0.614079  0.528264  0.635  1.2005e-311
82 2283 3  0.553668  0.731313  0.79  1.2005e-311
from 4 to 1 matchnode 1283

1283 3729 2  0.6068  0.7304  0.616667  1.20052e-311
from 4 to 3 matchnode 1283

1283 1971 2  0.828  0.7832  0.536667  1.20047e-311
1283 2283 3  0.576114  0.742995  0.61  1.20047e-311

pattern answer12:
vertex1: 节点个数 1
4140 1 0.53
vertex2: 节点个数 2
1834 2 0.81
6520 2 0.81
vertex3: 节点个数 2
1067 3 0.61
2325 3 0.95
vertex4: 节点个数 2
118 4 0.84
1283 4 0.52
edge_match: 
from 1 to 2 matchnode 4140

4140 1834 3  0.712264  0.703824  0.67  1.20051e-311
4140 6520 3  0.666468  0.607662  0.51  1.20051e-311
from 1 to 4 matchnode 4140

4140 118 2  0.8372  0.5676  0.64  1.20045e-311
4140 1283 3  0.64584  0.51901  0.6075  1.20045e-311
edge_match: 
from 2 to 1 matchnode 1834

1834 4140 3  0.517592  0.7138  0.725  3.39527e-312
from 2 to 3 matchnode 1834

1834 1067 2  0.621  0.9118  0.8  1.20047e-311
1834 2325 3  0.588392  0.592767  0.735  1.20047e-311
from 2 to 4 matchnode 1834

1834 118 2  0.7568  0.5609  0.56  1.20048e-311
1834 1283 3  0.6723  0.75078  0.8125  1.20057e-311
from 2 to 1 matchnode 6520

6520 4140 3  0.509638  0.62565  0.58  3.39527e-312
from 2 to 3 matchnode 6520

6520 1067 3  0.65702  0.77748  0.745  1.20042e-311
6520 2325 3  0.500544  0.66348  0.745  1.20042e-311
from 2 to 4 matchnode 6520

6520 118 3  0.59052  0.644371  0.68  1.20048e-311
6520 1283 3  0.582912  0.56088  0.6375  1.20057e-311
edge_match: 
from 3 to 1 matchnode 1067

1067 4140 3  0.767464  0.64242  0.675  1.20045e-311
from 3 to 2 matchnode 1067

1067 1834 3  0.607608  0.549318  0.8075  6.95128e-310
1067 6520 3  0.86526  0.540144  0.545  1.20048e-311
from 3 to 4 matchnode 1067

1067 118 2  0.551  0.5084  0.746667  1.20048e-311
1067 1283 2  0.712  0.6596  0.606667  1.20053e-311
from 3 to 1 matchnode 2325

2325 4140 2  0.8536  0.7275  0.676667  1.20045e-311
from 3 to 2 matchnode 2325

2325 1834 3  0.681296  0.793848  0.775  6.95128e-310
2325 6520 3  0.540144  0.656496  0.6375  1.20048e-311
from 3 to 4 matchnode 2325

2325 118 2  0.8008  0.6402  0.78  1.20048e-311
2325 1283 3  0.61776  0.585395  0.7125  1.20053e-311
edge_match: 
from 4 to 1 matchnode 118

118 4140 3  0.72459  0.5451  0.645  1.20045e-311
from 4 to 3 matchnode 118

118 1067 3  0.662607  0.893564  0.7525  1.20042e-311
118 2325 3  0.697333  0.749616  0.7425  1.20042e-311
from 4 to 1 matchnode 1283

1283 4140 3  0.552  0.577016  0.58  1.20045e-311
from 4 to 3 matchnode 1283

1283 1067 3  0.787528  0.7332  0.59  1.20047e-311
1283 2325 3  0.529221  0.727985  0.6425  1.20047e-311

pattern answer13:
vertex1: 节点个数 1
4829 1 0.96
vertex2: 节点个数 2
2850 2 0.9
3245 2 0.63
vertex3: 节点个数 2
2413 3 0.81
5512 3 0.6
vertex4: 节点个数 2
1094 4 0.96
4741 4 0.62
edge_match: 
from 1 to 2 matchnode 4829

4829 2850 3  0.5888  0.54614  0.725  1.20042e-311
4829 3245 3  0.68714  0.820911  0.525  1.20042e-311
from 1 to 4 matchnode 4829

4829 1094 3  0.642096  0.66528  0.715  1.20045e-311
4829 4741 3  0.64728  0.645408  0.6975  1.20045e-311
edge_match: 
from 2 to 1 matchnode 2850

2850 4829 1  0.8  0.63  0.93  1.20048e-311
from 2 to 3 matchnode 2850

2850 2413 3  0.642096  0.761024  0.6475  1.20053e-311
2850 5512 2  0.6435  0.5238  0.77  1.20053e-311
from 2 to 4 matchnode 2850

2850 1094 3  0.793702  0.518868  0.76  6.95128e-310
2850 4741 3  0.633144  0.628488  0.7275  6.95128e-310
from 2 to 1 matchnode 3245

3245 4829 3  0.640872  0.53217  0.6625  1.20048e-311
from 2 to 3 matchnode 3245

3245 2413 3  0.549909  0.665322  0.69  1.20053e-311
3245 5512 3  0.550314  0.63729  0.5725  1.20053e-311
from 2 to 4 matchnode 3245

3245 1094 3  0.546364  0.51192  0.75  6.95128e-310
3245 4741 3  0.82935  0.57154  0.5375  6.95128e-310
edge_match: 
from 3 to 1 matchnode 2413

2413 4829 3  0.775376  0.75294  0.695  1.20045e-311
from 3 to 2 matchnode 2413

2413 2850 3  0.6624  0.596232  0.9  1.20052e-311
2413 3245 3  0.57915  0.582291  0.5975  6.95128e-310
from 3 to 4 matchnode 2413

2413 1094 3  0.839232  0.54747  0.6575  1.20047e-311
2413 4741 3  0.744372  0.64881  0.635  1.20047e-311
from 3 to 1 matchnode 5512

5512 4829 3  0.57285  0.563598  0.7375  1.20045e-311
from 3 to 2 matchnode 5512

5512 2850 3  0.617308  0.71896  0.675  1.20052e-311
5512 3245 2  0.585  0.6003  0.526667  6.95128e-310
from 3 to 4 matchnode 5512

5512 1094 3  0.66339  0.63504  0.705  1.20047e-311
5512 4741 3  0.576186  0.678528  0.5425  1.20047e-311
edge_match: 
from 4 to 1 matchnode 1094

1094 4829 3  0.50112  0.523404  0.74  1.20045e-311
from 4 to 3 matchnode 1094

1094 2413 2  0.5632  0.5427  0.62  1.20051e-311
1094 5512 3  0.557568  0.526419  0.615  1.20051e-311
from 4 to 1 matchnode 4741

4741 4829 3  0.639952  0.67797  0.6925  1.20045e-311
from 4 to 3 matchnode 4741

4741 2413 3  0.649152  0.68967  0.7375  1.20046e-311
4741 5512 3  0.549524  0.81189  0.6025  1.20046e-311

pattern answer14:
vertex1: 节点个数 1
5013 1 0.62
vertex2: 节点个数 2
1834 2 0.81
2101 2 0.5
vertex3: 节点个数 2
286 3 0.64
6169 3 0.97
vertex4: 节点个数 2
82 4 0.9
1283 4 0.52
edge_match: 
from 1 to 2 matchnode 5013

5013 1834 3  0.543168  0.682668  0.7425  1.20053e-311
5013 2101 3  0.656208  0.650056  0.5025  1.20053e-311
from 1 to 4 matchnode 5013

5013 82 1  0.82  0.86  0.76  1.20047e-311
5013 1283 2  0.5925  0.8536  0.533333  1.20047e-311
edge_match: 
from 2 to 1 matchnode 1834

1834 5013 2  0.5002  0.77  0.76  1.20042e-311
from 2 to 3 matchnode 1834

1834 286 2  0.6552  0.616  0.77  1.20047e-311
1834 6169 3  0.62748  0.820224  0.7325  1.20047e-311
from 2 to 4 matchnode 1834

1834 82 3  0.566048  0.543879  0.7225  6.95128e-310
1834 1283 3  0.6723  0.75078  0.8125  1.20057e-311
from 2 to 1 matchnode 2101

2101 5013 2  0.6076  0.6942  0.546667  1.20042e-311
from 2 to 3 matchnode 2101

2101 286 1  0.73  0.85  0.57  1.20047e-311
2101 6169 3  0.561216  0.569296  0.6975  1.20047e-311
from 2 to 4 matchnode 2101

2101 82 2  0.8928  0.6231  0.566667  6.95128e-310
2101 1283 3  0.501696  0.525252  0.66  1.20057e-311
edge_match: 
from 3 to 1 matchnode 286

286 5013 3  0.616968  0.7728  0.5325  1.20053e-311
from 3 to 2 matchnode 286

286 1834 3  0.544073  0.623623  0.8275  6.95128e-310
286 2101 3  0.66048  0.55195  0.6425  1.20047e-311
from 3 to 4 matchnode 286

286 82 3  0.588392  0.562391  0.855  1.20048e-311
286 1283 3  0.712264  0.518158  0.76  1.20053e-311
from 3 to 1 matchnode 6169

6169 5013 3  0.7392  0.549252  0.725  1.20053e-311
from 3 to 2 matchnode 6169

6169 1834 3  0.55944  0.632256  0.7175  6.95128e-310
6169 2101 3  0.54873  0.502848  0.54  1.20047e-311
from 3 to 4 matchnode 6169

6169 82 3  0.529416  0.607425  0.725  1.20048e-311
6169 1283 3  0.580944  0.883476  0.73  1.20053e-311
edge_match: 
from 4 to 1 matchnode 82

82 5013 3  0.519156  0.562716  0.7475  1.20046e-311
from 4 to 3 matchnode 82

82 286 3  0.60372  0.744744  0.7725  1.2005e-311
82 6169 3  0.81972  0.690606  0.835  1.2005e-311
from 4 to 1 matchnode 1283

1283 5013 3  0.786048  0.653864  0.5425  1.20046e-311
from 4 to 3 matchnode 1283

1283 286 3  0.673374  0.8827  0.5175  1.20047e-311
1283 6169 3  0.749616  0.66572  0.7275  1.20047e-311

pattern answer15:
vertex1: 节点个数 1
5014 1 0.54
vertex2: 节点个数 2
139 2 0.58
5145 2 0.89
vertex3: 节点个数 2
154 3 0.64
6169 3 0.97
vertex4: 节点个数 2
118 4 0.84
2305 4 0.71
edge_match: 
from 1 to 2 matchnode 5014

5014 139 1  0.64  0.92  0.56  1.20053e-311
5014 5145 3  0.55419  0.81144  0.65  1.20053e-311
from 1 to 4 matchnode 5014

5014 118 3  0.702429  0.530712  0.61  1.20052e-311
5014 2305 3  0.73656  0.687148  0.72  1.20052e-311
edge_match: 
from 2 to 1 matchnode 139

139 5014 3  0.76048  0.585225  0.595  6.95335e-310
from 2 to 3 matchnode 139

139 154 3  0.583395  0.52955  0.5525  1.20042e-311
139 6169 2  0.8232  0.5251  0.65  1.20042e-311
from 2 to 4 matchnode 139

139 118 3  0.9603  0.68352  0.7175  1.20048e-311
139 2305 3  0.61503  0.80352  0.6125  6.95128e-310
from 2 to 1 matchnode 5145

5145 5014 3  0.584496  0.5022  0.5475  6.95335e-310
from 2 to 3 matchnode 5145

5145 154 3  0.523224  0.633216  0.6575  1.20042e-311
5145 6169 3  0.502524  0.640491  0.8475  1.20042e-311
from 2 to 4 matchnode 5145

5145 118 3  0.5841  0.81168  0.795  1.20048e-311
5145 2305 3  0.77691  0.741024  0.8  6.95128e-310
edge_match: 
from 3 to 1 matchnode 154

154 5014 2  0.9009  0.6552  0.543333  1.2005e-311
from 3 to 2 matchnode 154

154 139 3  0.576576  0.602784  0.5525  6.95128e-310
154 5145 3  0.536331  0.5312  0.85  1.20042e-311
from 3 to 4 matchnode 154

154 118 3  0.922082  0.6142  0.655  1.20048e-311
154 2305 2  0.83  0.6696  0.663333  1.20042e-311
from 3 to 1 matchnode 6169

6169 5014 3  0.55242  0.51072  0.5925  1.2005e-311
from 3 to 2 matchnode 6169

6169 139 3  0.50715  0.54448  0.5975  6.95128e-310
6169 5145 3  0.704168  0.52668  0.7975  1.20042e-311
from 3 to 4 matchnode 6169

6169 118 2  0.7098  0.6318  0.78  1.20048e-311
6169 2305 3  0.509712  0.5148  0.835  1.20042e-311
edge_match: 
from 4 to 1 matchnode 118

118 5014 3  0.628366  0.614592  0.6025  1.20054e-311
from 4 to 3 matchnode 118

118 154 3  0.536544  0.69984  0.54  1.20042e-311
118 6169 3  0.71136  0.61074  0.8425  1.20042e-311
from 4 to 1 matchnode 2305

2305 5014 3  0.5236  0.61304  0.7375  1.20054e-311
from 4 to 3 matchnode 2305

2305 154 3  0.72171  0.611  0.6425  1.2005e-311
2305 6169 3  0.58212  0.597724  0.765  1.2005e-311

pattern answer16:
vertex1: 节点个数 1
5360 1 0.75
vertex2: 节点个数 2
2386 2 0.79
5145 2 0.89
vertex3: 节点个数 2
1067 3 0.61
2283 3 0.82
vertex4: 节点个数 2
2305 4 0.71
5162 4 0.86
edge_match: 
from 1 to 2 matchnode 5360

5360 2386 3  0.816255  0.7238  0.5575  1.20049e-311
5360 5145 3  0.57868  0.577885  0.7525  1.20049e-311
from 1 to 4 matchnode 5360

5360 2305 2  0.7885  0.528  0.723333  1.20054e-311
5360 5162 2  0.5402  0.77  0.67  1.20054e-311
edge_match: 
from 2 to 1 matchnode 2386

2386 5360 2  0.693  0.7636  0.72  1.20056e-311
from 2 to 3 matchnode 2386

2386 1067 2  0.6003  0.9118  0.793333  1.20054e-311
2386 2283 2  0.8514  0.6237  0.87  1.20054e-311
from 2 to 4 matchnode 2386

2386 2305 3  0.515736  0.649221  0.64  6.95128e-310
2386 5162 3  0.52065  0.60192  0.8075  6.95128e-310
from 2 to 1 matchnode 5145

5145 5360 3  0.571802  0.686375  0.7475  1.20056e-311
from 2 to 3 matchnode 5145

5145 1067 3  0.54144  0.558372  0.8025  1.20042e-311
5145 2283 3  0.66044  0.59598  0.8275  1.20042e-311
from 2 to 4 matchnode 5145

5145 2305 3  0.77691  0.741024  0.8  6.95128e-310
5145 5162 2  0.705  0.8184  0.88  6.95128e-310
edge_match: 
from 3 to 1 matchnode 1067

1067 5360 3  0.504252  0.580448  0.5725  1.20054e-311
from 3 to 2 matchnode 1067

1067 2386 3  0.582912  0.787446  0.66  6.95128e-310
1067 5145 2  0.6794  0.747  0.82  1.20042e-311
from 3 to 4 matchnode 1067

1067 2305 2  0.594  0.7007  0.673333  1.20042e-311
1067 5162 3  0.75951  0.510972  0.5975  1.20049e-311
from 3 to 1 matchnode 2283

2283 5360 2  0.9801  0.7802  0.73  1.20054e-311
from 3 to 2 matchnode 2283

2283 2386 3  0.65949  0.838488  0.71  6.95128e-310
2283 5145 2  0.874  0.931  0.893333  1.20042e-311
from 3 to 4 matchnode 2283

2283 2305 3  0.622725  0.921984  0.8025  1.20042e-311
2283 5162 2  0.6862  0.87  0.693333  1.20049e-311
edge_match: 
from 4 to 1 matchnode 2305

2305 5360 3  0.646866  0.616358  0.725  1.20054e-311
from 4 to 3 matchnode 2305

2305 1067 3  0.67228  0.9212  0.6375  1.2005e-311
2305 2283 1  0.66  0.79  0.765  1.2005e-311
from 4 to 1 matchnode 5162

5162 5360 3  0.549524  0.621775  0.74  1.20054e-311
from 4 to 3 matchnode 5162

5162 1067 3  0.552552  0.77832  0.8025  1.20054e-311
5162 2283 2  0.6912  0.9021  0.726667  1.20054e-311

pattern answer17:
vertex1: 节点个数 1
5562 1 0.72
vertex2: 节点个数 2
2850 2 0.9
5145 2 0.89
vertex3: 节点个数 2
154 3 0.64
1067 3 0.61
vertex4: 节点个数 2
118 4 0.84
1283 4 0.52
edge_match: 
from 1 to 2 matchnode 5562

5562 2850 3  0.617136  0.507  0.675  1.20046e-311
5562 5145 3  0.529932  0.5395  0.6725  1.20046e-311
from 1 to 4 matchnode 5562

5562 118 3  0.54735  0.838953  0.5475  1.20054e-311
5562 1283 3  0.59364  0.57159  0.6825  1.20054e-311
edge_match: 
from 2 to 1 matchnode 2850

2850 5562 3  0.550368  0.82935  0.6675  1.20048e-311
from 2 to 3 matchnode 2850

2850 154 1  0.92  0.84  0.77  1.20053e-311
2850 1067 3  0.595944  0.660726  0.7525  1.20053e-311
from 2 to 4 matchnode 2850

2850 118 3  0.543816  0.52734  0.78  1.20048e-311
2850 1283 3  0.821008  0.509712  0.765  1.20057e-311
from 2 to 1 matchnode 5145

5145 5562 3  0.709982  0.70308  0.7125  1.20048e-311
from 2 to 3 matchnode 5145

5145 154 3  0.523224  0.633216  0.6575  1.20042e-311
5145 1067 3  0.54144  0.558372  0.8025  1.20042e-311
from 2 to 4 matchnode 5145

5145 118 3  0.5841  0.81168  0.795  1.20048e-311
5145 1283 3  0.549976  0.529802  0.8225  1.20057e-311
edge_match: 
from 3 to 1 matchnode 154

154 5562 3  0.893855  0.90288  0.5825  1.20054e-311
from 3 to 2 matchnode 154

154 2850 3  0.6192  0.634926  0.7175  1.20052e-311
154 5145 3  0.536331  0.5312  0.85  1.20042e-311
from 3 to 4 matchnode 154

154 118 3  0.922082  0.6142  0.655  1.20048e-311
154 1283 2  0.8924  0.6068  0.72  1.20053e-311
from 3 to 1 matchnode 1067

1067 5562 3  0.50439  0.729  0.665  1.20054e-311
from 3 to 2 matchnode 1067

1067 2850 2  0.7912  0.702  0.823333  1.20052e-311
1067 5145 2  0.6794  0.747  0.82  1.20042e-311
from 3 to 4 matchnode 1067

1067 118 2  0.551  0.5084  0.746667  1.20048e-311
1067 1283 2  0.712  0.6596  0.606667  1.20053e-311
edge_match: 
from 4 to 1 matchnode 118

118 5562 3  0.50232  0.76095  0.655  1.20054e-311
from 4 to 3 matchnode 118

118 154 3  0.536544  0.69984  0.54  1.20042e-311
118 1067 3  0.662607  0.893564  0.7525  1.20042e-311
from 4 to 1 matchnode 1283

1283 5562 3  0.567648  0.65772  0.6425  1.20054e-311
from 4 to 3 matchnode 1283

1283 154 3  0.556974  0.829374  0.5575  1.20047e-311
1283 1067 3  0.787528  0.7332  0.59  1.20047e-311

pattern answer18:
vertex1: 节点个数 1
5831 1 0.69
vertex2: 节点个数 2
2386 2 0.79
5505 2 0.83
vertex3: 节点个数 2
96 3 0.69
154 3 0.64
vertex4: 节点个数 2
118 4 0.84
2305 4 0.71
edge_match: 
from 1 to 2 matchnode 5831

5831 2386 1  0.66  0.67  0.74  1.20042e-311
5831 5505 3  0.584472  0.672606  0.66  1.20042e-311
from 1 to 4 matchnode 5831

5831 118 3  0.674784  0.600236  0.6625  1.20054e-311
5831 2305 3  0.731808  0.573496  0.63  1.20054e-311
edge_match: 
from 2 to 1 matchnode 2386

2386 5831 3  0.54033  0.719992  0.765  6.95335e-310
from 2 to 3 matchnode 2386

2386 96 2  0.7326  0.6156  0.813333  1.20054e-311
2386 154 3  0.57942  0.83  0.72  1.20054e-311
from 2 to 4 matchnode 2386

2386 118 3  0.941094  0.5229  0.6925  1.20048e-311
2386 2305 3  0.515736  0.649221  0.64  6.95128e-310
from 2 to 1 matchnode 5505

5505 5831 3  0.51168  0.624348  0.7075  6.95335e-310
from 2 to 3 matchnode 5505

5505 96 3  0.6237  0.657888  0.8525  1.20042e-311
5505 154 2  0.7396  0.5644  0.703333  1.20042e-311
from 2 to 4 matchnode 5505

5505 118 3  0.50778  0.7462  0.7075  1.20048e-311
5505 2305 2  0.7138  0.5976  0.726667  6.95128e-310
edge_match: 
from 3 to 1 matchnode 96

96 5831 3  0.549024  0.77469  0.7925  1.20054e-311
from 3 to 2 matchnode 96

96 2386 3  0.695604  0.7452  0.64  6.95128e-310
96 5505 3  0.50813  0.6308  0.5325  1.20042e-311
from 3 to 4 matchnode 96

96 118 3  0.679776  0.6308  0.665  1.20048e-311
96 2305 3  0.79002  0.606624  0.73  1.20042e-311
from 3 to 1 matchnode 154

154 5831 3  0.740124  0.670437  0.7425  1.20054e-311
from 3 to 2 matchnode 154

154 2386 3  0.820911  0.715473  0.59  6.95128e-310
154 5505 3  0.624624  0.597724  0.7425  1.20042e-311
from 3 to 4 matchnode 154

154 118 3  0.922082  0.6142  0.655  1.20048e-311
154 2305 2  0.83  0.6696  0.663333  1.20042e-311
edge_match: 
from 4 to 1 matchnode 118

118 5831 2  0.5112  0.675  0.686667  1.20054e-311
from 4 to 3 matchnode 118

118 96 3  0.58905  0.54945  0.5075  1.20042e-311
118 154 3  0.536544  0.69984  0.54  1.20042e-311
from 4 to 1 matchnode 2305

2305 5831 3  0.701428  0.675024  0.63  1.20054e-311
from 4 to 3 matchnode 2305

2305 96 3  0.58905  0.664741  0.8125  1.2005e-311
2305 154 3  0.72171  0.611  0.6425  1.2005e-311

pattern answer19:
vertex1: 节点个数 1
5939 1 0.75
vertex2: 节点个数 2
2386 2 0.79
5505 2 0.83
vertex3: 节点个数 2
286 3 0.64
2283 3 0.82
vertex4: 节点个数 2
2305 4 0.71
3761 4 0.66
edge_match: 
from 1 to 2 matchnode 5939

5939 2386 2  0.7695  0.8415  0.526667  1.20053e-311
5939 5505 3  0.56079  0.591409  0.69  1.20053e-311
from 1 to 4 matchnode 5939

5939 2305 3  0.803225  0.580041  0.5525  1.20054e-311
5939 3761 2  0.531  0.603  0.58  1.20054e-311
edge_match: 
from 2 to 1 matchnode 2386

2386 5939 3  0.561834  0.53784  0.625  1.20048e-311
from 2 to 3 matchnode 2386

2386 286 2  0.8811  0.5846  0.696667  1.20054e-311
2386 2283 2  0.8514  0.6237  0.87  1.20054e-311
from 2 to 4 matchnode 2386

2386 2305 3  0.515736  0.649221  0.64  6.95128e-310
2386 3761 3  0.673992  0.54036  0.6075  1.20042e-311
from 2 to 1 matchnode 5505

5505 5939 3  0.76734  0.508032  0.725  1.20048e-311
from 2 to 3 matchnode 5505

5505 286 1  0.86  0.83  0.735  1.20042e-311
5505 2283 2  0.5166  0.817  0.666667  1.20042e-311
from 2 to 4 matchnode 5505

5505 2305 2  0.7138  0.5976  0.726667  6.95128e-310
5505 3761 3  0.647064  0.68724  0.5375  1.20042e-311
edge_match: 
from 3 to 1 matchnode 286

286 5939 3  0.758716  0.506232  0.795  1.20054e-311
from 3 to 2 matchnode 286

286 2386 3  0.571428  0.510692  0.5425  6.95128e-310
286 5505 3  0.5766  0.604675  0.685  1.20042e-311
from 3 to 4 matchnode 286

286 2305 1  0.83  0.72  0.675  1.20042e-311
286 3761 3  0.65736  0.60876  0.535  1.20042e-311
from 3 to 1 matchnode 2283

2283 5939 2  0.6305  0.603  0.626667  1.20054e-311
from 3 to 2 matchnode 2283

2283 2386 3  0.65949  0.838488  0.71  6.95128e-310
2283 5505 2  0.77  0.536  0.81  1.20042e-311
from 3 to 4 matchnode 2283

2283 2305 3  0.622725  0.921984  0.8025  1.20042e-311
2283 3761 3  0.5346  0.80352  0.565  1.20042e-311
edge_match: 
from 4 to 1 matchnode 2305

2305 5939 2  0.7546  0.6984  0.79  1.20054e-311
from 4 to 3 matchnode 2305

2305 286 2  0.736  0.7462  0.743333  1.2005e-311
2305 2283 1  0.66  0.79  0.765  1.2005e-311
from 4 to 1 matchnode 3761

3761 5939 3  0.632632  0.828768  0.805  1.20054e-311
from 4 to 3 matchnode 3761

3761 286 3  0.58695  0.537832  0.535  1.20052e-311
3761 2283 2  0.5775  0.5293  0.5  1.20052e-311

pattern answer20:
vertex1: 节点个数 1
5971 1 0.87
vertex2: 节点个数 2
1834 2 0.81
2850 2 0.9
vertex3: 节点个数 2
2413 3 0.81
6169 3 0.97
vertex4: 节点个数 2
118 4 0.84
706 4 0.52
edge_match: 
from 1 to 2 matchnode 5971

5971 1834 2  0.712  0.6375  0.89  1.20045e-311
5971 2850 2  0.7084  0.6586  0.773333  1.20045e-311
from 1 to 4 matchnode 5971

5971 118 3  0.562716  0.5049  0.675  1.20054e-311
5971 706 2  0.6216  0.6888  0.703333  1.20054e-311
edge_match: 
from 2 to 1 matchnode 1834

1834 5971 3  0.747  0.912576  0.7325  3.39527e-312
from 2 to 3 matchnode 1834

1834 2413 3  0.629552  0.76048  0.6375  1.20047e-311
1834 6169 3  0.62748  0.820224  0.7325  1.20047e-311
from 2 to 4 matchnode 1834

1834 118 2  0.7568  0.5609  0.56  1.20048e-311
1834 706 3  0.59052  0.509832  0.615  3.39527e-312
from 2 to 1 matchnode 2850

2850 5971 3  0.613872  0.663264  0.6375  3.39527e-312
from 2 to 3 matchnode 2850

2850 2413 3  0.642096  0.761024  0.6475  1.20053e-311
2850 6169 3  0.52768  0.50052  0.8475  1.20053e-311
from 2 to 4 matchnode 2850

2850 118 3  0.543816  0.52734  0.78  1.20048e-311
2850 706 3  0.52288  0.588596  0.6625  3.39527e-312
edge_match: 
from 3 to 1 matchnode 2413

2413 5971 3  0.52731  0.641732  0.8575  1.20054e-311
from 3 to 2 matchnode 2413

2413 1834 2  0.7905  0.7546  0.71  6.95128e-310
2413 2850 3  0.6624  0.596232  0.9  1.20052e-311
from 3 to 4 matchnode 2413

2413 118 3  0.633216  0.626688  0.695  1.20048e-311
2413 706 3  0.74214  0.545237  0.615  1.20042e-311
from 3 to 1 matchnode 6169

6169 5971 3  0.515592  0.518616  0.7775  1.20054e-311
from 3 to 2 matchnode 6169

6169 1834 3  0.55944  0.632256  0.7175  6.95128e-310
6169 2850 3  0.72036  0.589358  0.6975  1.20052e-311
from 3 to 4 matchnode 6169

6169 118 2  0.7098  0.6318  0.78  1.20048e-311
6169 706 3  0.627396  0.569184  0.6675  1.20042e-311
edge_match: 
from 4 to 1 matchnode 118

118 5971 3  0.57942  0.505448  0.6975  1.20054e-311
from 4 to 3 matchnode 118

118 2413 2  0.8118  0.6402  0.743333  1.20042e-311
118 6169 3  0.71136  0.61074  0.8425  1.20042e-311
from 4 to 1 matchnode 706

706 5971 3  0.607608  0.75012  0.605  1.20054e-311
from 4 to 3 matchnode 706

706 2413 3  0.512  0.515844  0.52  1.20042e-311
706 6169 3  0.836  0.532042  0.7025  1.20042e-311

pattern answer21:
vertex1: 节点个数 1
5992 1 0.9
vertex2: 节点个数 2
2850 2 0.9
3245 2 0.63
vertex3: 节点个数 2
154 3 0.64
5350 3 0.97
vertex4: 节点个数 2
118 4 0.84
1614 4 0.51
edge_match: 
from 1 to 2 matchnode 5992

5992 2850 2  0.6624  0.5694  0.92  1.20048e-311
5992 3245 2  0.5301  0.798  0.82  1.20048e-311
from 1 to 4 matchnode 5992

5992 118 2  0.6633  0.6942  0.82  1.20051e-311
5992 1614 3  0.586644  0.567112  0.505  1.20051e-311
edge_match: 
from 2 to 1 matchnode 2850

2850 5992 3  0.6552  0.62567  0.8225  6.95335e-310
from 2 to 3 matchnode 2850

2850 154 1  0.92  0.84  0.77  1.20053e-311
2850 5350 3  0.70034  0.88464  0.665  1.20053e-311
from 2 to 4 matchnode 2850

2850 118 3  0.543816  0.52734  0.78  1.20048e-311
2850 1614 3  0.829374  0.5481  0.6475  1.20047e-311
from 2 to 1 matchnode 3245

3245 5992 3  0.506688  0.728732  0.6075  6.95335e-310
from 2 to 3 matchnode 3245

3245 154 3  0.573252  0.581348  0.5625  1.20053e-311
3245 5350 3  0.69687  0.534267  0.6375  1.20053e-311
from 2 to 4 matchnode 3245

3245 118 3  0.52896  0.5346  0.835  1.20048e-311
3245 1614 3  0.640305  0.534375  0.5425  1.20047e-311
edge_match: 
from 3 to 1 matchnode 154

154 5992 3  0.577344  0.769761  0.7125  1.20051e-311
from 3 to 2 matchnode 154

154 2850 3  0.6192  0.634926  0.7175  1.20052e-311
154 3245 3  0.630403  0.66402  0.5925  6.95128e-310
from 3 to 4 matchnode 154

154 118 3  0.922082  0.6142  0.655  1.20048e-311
154 1614 2  0.9021  0.555  0.716667  1.20042e-311
from 3 to 1 matchnode 5350

5350 5992 2  0.8924  0.5002  0.783333  1.20051e-311
from 3 to 2 matchnode 5350

5350 2850 3  0.5616  0.514878  0.665  1.20052e-311
5350 3245 3  0.677448  0.6232  0.5475  6.95128e-310
from 3 to 4 matchnode 5350

5350 118 3  0.5643  0.5607  0.7975  1.20048e-311
5350 1614 2  0.5727  0.637  0.523333  1.20042e-311
edge_match: 
from 4 to 1 matchnode 118

118 5992 3  0.52992  0.537471  0.7325  1.20048e-311
from 4 to 3 matchnode 118

118 154 3  0.536544  0.69984  0.54  1.20042e-311
118 5350 3  0.572544  0.590148  0.7125  1.20042e-311
from 4 to 1 matchnode 1614

1614 5992 3  0.602082  0.662904  0.6075  1.20048e-311
from 4 to 3 matchnode 1614

1614 154 3  0.53314  0.72819  0.695  1.20055e-311
1614 5350 3  0.529254  0.535304  0.7875  1.20055e-311

pattern answer22:
vertex1: 节点个数 1
7311 1 0.6
vertex2: 节点个数 2
2386 2 0.79
3432 2 0.72
vertex3: 节点个数 2
1971 3 0.6
2283 3 0.82
vertex4: 节点个数 2
2305 4 0.71
2583 4 0.71
edge_match: 
from 1 to 2 matchnode 7311

7311 2386 2  0.6072  0.5293  0.693333  1.20054e-311
7311 3432 3  0.563586  0.516672  0.63  1.20054e-311
from 1 to 4 matchnode 7311

7311 2305 3  0.70224  0.633888  0.7075  1.20046e-311
7311 2583 3  0.52272  0.65472  0.61  1.20046e-311
edge_match: 
from 2 to 1 matchnode 2386

2386 7311 2  0.6072  0.5852  0.783333  1.20046e-311
from 2 to 3 matchnode 2386

2386 1971 3  0.764181  0.580041  0.61  1.20054e-311
2386 2283 2  0.8514  0.6237  0.87  1.20054e-311
from 2 to 4 matchnode 2386

2386 2305 3  0.515736  0.649221  0.64  6.95128e-310
2386 2583 3  0.784827  0.866016  0.7375  1.20047e-311
from 2 to 1 matchnode 3432

3432 7311 2  0.736  0.5092  0.76  1.20046e-311
from 2 to 3 matchnode 3432

3432 1971 3  0.51336  0.599148  0.6875  1.20042e-311
3432 2283 2  0.7584  0.97  0.583333  1.20042e-311
from 2 to 4 matchnode 3432

3432 2305 3  0.583968  0.679  0.615  6.95128e-310
3432 2583 2  0.8091  0.7254  0.633333  1.20047e-311
edge_match: 
from 3 to 1 matchnode 1971

1971 7311 3  0.520608  0.604666  0.6125  1.20046e-311
from 3 to 2 matchnode 1971

1971 2386 3  0.87  0.749075  0.6375  6.95128e-310
1971 3432 3  0.688688  0.562302  0.5  1.20042e-311
from 3 to 4 matchnode 1971

1971 2305 3  0.70262  0.668736  0.725  1.20042e-311
1971 2583 3  0.77469  0.589248  0.59  1.20057e-311
from 3 to 1 matchnode 2283

2283 7311 3  0.696348  0.52421  0.62  1.20046e-311
from 3 to 2 matchnode 2283

2283 2386 3  0.65949  0.838488  0.71  6.95128e-310
2283 3432 3  0.847392  0.610718  0.5  1.20042e-311
from 3 to 4 matchnode 2283

2283 2305 3  0.622725  0.921984  0.8025  1.20042e-311
2283 2583 2  0.7533  0.6882  0.666667  1.20057e-311
edge_match: 
from 4 to 1 matchnode 2305

2305 7311 3  0.72036  0.642224  0.635  1.20046e-311
from 4 to 3 matchnode 2305

2305 1971 1  0.57  0.83  0.655  1.2005e-311
2305 2283 1  0.66  0.79  0.765  1.2005e-311
from 4 to 1 matchnode 2583

2583 7311 3  0.706266  0.619974  0.545  1.20046e-311
from 4 to 3 matchnode 2583

2583 1971 3  0.751812  0.57024  0.5875  1.20048e-311
2583 2283 3  0.68112  0.563112  0.755  1.20048e-311

pattern answer23:
vertex1: 节点个数 1
8557 1 0.89
vertex2: 节点个数 2
1834 2 0.81
2386 2 0.79
vertex3: 节点个数 2
1067 3 0.61
6169 3 0.97
vertex4: 节点个数 2
118 4 0.84
1283 4 0.52
edge_match: 
from 1 to 2 matchnode 8557

8557 1834 3  0.61983  0.539539  0.89  1.20048e-311
8557 2386 3  0.51759  0.56056  0.885  1.20048e-311
from 1 to 4 matchnode 8557

8557 118 3  0.776776  0.532224  0.7325  1.2005e-311
8557 1283 3  0.617405  0.658944  0.7475  1.2005e-311
edge_match: 
from 2 to 1 matchnode 1834

1834 8557 3  0.61479  0.847974  0.8225  3.39527e-312
from 2 to 3 matchnode 1834

1834 1067 2  0.621  0.9118  0.8  1.20047e-311
1834 6169 3  0.62748  0.820224  0.7325  1.20047e-311
from 2 to 4 matchnode 1834

1834 118 2  0.7568  0.5609  0.56  1.20048e-311
1834 1283 3  0.6723  0.75078  0.8125  1.20057e-311
from 2 to 1 matchnode 2386

2386 8557 3  0.594297  0.847974  0.8175  3.39527e-312
from 2 to 3 matchnode 2386

2386 1067 2  0.6003  0.9118  0.793333  1.20054e-311
2386 6169 3  0.710424  0.74404  0.73  1.20054e-311
from 2 to 4 matchnode 2386

2386 118 3  0.941094  0.5229  0.6925  1.20048e-311
2386 1283 3  0.64989  0.75078  0.8075  1.20057e-311
edge_match: 
from 3 to 1 matchnode 1067

1067 8557 1  0.99  0.93  0.75  1.2005e-311
from 3 to 2 matchnode 1067

1067 1834 3  0.607608  0.549318  0.8075  6.95128e-310
1067 2386 3  0.582912  0.787446  0.66  6.95128e-310
from 3 to 4 matchnode 1067

1067 118 2  0.551  0.5084  0.746667  1.20048e-311
1067 1283 2  0.712  0.6596  0.606667  1.20053e-311
from 3 to 1 matchnode 6169

6169 8557 3  0.663201  0.537168  0.8075  1.2005e-311
from 3 to 2 matchnode 6169

6169 1834 3  0.55944  0.632256  0.7175  6.95128e-310
6169 2386 3  0.5412  0.501642  0.725  6.95128e-310
from 3 to 4 matchnode 6169

6169 118 2  0.7098  0.6318  0.78  1.20048e-311
6169 1283 3  0.580944  0.883476  0.73  1.20053e-311
edge_match: 
from 4 to 1 matchnode 118

118 8557 2  0.602  0.534  0.616667  1.2005e-311
from 4 to 3 matchnode 118

118 1067 3  0.662607  0.893564  0.7525  1.20042e-311
118 6169 3  0.71136  0.61074  0.8425  1.20042e-311
from 4 to 1 matchnode 1283

1283 8557 3  0.717948  0.504897  0.6775  1.2005e-311
from 4 to 3 matchnode 1283

1283 1067 3  0.787528  0.7332  0.59  1.20047e-311
1283 6169 3  0.749616  0.66572  0.7275  1.20047e-311

pattern answer24:
vertex1: 节点个数 1
10011 1 0.94
vertex2: 节点个数 2
2386 2 0.79
3183 2 0.63
vertex3: 节点个数 2
154 3 0.64
2283 3 0.82
vertex4: 节点个数 2
2305 4 0.71
3761 4 0.66
edge_match: 
from 1 to 2 matchnode 10011

10011 2386 3  0.799  0.67728  0.6625  1.20042e-311
10011 3183 3  0.5336  0.51975  0.59  1.20042e-311
from 1 to 4 matchnode 10011

10011 2305 3  0.662418  0.686375  0.66  1.2005e-311
10011 3761 2  0.7623  0.693  0.54  1.2005e-311
edge_match: 
from 2 to 1 matchnode 2386

2386 10011 3  0.660376  0.516344  0.6775  3.39527e-312
from 2 to 3 matchnode 2386

2386 154 3  0.57942  0.83  0.72  1.20054e-311
2386 2283 2  0.8514  0.6237  0.87  1.20054e-311
from 2 to 4 matchnode 2386

2386 2305 3  0.515736  0.649221  0.64  6.95128e-310
2386 3761 3  0.673992  0.54036  0.6075  1.20042e-311
from 2 to 1 matchnode 3183

3183 10011 3  0.883476  0.652224  0.6375  3.39527e-312
from 2 to 3 matchnode 3183

3183 154 3  0.765072  0.5688  0.5625  1.20057e-311
3183 2283 3  0.735644  0.77616  0.8025  1.20057e-311
from 2 to 4 matchnode 3183

3183 2305 3  0.63612  0.6624  0.6775  6.95128e-310
3183 3761 3  0.901692  0.68256  0.5675  1.20042e-311
edge_match: 
from 3 to 1 matchnode 154

154 10011 3  0.7372  0.735816  0.56  1.2005e-311
from 3 to 2 matchnode 154

154 2386 3  0.820911  0.715473  0.59  6.95128e-310
154 3183 3  0.6624  0.530442  0.5725  1.20052e-311
from 3 to 4 matchnode 154

154 2305 2  0.83  0.6696  0.663333  1.20042e-311
154 3761 3  0.518518  0.592704  0.73  1.20042e-311
from 3 to 1 matchnode 2283

2283 10011 3  0.520793  0.818928  0.6425  1.2005e-311
from 3 to 2 matchnode 2283

2283 2386 3  0.65949  0.838488  0.71  6.95128e-310
2283 3183 2  0.8455  0.98  0.806667  1.20052e-311
from 3 to 4 matchnode 2283

2283 2305 3  0.622725  0.921984  0.8025  1.20042e-311
2283 3761 3  0.5346  0.80352  0.565  1.20042e-311
edge_match: 
from 4 to 1 matchnode 2305

2305 10011 3  0.658854  0.8037  0.6075  1.2005e-311
from 4 to 3 matchnode 2305

2305 154 3  0.72171  0.611  0.6425  1.2005e-311
2305 2283 1  0.66  0.79  0.765  1.2005e-311
from 4 to 1 matchnode 3761

3761 10011 2  0.7275  0.6794  0.54  1.2005e-311
from 4 to 3 matchnode 3761

3761 154 3  0.7144  0.5044  0.5925  1.20052e-311
3761 2283 2  0.5775  0.5293  0.5  1.20052e-311

pattern answer25:
vertex1: 节点个数 1
11490 1 0.54
vertex2: 节点个数 2
139 2 0.58
3245 2 0.63
vertex3: 节点个数 2
154 3 0.64
2283 3 0.82
vertex4: 节点个数 2
118 4 0.84
4741 4 0.62
edge_match: 
from 1 to 2 matchnode 11490

11490 139 3  0.503808  0.874552  0.64  1.20048e-311
11490 3245 3  0.601224  0.722  0.7325  1.20048e-311
from 1 to 4 matchnode 11490

11490 118 3  0.9108  0.649344  0.7075  1.20046e-311
11490 4741 3  0.546  0.540672  0.6075  1.20046e-311
edge_match: 
from 2 to 1 matchnode 139

139 11490 2  0.9506  0.504  0.616667  1.20042e-311
from 2 to 3 matchnode 139

139 154 3  0.583395  0.52955  0.5525  1.20042e-311
139 2283 3  0.653184  0.820135  0.5025  1.20042e-311
from 2 to 4 matchnode 139

139 118 3  0.9603  0.68352  0.7175  1.20048e-311
139 4741 3  0.619084  0.50112  0.605  6.95128e-310
from 2 to 1 matchnode 3245

3245 11490 2  0.603  0.532  0.596667  1.20042e-311
from 2 to 3 matchnode 3245

3245 154 3  0.573252  0.581348  0.5625  1.20053e-311
3245 2283 3  0.59211  0.705375  0.62  1.20053e-311
from 2 to 4 matchnode 3245

3245 118 3  0.52896  0.5346  0.835  1.20048e-311
3245 4741 3  0.82935  0.57154  0.5375  6.95128e-310
edge_match: 
from 3 to 1 matchnode 154

154 11490 2  0.8084  0.5696  0.57  1.20046e-311
from 3 to 2 matchnode 154

154 139 3  0.576576  0.602784  0.5525  6.95128e-310
154 3245 3  0.630403  0.66402  0.5925  6.95128e-310
from 3 to 4 matchnode 154

154 118 3  0.922082  0.6142  0.655  1.20048e-311
154 4741 3  0.9118  0.730701  0.63  1.20047e-311
from 3 to 1 matchnode 2283

2283 11490 3  0.699524  0.67032  0.7175  1.20046e-311
from 3 to 2 matchnode 2283

2283 139 3  0.71295  0.61254  0.56  6.95128e-310
2283 3245 3  0.665665  0.821748  0.5925  6.95128e-310
from 3 to 4 matchnode 2283

2283 118 3  0.54782  0.518616  0.7225  1.20048e-311
2283 4741 3  0.717024  0.64728  0.5825  1.20047e-311
edge_match: 
from 4 to 1 matchnode 118

118 11490 3  0.5372  0.809088  0.515  1.20046e-311
from 4 to 3 matchnode 118

118 154 3  0.536544  0.69984  0.54  1.20042e-311
118 2283 3  0.759122  0.765072  0.71  1.20042e-311
from 4 to 1 matchnode 4741

4741 11490 3  0.819868  0.6498  0.7025  1.20046e-311
from 4 to 3 matchnode 4741

4741 154 2  0.6532  0.6231  0.67  1.20046e-311
4741 2283 3  0.614196  0.54747  0.7125  1.20046e-311

pattern answer26:
vertex1: 节点个数 1
11788 1 0.9
vertex2: 节点个数 2
2101 2 0.5
2386 2 0.79
vertex3: 节点个数 2
1971 3 0.6
6169 3 0.97
vertex4: 节点个数 2
118 4 0.84
1283 4 0.52
edge_match: 
from 1 to 2 matchnode 11788

11788 2101 2  0.54  0.5985  0.713333  1.20049e-311
11788 2386 3  0.674926  0.684335  0.6925  1.20049e-311
from 1 to 4 matchnode 11788

11788 118 2  0.5696  0.7954  0.663333  1.20051e-311
11788 1283 2  0.7371  0.6003  0.676667  1.20051e-311
edge_match: 
from 2 to 1 matchnode 2101

2101 11788 3  0.519552  0.519156  0.645  1.20055e-311
from 2 to 3 matchnode 2101

2101 1971 2  0.5106  0.7776  0.643333  1.20047e-311
2101 6169 3  0.561216  0.569296  0.6975  1.20047e-311
from 2 to 4 matchnode 2101

2101 118 3  0.74214  0.533984  0.7575  1.20048e-311
2101 1283 3  0.501696  0.525252  0.66  1.20057e-311
from 2 to 1 matchnode 2386

2386 11788 2  0.5544  0.7315  0.883333  1.20055e-311
from 2 to 3 matchnode 2386

2386 1971 3  0.764181  0.580041  0.61  1.20054e-311
2386 6169 3  0.710424  0.74404  0.73  1.20054e-311
from 2 to 4 matchnode 2386

2386 118 3  0.941094  0.5229  0.6925  1.20048e-311
2386 1283 3  0.64989  0.75078  0.8075  1.20057e-311
edge_match: 
from 3 to 1 matchnode 1971

1971 11788 3  0.68112  0.769986  0.56  1.20046e-311
from 3 to 2 matchnode 1971

1971 2101 3  0.523218  0.788832  0.5275  1.20047e-311
1971 2386 3  0.87  0.749075  0.6375  6.95128e-310
from 3 to 4 matchnode 1971

1971 118 3  0.55419  0.6783  0.555  1.20048e-311
1971 1283 3  0.558624  0.567112  0.725  1.20053e-311
from 3 to 1 matchnode 6169

6169 11788 3  0.677376  0.79002  0.9475  1.20046e-311
from 3 to 2 matchnode 6169

6169 2101 3  0.54873  0.502848  0.54  1.20047e-311
6169 2386 3  0.5412  0.501642  0.725  6.95128e-310
from 3 to 4 matchnode 6169

6169 118 2  0.7098  0.6318  0.78  1.20048e-311
6169 1283 3  0.580944  0.883476  0.73  1.20053e-311
edge_match: 
from 4 to 1 matchnode 118

118 11788 2  0.8448  0.7332  0.736667  1.20057e-311
from 4 to 3 matchnode 118

118 1971 3  0.837837  0.710622  0.5175  1.20042e-311
118 6169 3  0.71136  0.61074  0.8425  1.20042e-311
from 4 to 1 matchnode 1283

1283 11788 2  0.6175  0.648  0.593333  1.20057e-311
from 4 to 3 matchnode 1283

1283 1971 2  0.828  0.7832  0.536667  1.20047e-311
1283 6169 3  0.749616  0.66572  0.7275  1.20047e-311

pattern answer27:
vertex1: 节点个数 1
12050 1 0.97
vertex2: 节点个数 2
2386 2 0.79
5145 2 0.89
vertex3: 节点个数 2
286 3 0.64
1067 3 0.61
vertex4: 节点个数 2
1283 4 0.52
2305 4 0.71
edge_match: 
from 1 to 2 matchnode 12050

12050 2386 3  0.57904  0.554827  0.6  1.2005e-311
12050 5145 1  0.74  0.85  0.93  1.2005e-311
from 1 to 4 matchnode 12050

12050 1283 3  0.512394  0.615888  0.575  1.20048e-311
12050 2305 3  0.66044  0.52416  0.7575  1.20048e-311
edge_match: 
from 2 to 1 matchnode 2386

2386 12050 3  0.656502  0.574574  0.58  1.20042e-311
from 2 to 3 matchnode 2386

2386 286 2  0.8811  0.5846  0.696667  1.20054e-311
2386 1067 2  0.6003  0.9118  0.793333  1.20054e-311
from 2 to 4 matchnode 2386

2386 1283 3  0.64989  0.75078  0.8075  1.20057e-311
2386 2305 3  0.515736  0.649221  0.64  6.95128e-310
from 2 to 1 matchnode 5145

5145 12050 3  0.672672  0.708939  0.77  1.20042e-311
from 2 to 3 matchnode 5145

5145 286 2  0.9306  0.6603  0.806667  1.20042e-311
5145 1067 3  0.54144  0.558372  0.8025  1.20042e-311
from 2 to 4 matchnode 5145

5145 1283 3  0.549976  0.529802  0.8225  1.20057e-311
5145 2305 3  0.77691  0.741024  0.8  6.95128e-310
edge_match: 
from 3 to 1 matchnode 286

286 12050 3  0.66348  0.525252  0.5625  1.20048e-311
from 3 to 2 matchnode 286

286 2386 3  0.571428  0.510692  0.5425  6.95128e-310
286 5145 3  0.56248  0.701765  0.8275  1.20042e-311
from 3 to 4 matchnode 286

286 1283 3  0.712264  0.518158  0.76  1.20053e-311
286 2305 1  0.83  0.72  0.675  1.20042e-311
from 3 to 1 matchnode 1067

1067 12050 3  0.767464  0.61074  0.86  1.20048e-311
from 3 to 2 matchnode 1067

1067 2386 3  0.582912  0.787446  0.66  6.95128e-310
1067 5145 2  0.6794  0.747  0.82  1.20042e-311
from 3 to 4 matchnode 1067

1067 1283 2  0.712  0.6596  0.606667  1.20053e-311
1067 2305 2  0.594  0.7007  0.673333  1.20042e-311
edge_match: 
from 4 to 1 matchnode 1283

1283 12050 3  0.634865  0.603345  0.615  1.20048e-311
from 4 to 3 matchnode 1283

1283 286 3  0.673374  0.8827  0.5175  1.20047e-311
1283 1067 3  0.787528  0.7332  0.59  1.20047e-311
from 4 to 1 matchnode 2305

2305 12050 3  0.65835  0.657657  0.78  1.20048e-311
from 4 to 3 matchnode 2305

2305 286 2  0.736  0.7462  0.743333  1.2005e-311
2305 1067 3  0.67228  0.9212  0.6375  1.2005e-311

pattern answer28:
vertex1: 节点个数 1
13616 1 0.67
vertex2: 节点个数 2
1834 2 0.81
2850 2 0.9
vertex3: 节点个数 2
286 3 0.64
6169 3 0.97
vertex4: 节点个数 2
5706 4 0.64
8196 4 0.82
edge_match: 
from 1 to 2 matchnode 13616

13616 1834 2  0.5605  0.621  0.58  1.20042e-311
13616 2850 3  0.652935  0.6111  0.595  1.20042e-311
from 1 to 4 matchnode 13616

13616 5706 3  0.71478  0.582912  0.5025  1.20051e-311
13616 8196 3  0.510384  0.523392  0.635  1.20051e-311
edge_match: 
from 2 to 1 matchnode 1834

1834 13616 2  0.6003  0.549  0.753333  3.39527e-312
from 2 to 3 matchnode 1834

1834 286 2  0.6552  0.616  0.77  1.20047e-311
1834 6169 3  0.62748  0.820224  0.7325  1.20047e-311
from 2 to 4 matchnode 1834

1834 5706 3  0.518144  0.5016  0.575  1.20048e-311
1834 8196 3  0.72576  0.623904  0.8275  1.20048e-311
from 2 to 1 matchnode 2850

2850 13616 3  0.506232  0.6137  0.6875  3.39527e-312
from 2 to 3 matchnode 2850

2850 286 2  0.92  0.7812  0.726667  1.20053e-311
2850 6169 3  0.52768  0.50052  0.8475  1.20053e-311
from 2 to 4 matchnode 2850

2850 5706 3  0.642528  0.593712  0.685  1.20048e-311
2850 8196 3  0.902682  0.538356  0.745  1.20048e-311
edge_match: 
from 3 to 1 matchnode 286

286 13616 3  0.595232  0.5928  0.535  1.20051e-311
from 3 to 2 matchnode 286

286 1834 3  0.544073  0.623623  0.8275  6.95128e-310
286 2850 3  0.65504  0.65949  0.83  1.20052e-311
from 3 to 4 matchnode 286

286 5706 3  0.684  0.574028  0.69  1.20042e-311
286 8196 1  0.8  0.68  0.73  1.20042e-311
from 3 to 1 matchnode 6169

6169 13616 1  0.52  0.53  0.82  1.20051e-311
from 3 to 2 matchnode 6169

6169 1834 3  0.55944  0.632256  0.7175  6.95128e-310
6169 2850 3  0.72036  0.589358  0.6975  1.20052e-311
from 3 to 4 matchnode 6169

6169 5706 3  0.7942  0.527681  0.64  1.20042e-311
6169 8196 3  0.61104  0.519365  0.73  1.20042e-311
edge_match: 
from 4 to 1 matchnode 5706

5706 13616 3  0.551544  0.507213  0.59  1.20051e-311
from 4 to 3 matchnode 5706

5706 286 2  0.6966  0.5772  0.7  1.20042e-311
5706 6169 2  0.684  0.6468  0.77  1.20042e-311
from 4 to 1 matchnode 8196

8196 13616 3  0.8544  0.6669  0.6325  1.20051e-311
from 4 to 3 matchnode 8196

8196 286 2  0.8827  0.6004  0.646667  1.20042e-311
8196 6169 3  0.55944  0.728732  0.7925  1.20042e-311

pattern answer29:
vertex1: 节点个数 1
17078 1 0.93
vertex2: 节点个数 2
2386 2 0.79
2850 2 0.9
vertex3: 节点个数 2
2413 3 0.81
5512 3 0.6
vertex4: 节点个数 2
1094 4 0.96
8171 4 0.5
edge_match: 
from 1 to 2 matchnode 17078

17078 2386 3  0.51  0.51119  0.62  1.20053e-311
17078 2850 3  0.63342  0.51612  0.725  1.20053e-311
from 1 to 4 matchnode 17078

17078 1094 3  0.51442  0.7395  0.5675  1.20051e-311
17078 8171 3  0.54094  0.67116  0.58  1.20051e-311
edge_match: 
from 2 to 1 matchnode 2386

2386 17078 3  0.71638  0.52598  0.53  3.39527e-312
from 2 to 3 matchnode 2386

2386 2413 2  0.5694  0.9506  0.783333  1.20054e-311
2386 5512 3  0.563706  0.922082  0.7375  1.20054e-311
from 2 to 4 matchnode 2386

2386 1094 2  0.6279  0.6  0.733333  6.95128e-310
2386 8171 2  0.7254  0.684  0.66  1.20049e-311
from 2 to 1 matchnode 2850

2850 17078 3  0.717412  0.51578  0.6875  3.39527e-312
from 2 to 3 matchnode 2850

2850 2413 3  0.642096  0.761024  0.6475  1.20053e-311
2850 5512 2  0.6435  0.5238  0.77  1.20053e-311
from 2 to 4 matchnode 2850

2850 1094 3  0.793702  0.518868  0.76  6.95128e-310
2850 8171 3  0.53641  0.564655  0.69  1.20049e-311
edge_match: 
from 3 to 1 matchnode 2413

2413 17078 3  0.727818  0.55063  0.735  1.2005e-311
from 3 to 2 matchnode 2413

2413 2386 1  0.88  0.63  0.8  6.95128e-310
2413 2850 3  0.6624  0.596232  0.9  1.20052e-311
from 3 to 4 matchnode 2413

2413 1094 3  0.839232  0.54747  0.6575  1.20047e-311
2413 8171 3  0.759552  0.829738  0.705  1.20045e-311
from 3 to 1 matchnode 5512

5512 17078 2  0.5415  0.522  0.64  1.2005e-311
from 3 to 2 matchnode 5512

5512 2386 3  0.592515  0.70488  0.615  6.95128e-310
5512 2850 3  0.617308  0.71896  0.675  1.20052e-311
from 3 to 4 matchnode 5512

5512 1094 3  0.66339  0.63504  0.705  1.20047e-311
5512 8171 3  0.7353  0.746172  0.6225  1.20045e-311
edge_match: 
from 4 to 1 matchnode 1094

1094 17078 3  0.539392  0.518245  0.5725  1.2005e-311
from 4 to 3 matchnode 1094

1094 2413 2  0.5632  0.5427  0.62  1.20051e-311
1094 5512 3  0.557568  0.526419  0.615  1.20051e-311
from 4 to 1 matchnode 8171

8171 17078 2  0.5246  0.7055  0.58  1.2005e-311
from 4 to 3 matchnode 8171

8171 2413 2  0.6111  0.665  0.51  1.20042e-311
8171 5512 3  0.64311  0.65702  0.53  1.20042e-311

