pattern answer1:
vertex1: 节点个数 1
41 1 0.57
vertex2: 节点个数 2
42 2 0.51
47 2 0.64
vertex3: 节点个数 2
49 3 0.97
74 3 0.81
vertex4: 节点个数 2
67 4 0.78
75 4 0.54
edge_match: 
from 1 to 3 matchnode 41

41 49 3  0.52822  0.614916  0.8125  1.40732e-311
41 74 1  0.97  0.65  0.69  1.40732e-311
edge_match: 
from 2 to 4 matchnode 42

42 67 3  0.5434  0.55986  0.695  6.95128e-310
42 75 1  0.55  0.79  0.525  1.40732e-311
from 2 to 4 matchnode 47

47 67 3  0.500905  0.5922  0.76  6.95128e-310
47 75 2  0.5964  0.6675  0.676667  1.40732e-311
edge_match: 
from 3 to 1 matchnode 49

49 41 3  0.598975  0.68544  0.6525  4.82961e-312
from 3 to 1 matchnode 74

74 41 3  0.821655  0.56637  0.6025  4.82961e-312
edge_match: 
from 4 to 1 matchnode 67

67 41 3  0.9408  0.62415  0.5675  1.40732e-311
from 4 to 1 matchnode 75

75 41 1  0.93  0.87  0.555  1.40732e-311

pattern answer2:
vertex1: 节点个数 1
44 1 0.9
vertex2: 节点个数 2
42 2 0.51
47 2 0.64
vertex3: 节点个数 2
49 3 0.97
74 3 0.81
vertex4: 节点个数 2
67 4 0.78
75 4 0.54
edge_match: 
from 1 to 3 matchnode 44

44 49 1  0.53  0.83  0.935  1.40733e-311
44 74 1  0.97  0.5  0.855  1.40733e-311
edge_match: 
from 2 to 4 matchnode 42

42 67 3  0.5434  0.55986  0.695  6.95128e-310
42 75 1  0.55  0.79  0.525  1.40732e-311
from 2 to 4 matchnode 47

47 67 3  0.500905  0.5922  0.76  6.95128e-310
47 75 2  0.5964  0.6675  0.676667  1.40732e-311
edge_match: 
from 3 to 1 matchnode 49

49 44 3  0.632016  0.752752  0.5775  6.95335e-310
from 3 to 1 matchnode 74

74 44 1  0.57  0.92  0.855  6.95335e-310
edge_match: 
from 4 to 1 matchnode 67

67 44 3  0.8736  0.56867  0.65  1.40734e-311
from 4 to 1 matchnode 75

75 44 3  0.71424  0.51744  0.5325  1.40734e-311

pattern answer3:
vertex1: 节点个数 1
46 1 0.8
vertex2: 节点个数 2
42 2 0.51
137 2 0.75
vertex3: 节点个数 2
74 3 0.81
729 3 0.94
vertex4: 节点个数 2
75 4 0.54
89 4 0.77
edge_match: 
from 1 to 3 matchnode 46

46 74 3  0.72864  0.565728  0.6  1.40735e-311
46 729 3  0.65076  0.856704  0.535  1.40735e-311
edge_match: 
from 2 to 4 matchnode 42

42 75 1  0.55  0.79  0.525  1.40732e-311
42 89 2  0.8554  0.6499  0.716667  4.82961e-312
from 2 to 4 matchnode 137

137 75 3  0.590604  0.7298  0.75  1.40732e-311
137 89 3  0.830304  0.827022  0.715  4.82961e-312
edge_match: 
from 3 to 1 matchnode 74

74 46 2  0.8536  0.7722  0.786667  6.95335e-310
from 3 to 1 matchnode 729

729 46 3  0.6402  0.687258  0.825  6.95335e-310
edge_match: 
from 4 to 1 matchnode 75

75 46 2  0.6952  0.6072  0.52  1.40737e-311
from 4 to 1 matchnode 89

89 46 2  0.53  0.5208  0.663333  1.40737e-311

pattern answer4:
vertex1: 节点个数 1
83 1 0.86
vertex2: 节点个数 2
63 2 0.52
485 2 0.93
vertex3: 节点个数 2
49 3 0.97
74 3 0.81
vertex4: 节点个数 2
32 4 0.54
67 4 0.78
edge_match: 
from 1 to 3 matchnode 83

83 49 3  0.691488  0.6336  0.745  1.40736e-311
83 74 2  0.5082  0.6745  0.706667  1.40736e-311
edge_match: 
from 2 to 4 matchnode 63

63 32 3  0.542124  0.567567  0.5625  6.95128e-310
63 67 3  0.664664  0.709632  0.6225  6.95128e-310
from 2 to 4 matchnode 485

485 32 3  0.547468  0.50141  0.645  6.95128e-310
485 67 3  0.520344  0.620994  0.58  6.95128e-310
edge_match: 
from 3 to 1 matchnode 49

49 83 3  0.6408  0.71442  0.73  6.95335e-310
from 3 to 1 matchnode 74

74 83 2  0.5985  0.8835  0.72  6.95335e-310
edge_match: 
from 4 to 1 matchnode 32

32 83 3  0.708102  0.569296  0.79  1.40737e-311
from 4 to 1 matchnode 67

67 83 3  0.567858  0.632316  0.5125  1.40737e-311

pattern answer5:
vertex1: 节点个数 1
203 1 0.97
vertex2: 节点个数 2
42 2 0.51
47 2 0.64
vertex3: 节点个数 2
74 3 0.81
380 3 0.91
vertex4: 节点个数 2
75 4 0.54
122 4 1
edge_match: 
from 1 to 3 matchnode 203

203 74 3  0.66348  0.803985  0.8  1.40734e-311
203 380 3  0.646  0.646536  0.76  1.40734e-311
edge_match: 
from 2 to 4 matchnode 42

42 75 1  0.55  0.79  0.525  1.40732e-311
42 122 3  0.582048  0.554224  0.65  4.82961e-312
from 2 to 4 matchnode 47

47 75 2  0.5964  0.6675  0.676667  1.40732e-311
47 122 3  0.525045  0.5499  0.815  4.82961e-312
edge_match: 
from 3 to 1 matchnode 74

74 203 3  0.6783  0.839232  0.7525  6.95335e-310
from 3 to 1 matchnode 380

380 203 3  0.588588  0.657248  0.84  6.95335e-310
edge_match: 
from 4 to 1 matchnode 75

75 203 3  0.665028  0.82156  0.7475  1.40738e-311
from 4 to 1 matchnode 122

122 203 1  0.9  0.52  0.985  1.40738e-311

pattern answer6:
vertex1: 节点个数 1
443 1 0.87
vertex2: 节点个数 2
42 2 0.51
137 2 0.75
vertex3: 节点个数 2
49 3 0.97
74 3 0.81
vertex4: 节点个数 2
75 4 0.54
89 4 0.77
edge_match: 
from 1 to 3 matchnode 443

443 49 3  0.742632  0.715204  0.7225  1.40739e-311
443 74 3  0.912  0.749034  0.7325  1.40739e-311
edge_match: 
from 2 to 4 matchnode 42

42 75 1  0.55  0.79  0.525  1.40732e-311
42 89 2  0.8554  0.6499  0.716667  4.82961e-312
from 2 to 4 matchnode 137

137 75 3  0.590604  0.7298  0.75  1.40732e-311
137 89 3  0.830304  0.827022  0.715  4.82961e-312
edge_match: 
from 3 to 1 matchnode 49

49 443 2  0.792  0.711  0.883333  1.4073e-311
from 3 to 1 matchnode 74

74 443 2  0.98  0.6555  0.716667  1.4073e-311
edge_match: 
from 4 to 1 matchnode 75

75 443 2  0.63  0.6745  0.626667  1.40736e-311
from 4 to 1 matchnode 89

89 443 2  0.85  0.8645  0.703333  1.40736e-311

pattern answer7:
vertex1: 节点个数 1
444 1 0.54
vertex2: 节点个数 2
42 2 0.51
47 2 0.64
vertex3: 节点个数 2
2104 3 0.8
3932 3 0.94
vertex4: 节点个数 2
67 4 0.78
210 4 0.82
edge_match: 
from 1 to 3 matchnode 444

444 2104 3  0.560142  0.73508  0.625  1.40736e-311
444 3932 3  0.67221  0.63726  0.675  1.40736e-311
edge_match: 
from 2 to 4 matchnode 42

42 67 3  0.5434  0.55986  0.695  6.95128e-310
42 210 3  0.68385  0.518848  0.73  4.82961e-312
from 2 to 4 matchnode 47

47 67 3  0.500905  0.5922  0.76  6.95128e-310
47 210 3  0.56595  0.55986  0.7925  4.82961e-312
edge_match: 
from 3 to 1 matchnode 2104

2104 444 3  0.7098  0.74385  0.69  6.95335e-310
from 3 to 1 matchnode 3932

3932 444 2  0.5546  0.5103  0.506667  6.95335e-310
edge_match: 
from 4 to 1 matchnode 67

67 444 3  0.7566  0.57285  0.685  1.40731e-311
from 4 to 1 matchnode 210

210 444 3  0.656208  0.7144  0.7225  1.40731e-311

pattern answer8:
vertex1: 节点个数 1
543 1 1
vertex2: 节点个数 2
63 2 0.52
100 2 0.89
vertex3: 节点个数 2
805 3 0.63
1002 3 0.55
vertex4: 节点个数 2
1401 4 0.98
2088 4 0.71
edge_match: 
from 1 to 3 matchnode 543

543 805 3  0.53244  0.662904  0.7825  1.40736e-311
543 1002 2  0.705  0.6417  0.766667  1.40736e-311
edge_match: 
from 2 to 4 matchnode 63

63 1401 3  0.6882  0.505164  0.73  6.95128e-310
63 2088 3  0.7084  0.513513  0.59  1.40735e-311
from 2 to 4 matchnode 100

100 1401 2  0.7872  0.8415  0.87  6.95128e-310
100 2088 3  0.595595  0.52136  0.5125  1.40735e-311
edge_match: 
from 3 to 1 matchnode 805

805 543 3  0.615342  0.54126  0.7575  1.40737e-311
from 3 to 1 matchnode 1002

1002 543 3  0.658168  0.5472  0.745  1.40737e-311
edge_match: 
from 4 to 1 matchnode 1401

1401 543 3  0.568008  0.5358  0.9275  1.40731e-311
from 4 to 1 matchnode 2088

2088 543 3  0.599808  0.766948  0.8025  1.40731e-311

pattern answer9:
vertex1: 节点个数 1
549 1 0.53
vertex2: 节点个数 2
42 2 0.51
47 2 0.64
vertex3: 节点个数 2
49 3 0.97
74 3 0.81
vertex4: 节点个数 2
67 4 0.78
75 4 0.54
edge_match: 
from 1 to 3 matchnode 549

549 49 1  0.98  0.8  0.75  1.40739e-311
549 74 1  1  0.78  0.67  1.40739e-311
edge_match: 
from 2 to 4 matchnode 42

42 67 3  0.5434  0.55986  0.695  6.95128e-310
42 75 1  0.55  0.79  0.525  1.40732e-311
from 2 to 4 matchnode 47

47 67 3  0.500905  0.5922  0.76  6.95128e-310
47 75 2  0.5964  0.6675  0.676667  1.40732e-311
edge_match: 
from 3 to 1 matchnode 49

49 549 2  0.8036  0.6888  0.696667  6.95335e-310
from 3 to 1 matchnode 74

74 549 3  0.684855  0.578508  0.7075  6.95335e-310
edge_match: 
from 4 to 1 matchnode 67

67 549 3  0.67032  0.70308  0.6925  1.40739e-311
from 4 to 1 matchnode 75

75 549 2  0.5829  0.6175  0.603333  1.40739e-311

pattern answer10:
vertex1: 节点个数 1
745 1 0.67
vertex2: 节点个数 2
42 2 0.51
63 2 0.52
vertex3: 节点个数 2
49 3 0.97
751 3 0.98
vertex4: 节点个数 2
67 4 0.78
89 4 0.77
edge_match: 
from 1 to 3 matchnode 745

745 49 3  0.555093  0.650256  0.5725  1.40734e-311
745 751 3  0.801  0.526516  0.655  1.40734e-311
edge_match: 
from 2 to 4 matchnode 42

42 67 3  0.5434  0.55986  0.695  6.95128e-310
42 89 2  0.8554  0.6499  0.716667  4.82961e-312
from 2 to 4 matchnode 63

63 67 3  0.664664  0.709632  0.6225  6.95128e-310
63 89 3  0.561792  0.541728  0.645  4.82961e-312
edge_match: 
from 3 to 1 matchnode 49

49 745 3  0.61776  0.51192  0.83  1.4073e-311
from 3 to 1 matchnode 751

751 745 2  0.5632  0.8036  0.82  1.4073e-311
edge_match: 
from 4 to 1 matchnode 67

67 745 3  0.53802  0.564975  0.5875  1.40734e-311
from 4 to 1 matchnode 89

89 745 3  0.663  0.62244  0.695  1.40734e-311

pattern answer11:
vertex1: 节点个数 1
768 1 0.96
vertex2: 节点个数 2
47 2 0.64
137 2 0.75
vertex3: 节点个数 2
978 3 0.7
1032 3 0.63
vertex4: 节点个数 2
75 4 0.54
354 4 0.99
edge_match: 
from 1 to 3 matchnode 768

768 978 3  0.662904  0.54144  0.6975  1.40733e-311
768 1032 3  0.505908  0.515088  0.67  1.40733e-311
edge_match: 
from 2 to 4 matchnode 47

47 75 2  0.5964  0.6675  0.676667  1.40732e-311
47 354 3  0.617463  0.66542  0.6475  4.82961e-312
from 2 to 4 matchnode 137

137 75 3  0.590604  0.7298  0.75  1.40732e-311
137 354 2  0.8277  0.6  0.866667  4.82961e-312
edge_match: 
from 3 to 1 matchnode 978

978 768 3  0.788832  0.524394  0.6325  6.95335e-310
from 3 to 1 matchnode 1032

1032 768 3  0.52421  0.523848  0.7925  6.95335e-310
edge_match: 
from 4 to 1 matchnode 75

75 768 2  0.5238  0.5002  0.803333  1.40733e-311
from 4 to 1 matchnode 354

354 768 2  0.657  0.5612  0.93  1.40733e-311

pattern answer12:
vertex1: 节点个数 1
789 1 0.87
vertex2: 节点个数 2
42 2 0.51
47 2 0.64
vertex3: 节点个数 2
49 3 0.97
74 3 0.81
vertex4: 节点个数 2
67 4 0.78
75 4 0.54
edge_match: 
from 1 to 3 matchnode 789

789 49 3  0.519726  0.802869  0.795  1.40734e-311
789 74 2  0.8736  0.5607  0.806667  1.40734e-311
edge_match: 
from 2 to 4 matchnode 42

42 67 3  0.5434  0.55986  0.695  6.95128e-310
42 75 1  0.55  0.79  0.525  1.40732e-311
from 2 to 4 matchnode 47

47 67 3  0.500905  0.5922  0.76  6.95128e-310
47 75 2  0.5964  0.6675  0.676667  1.40732e-311
edge_match: 
from 3 to 1 matchnode 49

49 789 3  0.57967  0.650412  0.6125  6.95335e-310
from 3 to 1 matchnode 74

74 789 1  0.79  0.72  0.84  6.95335e-310
edge_match: 
from 4 to 1 matchnode 67

67 789 3  0.70713  0.578411  0.7925  1.40737e-311
from 4 to 1 matchnode 75

75 789 2  0.8736  0.712  0.533333  1.40737e-311

pattern answer13:
vertex1: 节点个数 1
846 1 0.89
vertex2: 节点个数 2
63 2 0.52
485 2 0.93
vertex3: 节点个数 2
49 3 0.97
74 3 0.81
vertex4: 节点个数 2
32 4 0.54
210 4 0.82
edge_match: 
from 1 to 3 matchnode 846

846 49 3  0.558  0.51798  0.7725  1.40735e-311
846 74 3  0.59976  0.51566  0.72  1.40735e-311
edge_match: 
from 2 to 4 matchnode 63

63 32 3  0.542124  0.567567  0.5625  6.95128e-310
63 210 3  0.511784  0.549054  0.745  4.82961e-312
from 2 to 4 matchnode 485

485 32 3  0.547468  0.50141  0.645  6.95128e-310
485 210 3  0.5475  0.505164  0.77  4.82961e-312
edge_match: 
from 3 to 1 matchnode 49

49 846 2  0.6232  0.552  0.85  1.40733e-311
from 3 to 1 matchnode 74

74 846 3  0.718536  0.678528  0.8725  1.40733e-311
edge_match: 
from 4 to 1 matchnode 32

32 846 2  0.5481  0.6375  0.55  1.40734e-311
from 4 to 1 matchnode 210

210 846 3  0.56867  0.591624  0.5575  1.40734e-311

pattern answer14:
vertex1: 节点个数 1
1145 1 0.92
vertex2: 节点个数 2
2860 2 0.97
8571 2 0.55
vertex3: 节点个数 2
49 3 0.97
175 3 0.72
vertex4: 节点个数 2
413 4 0.64
530 4 0.5
edge_match: 
from 1 to 3 matchnode 1145

1145 49 3  0.634865  0.683271  0.715  1.40737e-311
1145 175 3  0.517055  0.602454  0.6525  1.40737e-311
edge_match: 
from 2 to 4 matchnode 2860

2860 413 3  0.71687  0.598388  0.655  6.95128e-310
2860 530 2  0.5428  0.61  0.633333  1.40735e-311
from 2 to 4 matchnode 8571

8571 413 3  0.514878  0.633696  0.625  6.95128e-310
8571 530 2  0.546  0.5494  0.653333  1.40735e-311
edge_match: 
from 3 to 1 matchnode 49

49 1145 3  0.5499  0.613536  0.6075  6.44945e-310
from 3 to 1 matchnode 175

175 1145 2  0.5335  0.744  0.836667  6.44945e-310
edge_match: 
from 4 to 1 matchnode 413

413 1145 3  0.539748  0.53618  0.6425  1.40737e-311
from 4 to 1 matchnode 530

530 1145 3  0.72333  0.524892  0.62  1.40737e-311

pattern answer15:
vertex1: 节点个数 1
1167 1 0.91
vertex2: 节点个数 2
42 2 0.51
47 2 0.64
vertex3: 节点个数 2
49 3 0.97
74 3 0.81
vertex4: 节点个数 2
67 4 0.78
75 4 0.54
edge_match: 
from 1 to 3 matchnode 1167

1167 49 2  0.7275  0.5022  0.786667  1.40739e-311
1167 74 2  0.6975  0.6586  0.886667  1.40739e-311
edge_match: 
from 2 to 4 matchnode 42

42 67 3  0.5434  0.55986  0.695  6.95128e-310
42 75 1  0.55  0.79  0.525  1.40732e-311
from 2 to 4 matchnode 47

47 67 3  0.500905  0.5922  0.76  6.95128e-310
47 75 2  0.5964  0.6675  0.676667  1.40732e-311
edge_match: 
from 3 to 1 matchnode 49

49 1167 3  0.70488  0.82863  0.875  6.95335e-310
from 3 to 1 matchnode 74

74 1167 3  0.503976  0.696514  0.7575  6.95335e-310
edge_match: 
from 4 to 1 matchnode 67

67 1167 3  0.5917  0.59094  0.7775  1.40733e-311
from 4 to 1 matchnode 75

75 1167 2  0.6696  0.7371  0.61  1.40733e-311

pattern answer16:
vertex1: 节点个数 1
1272 1 0.97
vertex2: 节点个数 2
42 2 0.51
63 2 0.52
vertex3: 节点个数 2
49 3 0.97
74 3 0.81
vertex4: 节点个数 2
67 4 0.78
89 4 0.77
edge_match: 
from 1 to 3 matchnode 1272

1272 49 2  0.8019  0.5673  0.82  1.40737e-311
1272 74 3  0.51759  0.69654  0.665  1.40737e-311
edge_match: 
from 2 to 4 matchnode 42

42 67 3  0.5434  0.55986  0.695  6.95128e-310
42 89 2  0.8554  0.6499  0.716667  4.82961e-312
from 2 to 4 matchnode 63

63 67 3  0.664664  0.709632  0.6225  6.95128e-310
63 89 3  0.561792  0.541728  0.645  4.82961e-312
edge_match: 
from 3 to 1 matchnode 49

49 1272 3  0.506464  0.736281  0.9125  1.4073e-311
from 3 to 1 matchnode 74

74 1272 3  0.54978  0.707658  0.6275  1.4073e-311
edge_match: 
from 4 to 1 matchnode 67

67 1272 3  0.61335  0.525888  0.6575  1.40736e-311
from 4 to 1 matchnode 89

89 1272 3  0.765576  0.70218  0.6925  1.40736e-311

pattern answer17:
vertex1: 节点个数 1
1400 1 0.64
vertex2: 节点个数 2
63 2 0.52
100 2 0.89
vertex3: 节点个数 2
74 3 0.81
1613 3 0.68
vertex4: 节点个数 2
89 4 0.77
155 4 0.76
edge_match: 
from 1 to 3 matchnode 1400

1400 74 3  0.544272  0.50049  0.51  1.40735e-311
1400 1613 2  0.7315  0.6075  0.763333  1.40735e-311
edge_match: 
from 2 to 4 matchnode 63

63 89 3  0.561792  0.541728  0.645  4.82961e-312
63 155 3  0.63945  0.902682  0.6825  4.82961e-312
from 2 to 4 matchnode 100

100 89 3  0.810216  0.723814  0.6125  4.82961e-312
100 155 3  0.606816  0.68796  0.775  4.82961e-312
edge_match: 
from 3 to 1 matchnode 74

74 1400 3  0.582505  0.835548  0.545  1.40734e-311
from 3 to 1 matchnode 1613

1613 1400 3  0.5952  0.5292  0.57  1.40734e-311
edge_match: 
from 4 to 1 matchnode 89

89 1400 3  0.811146  0.82908  0.61  1.40735e-311
from 4 to 1 matchnode 155

155 1400 3  0.580336  0.616047  0.505  1.40735e-311

pattern answer18:
vertex1: 节点个数 1
1483 1 0.6
vertex2: 节点个数 2
63 2 0.52
332 2 0.63
vertex3: 节点个数 2
74 3 0.81
175 3 0.72
vertex4: 节点个数 2
354 4 0.99
1523 4 0.74
edge_match: 
from 1 to 3 matchnode 1483

1483 74 3  0.7644  0.642096  0.5975  1.40733e-311
1483 175 2  0.5229  0.5103  0.766667  1.40733e-311
edge_match: 
from 2 to 4 matchnode 63

63 354 3  0.625048  0.621504  0.5025  4.82961e-312
63 1523 3  0.730296  0.534204  0.75  4.82961e-312
from 2 to 4 matchnode 332

332 354 3  0.613524  0.757764  0.7025  4.82961e-312
332 1523 3  0.640872  0.534843  0.61  4.82961e-312
edge_match: 
from 3 to 1 matchnode 74

74 1483 3  0.593406  0.588984  0.585  1.4073e-311
from 3 to 1 matchnode 175

175 1483 3  0.554064  0.504  0.67  1.4073e-311
edge_match: 
from 4 to 1 matchnode 354

354 1483 3  0.5544  0.50876  0.635  1.40734e-311
from 4 to 1 matchnode 1523

1523 1483 2  0.7921  0.5985  0.72  1.40734e-311

pattern answer19:
vertex1: 节点个数 1
1507 1 0.83
vertex2: 节点个数 2
42 2 0.51
63 2 0.52
vertex3: 节点个数 2
380 3 0.91
729 3 0.94
vertex4: 节点个数 2
89 4 0.77
210 4 0.82
edge_match: 
from 1 to 3 matchnode 1507

1507 380 3  0.5628  0.503625  0.7125  1.40733e-311
1507 729 3  0.75168  0.84778  0.5225  1.40733e-311
edge_match: 
from 2 to 4 matchnode 42

42 89 2  0.8554  0.6499  0.716667  4.82961e-312
42 210 3  0.68385  0.518848  0.73  4.82961e-312
from 2 to 4 matchnode 63

63 89 3  0.561792  0.541728  0.645  4.82961e-312
63 210 3  0.511784  0.549054  0.745  4.82961e-312
edge_match: 
from 3 to 1 matchnode 380

380 1507 2  0.5074  0.6825  0.89  6.95335e-310
from 3 to 1 matchnode 729

729 1507 3  0.532239  0.6552  0.78  6.95335e-310
edge_match: 
from 4 to 1 matchnode 89

89 1507 3  0.5015  0.504504  0.7375  1.40733e-311
from 4 to 1 matchnode 210

210 1507 3  0.53856  0.53808  0.765  1.40733e-311

pattern answer20:
vertex1: 节点个数 1
1754 1 0.84
vertex2: 节点个数 2
63 2 0.52
485 2 0.93
vertex3: 节点个数 2
49 3 0.97
74 3 0.81
vertex4: 节点个数 2
32 4 0.54
67 4 0.78
edge_match: 
from 1 to 3 matchnode 1754

1754 49 2  0.8134  0.64  0.78  1.40734e-311
1754 74 2  0.83  0.624  0.726667  1.40734e-311
edge_match: 
from 2 to 4 matchnode 63

63 32 3  0.542124  0.567567  0.5625  6.95128e-310
63 67 3  0.664664  0.709632  0.6225  6.95128e-310
from 2 to 4 matchnode 485

485 32 3  0.547468  0.50141  0.645  6.95128e-310
485 67 3  0.520344  0.620994  0.58  6.95128e-310
edge_match: 
from 3 to 1 matchnode 49

49 1754 3  0.554224  0.7866  0.725  4.82961e-312
from 3 to 1 matchnode 74

74 1754 2  0.5776  0.8448  0.78  4.82961e-312
edge_match: 
from 4 to 1 matchnode 32

32 1754 3  0.59432  0.70488  0.6675  1.40739e-311
from 4 to 1 matchnode 67

67 1754 3  0.66816  0.679338  0.6  1.40739e-311

pattern answer21:
vertex1: 节点个数 1
2043 1 0.54
vertex2: 节点个数 2
42 2 0.51
47 2 0.64
vertex3: 节点个数 2
49 3 0.97
74 3 0.81
vertex4: 节点个数 2
67 4 0.78
75 4 0.54
edge_match: 
from 1 to 3 matchnode 2043

2043 49 2  0.7656  0.5518  0.773333  1.40737e-311
2043 74 3  0.63495  0.50445  0.605  1.40737e-311
edge_match: 
from 2 to 4 matchnode 42

42 67 3  0.5434  0.55986  0.695  6.95128e-310
42 75 1  0.55  0.79  0.525  1.40732e-311
from 2 to 4 matchnode 47

47 67 3  0.500905  0.5922  0.76  6.95128e-310
47 75 2  0.5964  0.6675  0.676667  1.40732e-311
edge_match: 
from 3 to 1 matchnode 49

49 2043 3  0.62568  0.74385  0.7325  1.4073e-311
from 3 to 1 matchnode 74

74 2043 3  0.6052  0.737352  0.5625  1.4073e-311
edge_match: 
from 4 to 1 matchnode 67

67 2043 3  0.8633  0.59697  0.685  1.40734e-311
from 4 to 1 matchnode 75

75 2043 3  0.507408  0.726624  0.63  1.40734e-311

pattern answer22:
vertex1: 节点个数 1
2075 1 0.89
vertex2: 节点个数 2
137 2 0.75
187 2 0.54
vertex3: 节点个数 2
74 3 0.81
584 3 0.78
vertex4: 节点个数 2
75 4 0.54
94 4 0.85
edge_match: 
from 1 to 3 matchnode 2075

2075 74 3  0.667368  0.51128  0.7675  1.40736e-311
2075 584 3  0.5148  0.65076  0.81  1.40736e-311
edge_match: 
from 2 to 4 matchnode 137

137 75 3  0.590604  0.7298  0.75  1.40732e-311
137 94 3  0.523218  0.6264  0.71  4.82961e-312
from 2 to 4 matchnode 187

187 75 3  0.8134  0.573852  0.61  1.40732e-311
187 94 3  0.551348  0.6984  0.6575  4.82961e-312
edge_match: 
from 3 to 1 matchnode 74

74 2075 2  0.8835  0.6138  0.73  6.95335e-310
from 3 to 1 matchnode 584

584 2075 3  0.703444  0.513  0.7275  6.95335e-310
edge_match: 
from 4 to 1 matchnode 75

75 2075 3  0.515475  0.80883  0.5775  1.40731e-311
from 4 to 1 matchnode 94

94 2075 2  0.6975  0.6622  0.626667  1.40731e-311

pattern answer23:
vertex1: 节点个数 1
2218 1 0.73
vertex2: 节点个数 2
42 2 0.51
47 2 0.64
vertex3: 节点个数 2
49 3 0.97
74 3 0.81
vertex4: 节点个数 2
67 4 0.78
75 4 0.54
edge_match: 
from 1 to 3 matchnode 2218

2218 49 3  0.6498  0.50589  0.745  1.40734e-311
2218 74 3  0.69597  0.5508  0.655  1.40734e-311
edge_match: 
from 2 to 4 matchnode 42

42 67 3  0.5434  0.55986  0.695  6.95128e-310
42 75 1  0.55  0.79  0.525  1.40732e-311
from 2 to 4 matchnode 47

47 67 3  0.500905  0.5922  0.76  6.95128e-310
47 75 2  0.5964  0.6675  0.676667  1.40732e-311
edge_match: 
from 3 to 1 matchnode 49

49 2218 3  0.693792  0.827022  0.765  4.82961e-312
from 3 to 1 matchnode 74

74 2218 2  0.9024  0.9408  0.78  4.82961e-312
edge_match: 
from 4 to 1 matchnode 67

67 2218 3  0.543744  0.543996  0.755  1.40736e-311
from 4 to 1 matchnode 75

75 2218 3  0.51072  0.71442  0.675  1.40736e-311

pattern answer24:
vertex1: 节点个数 1
2285 1 0.6
vertex2: 节点个数 2
63 2 0.52
137 2 0.75
vertex3: 节点个数 2
175 3 0.72
3841 3 0.62
vertex4: 节点个数 2
354 4 0.99
649 4 0.66
edge_match: 
from 1 to 3 matchnode 2285

2285 175 3  0.571802  0.707906  0.665  1.40733e-311
2285 3841 3  0.533984  0.56  0.745  1.40733e-311
edge_match: 
from 2 to 4 matchnode 63

63 354 3  0.625048  0.621504  0.5025  4.82961e-312
63 649 1  0.87  0.86  0.59  4.82961e-312
from 2 to 4 matchnode 137

137 354 2  0.8277  0.6  0.866667  4.82961e-312
137 649 3  0.682007  0.7227  0.5775  4.82961e-312
edge_match: 
from 3 to 1 matchnode 175

175 2285 3  0.645606  0.502964  0.6675  1.4073e-311
from 3 to 1 matchnode 3841

3841 2285 3  0.597432  0.513324  0.57  1.4073e-311
edge_match: 
from 4 to 1 matchnode 354

354 2285 2  0.6525  0.7007  0.67  1.40733e-311
from 4 to 1 matchnode 649

649 2285 2  0.6708  0.5325  0.613333  1.40733e-311

pattern answer25:
vertex1: 节点个数 1
2960 1 0.86
vertex2: 节点个数 2
63 2 0.52
485 2 0.93
vertex3: 节点个数 2
729 3 0.94
942 3 0.58
vertex4: 节点个数 2
32 4 0.54
67 4 0.78
edge_match: 
from 1 to 3 matchnode 2960

2960 729 3  0.542432  0.52173  0.865  1.40735e-311
2960 942 3  0.568008  0.6916  0.5875  1.40735e-311
edge_match: 
from 2 to 4 matchnode 63

63 32 3  0.542124  0.567567  0.5625  6.95128e-310
63 67 3  0.664664  0.709632  0.6225  6.95128e-310
from 2 to 4 matchnode 485

485 32 3  0.547468  0.50141  0.645  6.95128e-310
485 67 3  0.520344  0.620994  0.58  6.95128e-310
edge_match: 
from 3 to 1 matchnode 729

729 2960 3  0.6402  0.6732  0.765  1.4073e-311
from 3 to 1 matchnode 942

942 2960 3  0.556072  0.592614  0.675  1.4073e-311
edge_match: 
from 4 to 1 matchnode 32

32 2960 3  0.622656  0.59096  0.5725  1.40735e-311
from 4 to 1 matchnode 67

67 2960 3  0.504592  0.604989  0.7325  1.40735e-311

pattern answer26:
vertex1: 节点个数 1
3277 1 0.71
vertex2: 节点个数 2
42 2 0.51
47 2 0.64
vertex3: 节点个数 2
175 3 0.72
1032 3 0.63
vertex4: 节点个数 2
75 4 0.54
210 4 0.82
edge_match: 
from 1 to 3 matchnode 3277

3277 175 3  0.597951  0.52972  0.5425  1.40738e-311
3277 1032 3  0.502524  0.582309  0.5475  1.40738e-311
edge_match: 
from 2 to 4 matchnode 42

42 75 1  0.55  0.79  0.525  1.40732e-311
42 210 3  0.68385  0.518848  0.73  4.82961e-312
from 2 to 4 matchnode 47

47 75 2  0.5964  0.6675  0.676667  1.40732e-311
47 210 3  0.56595  0.55986  0.7925  4.82961e-312
edge_match: 
from 3 to 1 matchnode 175

175 3277 2  0.5022  0.6138  0.806667  1.40734e-311
from 3 to 1 matchnode 1032

1032 3277 3  0.601224  0.753786  0.5775  1.40734e-311
edge_match: 
from 4 to 1 matchnode 75

75 3277 3  0.5832  0.640677  0.6875  1.40734e-311
from 4 to 1 matchnode 210

210 3277 3  0.628992  0.59204  0.665  1.40734e-311

pattern answer27:
vertex1: 节点个数 1
3281 1 0.71
vertex2: 节点个数 2
137 2 0.75
187 2 0.54
vertex3: 节点个数 2
2227 3 0.94
3505 3 0.61
vertex4: 节点个数 2
75 4 0.54
155 4 0.76
edge_match: 
from 1 to 3 matchnode 3281

3281 2227 3  0.715008  0.7614  0.82  1.40737e-311
3281 3505 2  0.5244  0.576  0.766667  1.40737e-311
edge_match: 
from 2 to 4 matchnode 137

137 75 3  0.590604  0.7298  0.75  1.40732e-311
137 155 3  0.741024  0.531657  0.67  4.82961e-312
from 2 to 4 matchnode 187

187 75 3  0.8134  0.573852  0.61  1.40732e-311
187 155 3  0.780864  0.592767  0.6175  4.82961e-312
edge_match: 
from 3 to 1 matchnode 2227

2227 3281 3  0.53361  0.50246  0.7025  4.82961e-312
from 3 to 1 matchnode 3505

3505 3281 2  0.7857  0.9506  0.513333  4.82961e-312
edge_match: 
from 4 to 1 matchnode 75

75 3281 3  0.656502  0.76  0.6  1.40738e-311
from 4 to 1 matchnode 155

155 3281 3  0.5775  0.63296  0.7175  1.40738e-311

pattern answer28:
vertex1: 节点个数 1
3774 1 0.78
vertex2: 节点个数 2
47 2 0.64
137 2 0.75
vertex3: 节点个数 2
1658 3 0.57
5227 3 0.53
vertex4: 节点个数 2
75 4 0.54
354 4 0.99
edge_match: 
from 1 to 3 matchnode 3774

3774 1658 1  0.85  0.62  0.675  1.40733e-311
3774 5227 3  0.525252  0.747348  0.5575  1.40733e-311
edge_match: 
from 2 to 4 matchnode 47

47 75 2  0.5964  0.6675  0.676667  1.40732e-311
47 354 3  0.617463  0.66542  0.6475  4.82961e-312
from 2 to 4 matchnode 137

137 75 3  0.590604  0.7298  0.75  1.40732e-311
137 354 2  0.8277  0.6  0.866667  4.82961e-312
edge_match: 
from 3 to 1 matchnode 1658

1658 3774 2  0.7154  0.747  0.626667  6.44945e-310
from 3 to 1 matchnode 5227

5227 3774 3  0.73953  0.55419  0.7425  6.44945e-310
edge_match: 
from 4 to 1 matchnode 75

75 3774 3  0.536536  0.533192  0.505  1.40733e-311
from 4 to 1 matchnode 354

354 3774 3  0.75264  0.5229  0.65  1.40733e-311

pattern answer29:
vertex1: 节点个数 1
4219 1 0.59
vertex2: 节点个数 2
137 2 0.75
187 2 0.54
vertex3: 节点个数 2
49 3 0.97
74 3 0.81
vertex4: 节点个数 2
75 4 0.54
94 4 0.85
edge_match: 
from 1 to 3 matchnode 4219

4219 49 3  0.5824  0.769672  0.78  1.40737e-311
4219 74 3  0.5994  0.68526  0.595  1.40737e-311
edge_match: 
from 2 to 4 matchnode 137

137 75 3  0.590604  0.7298  0.75  1.40732e-311
137 94 3  0.523218  0.6264  0.71  4.82961e-312
from 2 to 4 matchnode 187

187 75 3  0.8134  0.573852  0.61  1.40732e-311
187 94 3  0.551348  0.6984  0.6575  4.82961e-312
edge_match: 
from 3 to 1 matchnode 49

49 4219 3  0.52096  0.57672  0.8375  1.40733e-311
from 3 to 1 matchnode 74

74 4219 3  0.50512  0.534534  0.7675  1.40733e-311
edge_match: 
from 4 to 1 matchnode 75

75 4219 3  0.60552  0.64258  0.7125  1.40737e-311
from 4 to 1 matchnode 94

94 4219 3  0.63296  0.524477  0.8225  1.40737e-311

pattern answer30:
vertex1: 节点个数 1
4345 1 0.86
vertex2: 节点个数 2
47 2 0.64
63 2 0.52
vertex3: 节点个数 2
74 3 0.81
653 3 0.8
vertex4: 节点个数 2
289 4 0.5
410 4 0.88
edge_match: 
from 1 to 3 matchnode 4345

4345 74 2  0.828  0.5063  0.713333  1.40734e-311
4345 653 2  0.6612  0.5104  0.853333  1.40734e-311
edge_match: 
from 2 to 4 matchnode 47

47 289 1  0.94  0.57  0.57  6.95128e-310
47 410 2  0.7084  0.672  0.82  1.40734e-311
from 2 to 4 matchnode 63

63 289 3  0.767949  0.75078  0.6225  6.95128e-310
63 410 3  0.568284  0.820456  0.6125  1.40734e-311
edge_match: 
from 3 to 1 matchnode 74

74 4345 3  0.5358  0.718272  0.835  1.40734e-311
from 3 to 1 matchnode 653

653 4345 3  0.500544  0.52245  0.5975  1.40734e-311
edge_match: 
from 4 to 1 matchnode 289

289 4345 3  0.576576  0.59136  0.5075  1.40734e-311
from 4 to 1 matchnode 410

410 4345 3  0.57936  0.5355  0.53  1.40734e-311

pattern answer31:
vertex1: 节点个数 1
5415 1 0.54
vertex2: 节点个数 2
607 2 0.73
3494 2 0.68
vertex3: 节点个数 2
74 3 0.81
942 3 0.58
vertex4: 节点个数 2
94 4 0.85
122 4 1
edge_match: 
from 1 to 3 matchnode 5415

5415 74 2  0.616  0.5063  0.776667  1.40735e-311
5415 942 3  0.54352  0.683256  0.65  1.40735e-311
edge_match: 
from 2 to 4 matchnode 607

607 94 3  0.5432  0.818928  0.6325  4.82961e-312
607 122 3  0.9409  0.712448  0.66  4.82961e-312
from 2 to 4 matchnode 3494

3494 94 2  0.5742  0.6768  0.596667  4.82961e-312
3494 122 3  0.713691  0.747676  0.6725  4.82961e-312
edge_match: 
from 3 to 1 matchnode 74

74 5415 3  0.804264  0.709632  0.62  6.44945e-310
from 3 to 1 matchnode 942

942 5415 3  0.548049  0.513898  0.5075  6.44945e-310
edge_match: 
from 4 to 1 matchnode 94

94 5415 3  0.554025  0.52288  0.635  1.40735e-311
from 4 to 1 matchnode 122

122 5415 3  0.530472  0.569184  0.6675  1.40735e-311

pattern answer32:
vertex1: 节点个数 1
6036 1 0.76
vertex2: 节点个数 2
332 2 0.63
1903 2 1
vertex3: 节点个数 2
1813 3 0.87
2064 3 0.59
vertex4: 节点个数 2
122 4 1
830 4 0.88
edge_match: 
from 1 to 3 matchnode 6036

6036 1813 3  0.51156  0.765576  0.8025  1.40737e-311
6036 2064 3  0.535766  0.548416  0.785  1.40737e-311
edge_match: 
from 2 to 4 matchnode 332

332 122 2  0.8134  0.8008  0.736667  4.82961e-312
332 830 3  0.537138  0.63973  0.5275  4.82961e-312
from 2 to 4 matchnode 1903

1903 122 3  0.768645  0.640926  0.8275  4.82961e-312
1903 830 3  0.598752  0.64752  0.6025  4.82961e-312
edge_match: 
from 3 to 1 matchnode 1813

1813 6036 2  0.76  0.5429  0.843333  1.40735e-311
from 3 to 1 matchnode 2064

2064 6036 3  0.830208  0.56202  0.6275  1.40735e-311
edge_match: 
from 4 to 1 matchnode 122

122 6036 3  0.501584  0.59508  0.73  1.40735e-311
from 4 to 1 matchnode 830

830 6036 3  0.504165  0.5696  0.6925  1.40735e-311

pattern answer33:
vertex1: 节点个数 1
6084 1 0.54
vertex2: 节点个数 2
42 2 0.51
63 2 0.52
vertex3: 节点个数 2
425 3 0.96
653 3 0.8
vertex4: 节点个数 2
67 4 0.78
89 4 0.77
edge_match: 
from 1 to 3 matchnode 6084

6084 425 3  0.596781  0.571455  0.7775  1.40735e-311
6084 653 3  0.543213  0.67728  0.7  1.40735e-311
edge_match: 
from 2 to 4 matchnode 42

42 67 3  0.5434  0.55986  0.695  6.95128e-310
42 89 2  0.8554  0.6499  0.716667  4.82961e-312
from 2 to 4 matchnode 63

63 67 3  0.664664  0.709632  0.6225  6.95128e-310
63 89 3  0.561792  0.541728  0.645  4.82961e-312
edge_match: 
from 3 to 1 matchnode 425

425 6084 3  0.62909  0.561627  0.835  6.44945e-310
from 3 to 1 matchnode 653

653 6084 3  0.504735  0.749232  0.7175  6.44945e-310
edge_match: 
from 4 to 1 matchnode 67

67 6084 3  0.75981  0.737748  0.63  1.40735e-311
from 4 to 1 matchnode 89

89 6084 3  0.5301  0.772398  0.77  1.40735e-311

pattern answer34:
vertex1: 节点个数 1
6340 1 0.56
vertex2: 节点个数 2
63 2 0.52
1423 2 0.69
vertex3: 节点个数 2
74 3 0.81
2064 3 0.59
vertex4: 节点个数 2
32 4 0.54
122 4 1
edge_match: 
from 1 to 3 matchnode 6340

6340 74 2  0.7802  0.76  0.633333  1.40736e-311
6340 2064 3  0.675122  0.6561  0.6825  1.40736e-311
edge_match: 
from 2 to 4 matchnode 63

63 32 3  0.542124  0.567567  0.5625  6.95128e-310
63 122 3  0.696696  0.658944  0.6775  4.82961e-312
from 2 to 4 matchnode 1423

1423 32 3  0.646908  0.778414  0.61  6.95128e-310
1423 122 3  0.609801  0.592592  0.755  4.82961e-312
edge_match: 
from 3 to 1 matchnode 74

74 6340 2  0.68  0.8835  0.633333  6.44945e-310
from 3 to 1 matchnode 2064

2064 6340 3  0.6612  0.575605  0.5025  6.44945e-310
edge_match: 
from 4 to 1 matchnode 32

32 6340 3  0.59616  0.54112  0.5575  1.40734e-311
from 4 to 1 matchnode 122

122 6340 3  0.5168  0.7068  0.725  1.40734e-311

pattern answer35:
vertex1: 节点个数 1
8158 1 0.55
vertex2: 节点个数 2
47 2 0.64
63 2 0.52
vertex3: 节点个数 2
1613 3 0.68
2034 3 0.74
vertex4: 节点个数 2
210 4 0.82
354 4 0.99
edge_match: 
from 1 to 3 matchnode 8158

8158 1613 2  0.585  0.6072  0.586667  1.40735e-311
8158 2034 3  0.54473  0.545664  0.5825  1.40735e-311
edge_match: 
from 2 to 4 matchnode 47

47 210 3  0.56595  0.55986  0.7925  4.82961e-312
47 354 3  0.617463  0.66542  0.6475  4.82961e-312
from 2 to 4 matchnode 63

63 210 3  0.511784  0.549054  0.745  4.82961e-312
63 354 3  0.625048  0.621504  0.5025  4.82961e-312
edge_match: 
from 3 to 1 matchnode 1613

1613 8158 1  0.96  0.7  0.615  4.82961e-312
from 3 to 1 matchnode 2034

2034 8158 2  0.8736  0.567  0.656667  4.82961e-312
edge_match: 
from 4 to 1 matchnode 210

210 8158 3  0.525888  0.87552  0.695  1.40735e-311
from 4 to 1 matchnode 354

354 8158 3  0.55632  0.56357  0.6775  1.40735e-311

pattern answer36:
vertex1: 节点个数 1
9310 1 0.69
vertex2: 节点个数 2
63 2 0.52
137 2 0.75
vertex3: 节点个数 2
74 3 0.81
37390 3 0.97
vertex4: 节点个数 2
289 4 0.5
649 4 0.66
edge_match: 
from 1 to 3 matchnode 9310

9310 74 3  0.55278  0.77805  0.6425  1.40734e-311
9310 37390 2  0.629  0.533  0.746667  1.40734e-311
edge_match: 
from 2 to 4 matchnode 63

63 289 3  0.767949  0.75078  0.6225  6.95128e-310
63 649 1  0.87  0.86  0.59  4.82961e-312
from 2 to 4 matchnode 137

137 289 2  0.7735  0.864  0.733333  6.95128e-310
137 649 3  0.682007  0.7227  0.5775  4.82961e-312
edge_match: 
from 3 to 1 matchnode 74

74 9310 3  0.503272  0.6804  0.6675  4.82961e-312
from 3 to 1 matchnode 37390

37390 9310 2  0.693  0.7224  0.846667  4.82961e-312
edge_match: 
from 4 to 1 matchnode 289

289 9310 3  0.592952  0.531216  0.5675  1.40734e-311
from 4 to 1 matchnode 649

649 9310 3  0.601692  0.50652  0.775  1.40734e-311

pattern answer37:
vertex1: 节点个数 1
10184 1 0.75
vertex2: 节点个数 2
100 2 0.89
137 2 0.75
vertex3: 节点个数 2
49 3 0.97
1613 3 0.68
vertex4: 节点个数 2
289 4 0.5
2255 4 0.75
edge_match: 
from 1 to 3 matchnode 10184

10184 49 3  0.696266  0.538935  0.71  1.40733e-311
10184 1613 3  0.528165  0.7353  0.725  1.40733e-311
edge_match: 
from 2 to 4 matchnode 100

100 289 3  0.513324  0.674344  0.75  6.95128e-310
100 2255 2  0.7134  0.6715  0.793333  4.82961e-312
from 2 to 4 matchnode 137

137 289 2  0.7735  0.864  0.733333  6.95128e-310
137 2255 3  0.616032  0.51156  0.71  4.82961e-312
edge_match: 
from 3 to 1 matchnode 49

49 10184 3  0.681912  0.570768  0.54  4.82961e-312
from 3 to 1 matchnode 1613

1613 10184 2  0.7298  0.552  0.553333  4.82961e-312
edge_match: 
from 4 to 1 matchnode 289

289 10184 3  0.795564  0.53406  0.5075  1.4073e-311
from 4 to 1 matchnode 2255

2255 10184 3  0.500692  0.503976  0.655  1.4073e-311

