pattern answer1:
vertex1: 节点个数 1
41 1 0.57
vertex2: 节点个数 2
100 2 0.89
1903 2 1
vertex3: 节点个数 2
49 3 0.97
74 3 0.81
vertex4: 节点个数 2
89 4 0.77
210 4 0.82
edge_match: 
from 1 to 3 matchnode 41

41 49 3  0.52822  0.614916  0.8125  1.49326e-311
41 74 1  0.97  0.65  0.69  1.49326e-311
from 1 to 4 matchnode 41

41 89 2  0.5642  0.8439  0.736667  0
41 210 3  0.7203  0.607848  0.775  0
edge_match: 
from 2 to 1 matchnode 100

100 41 3  0.74784  0.785664  0.625  5.34557e-312
from 2 to 3 matchnode 100

100 49 3  0.707712  0.795708  0.6825  6.95126e-310
100 74 2  0.836  0.8036  0.893333  1.49326e-311
from 2 to 1 matchnode 1903

1903 41 3  0.613088  0.54432  0.645  5.34557e-312
from 2 to 3 matchnode 1903

1903 49 3  0.820911  0.526613  0.785  6.95126e-310
1903 74 3  0.648648  0.727748  0.7475  1.49326e-311
edge_match: 
from 3 to 4 matchnode 49

49 89 3  0.533484  0.699273  0.7925  1.4933e-311
49 210 3  0.5984  0.78624  0.78  1.4933e-311
from 3 to 4 matchnode 74

74 89 2  0.8075  0.7644  0.683333  1.49328e-311
74 210 3  0.759704  0.602316  0.795  1.49328e-311
edge_match: 
from 4 to 1 matchnode 89

89 41 3  0.632772  0.712356  0.6825  1.49324e-311
from 4 to 2 matchnode 89

89 100 2  0.6873  0.5625  0.71  6.95126e-310
89 1903 2  0.558  0.7802  0.846667  6.95126e-310
from 4 to 3 matchnode 89

89 49 3  0.68816  0.712712  0.755  1.49324e-311
89 74 3  0.829374  0.7191  0.6525  1.49324e-311
from 4 to 1 matchnode 210

210 41 3  0.627984  0.57285  0.625  1.49324e-311
from 4 to 2 matchnode 210

210 100 3  0.73656  0.912576  0.79  1.49324e-311
210 1903 3  0.543312  0.74005  0.7825  1.49324e-311
from 4 to 3 matchnode 210

210 49 2  0.8184  0.8544  0.866667  1.49324e-311
210 74 2  0.5616  0.7505  0.833333  1.49324e-311

pattern answer2:
vertex1: 节点个数 1
44 1 0.9
vertex2: 节点个数 2
187 2 0.54
192 2 0.62
vertex3: 节点个数 2
49 3 0.97
74 3 0.81
vertex4: 节点个数 2
89 4 0.77
122 4 1
edge_match: 
from 1 to 3 matchnode 44

44 49 1  0.53  0.83  0.935  1.4933e-311
44 74 1  0.97  0.5  0.855  1.4933e-311
from 1 to 4 matchnode 44

44 89 2  0.8091  0.97  0.676667  0
44 122 2  0.7533  0.6887  0.883333  0
edge_match: 
from 2 to 1 matchnode 187

187 44 3  0.564676  0.776776  0.85  6.95335e-310
from 2 to 3 matchnode 187

187 49 3  0.688842  0.649803  0.8625  6.95126e-310
187 74 3  0.82467  0.536313  0.805  1.49326e-311
from 2 to 1 matchnode 192

192 44 3  0.657558  0.525616  0.575  6.95335e-310
from 2 to 3 matchnode 192

192 49 2  0.7857  0.7068  0.69  6.95126e-310
192 74 3  0.777568  0.544824  0.64  1.49326e-311
edge_match: 
from 3 to 4 matchnode 49

49 89 3  0.533484  0.699273  0.7925  1.4933e-311
49 122 3  0.704352  0.50544  0.8875  1.4933e-311
from 3 to 4 matchnode 74

74 89 2  0.8075  0.7644  0.683333  1.49328e-311
74 122 3  0.621  0.664608  0.8025  1.49328e-311
edge_match: 
from 4 to 1 matchnode 89

89 44 3  0.709218  0.707256  0.685  1.49332e-311
from 4 to 2 matchnode 89

89 187 3  0.618048  0.541575  0.6075  6.95126e-310
89 192 3  0.651355  0.72891  0.53  6.95126e-310
from 4 to 3 matchnode 89

89 49 3  0.68816  0.712712  0.755  1.49324e-311
89 74 3  0.829374  0.7191  0.6525  1.49324e-311
from 4 to 1 matchnode 122

122 44 1  0.58  0.72  0.95  1.49332e-311
from 4 to 2 matchnode 122

122 187 2  0.5325  0.5332  0.77  1.49324e-311
122 192 3  0.666681  0.5518  0.715  1.49324e-311
from 4 to 3 matchnode 122

122 49 2  0.8428  0.536  0.833333  1.49324e-311
122 74 1  0.76  0.8  0.905  1.49324e-311

pattern answer3:
vertex1: 节点个数 1
46 1 0.8
vertex2: 节点个数 2
192 2 0.62
918 2 0.6
vertex3: 节点个数 2
49 3 0.97
74 3 0.81
vertex4: 节点个数 2
89 4 0.77
122 4 1
edge_match: 
from 1 to 3 matchnode 46

46 49 3  0.728376  0.666432  0.85  1.49326e-311
46 74 3  0.72864  0.565728  0.6  1.49326e-311
from 1 to 4 matchnode 46

46 89 3  0.583128  0.71877  0.815  0
46 122 2  0.6952  0.5088  0.706667  0
edge_match: 
from 2 to 1 matchnode 192

192 46 3  0.856716  0.555093  0.5375  6.95335e-310
from 2 to 3 matchnode 192

192 49 2  0.7857  0.7068  0.69  6.95126e-310
192 74 3  0.777568  0.544824  0.64  1.49326e-311
from 2 to 1 matchnode 918

918 46 3  0.686576  0.60021  0.6825  6.95335e-310
from 2 to 3 matchnode 918

918 49 3  0.566048  0.52136  0.65  6.95126e-310
918 74 3  0.504504  0.743232  0.6275  1.49326e-311
edge_match: 
from 3 to 4 matchnode 49

49 89 3  0.533484  0.699273  0.7925  1.4933e-311
49 122 3  0.704352  0.50544  0.8875  1.4933e-311
from 3 to 4 matchnode 74

74 89 2  0.8075  0.7644  0.683333  1.49328e-311
74 122 3  0.621  0.664608  0.8025  1.49328e-311
edge_match: 
from 4 to 1 matchnode 89

89 46 2  0.53  0.5208  0.663333  1.49326e-311
from 4 to 2 matchnode 89

89 192 3  0.651355  0.72891  0.53  6.95126e-310
89 918 3  0.715635  0.578664  0.7525  6.95126e-310
from 4 to 3 matchnode 89

89 49 3  0.68816  0.712712  0.755  1.49324e-311
89 74 3  0.829374  0.7191  0.6525  1.49324e-311
from 4 to 1 matchnode 122

122 46 3  0.648736  0.61776  0.84  1.49326e-311
from 4 to 2 matchnode 122

122 192 3  0.666681  0.5518  0.715  1.49324e-311
122 918 2  0.8099  0.7209  0.683333  1.49324e-311
from 4 to 3 matchnode 122

122 49 2  0.8428  0.536  0.833333  1.49324e-311
122 74 1  0.76  0.8  0.905  1.49324e-311

pattern answer4:
vertex1: 节点个数 1
83 1 0.86
vertex2: 节点个数 2
187 2 0.54
192 2 0.62
vertex3: 节点个数 2
49 3 0.97
74 3 0.81
vertex4: 节点个数 2
89 4 0.77
122 4 1
edge_match: 
from 1 to 3 matchnode 83

83 49 3  0.691488  0.6336  0.745  1.4933e-311
83 74 2  0.5082  0.6745  0.706667  1.4933e-311
from 1 to 4 matchnode 83

83 89 3  0.750295  0.510048  0.6675  0
83 122 3  0.662676  0.5376  0.7525  0
edge_match: 
from 2 to 1 matchnode 187

187 83 3  0.78498  0.66348  0.75  6.95335e-310
from 2 to 3 matchnode 187

187 49 3  0.688842  0.649803  0.8625  6.95126e-310
187 74 3  0.82467  0.536313  0.805  1.49326e-311
from 2 to 1 matchnode 192

192 83 2  0.6675  0.747  0.7  6.95335e-310
from 2 to 3 matchnode 192

192 49 2  0.7857  0.7068  0.69  6.95126e-310
192 74 3  0.777568  0.544824  0.64  1.49326e-311
edge_match: 
from 3 to 4 matchnode 49

49 89 3  0.533484  0.699273  0.7925  1.4933e-311
49 122 3  0.704352  0.50544  0.8875  1.4933e-311
from 3 to 4 matchnode 74

74 89 2  0.8075  0.7644  0.683333  1.49328e-311
74 122 3  0.621  0.664608  0.8025  1.49328e-311
edge_match: 
from 4 to 1 matchnode 89

89 83 3  0.68085  0.80262  0.68  1.49331e-311
from 4 to 2 matchnode 89

89 187 3  0.618048  0.541575  0.6075  6.95126e-310
89 192 3  0.651355  0.72891  0.53  6.95126e-310
from 4 to 3 matchnode 89

89 49 3  0.68816  0.712712  0.755  1.49324e-311
89 74 3  0.829374  0.7191  0.6525  1.49324e-311
from 4 to 1 matchnode 122

122 83 3  0.699132  0.511875  0.77  1.49331e-311
from 4 to 2 matchnode 122

122 187 2  0.5325  0.5332  0.77  1.49324e-311
122 192 3  0.666681  0.5518  0.715  1.49324e-311
from 4 to 3 matchnode 122

122 49 2  0.8428  0.536  0.833333  1.49324e-311
122 74 1  0.76  0.8  0.905  1.49324e-311

pattern answer5:
vertex1: 节点个数 1
203 1 0.97
vertex2: 节点个数 2
42 2 0.51
918 2 0.6
vertex3: 节点个数 2
74 3 0.81
2054 3 0.93
vertex4: 节点个数 2
75 4 0.54
410 4 0.88
edge_match: 
from 1 to 3 matchnode 203

203 74 3  0.66348  0.803985  0.8  1.49331e-311
203 2054 2  0.5046  0.6461  0.9  1.49331e-311
from 1 to 4 matchnode 203

203 75 3  0.734328  0.55104  0.685  0
203 410 2  0.6873  0.6552  0.883333  0
edge_match: 
from 2 to 1 matchnode 42

42 203 3  0.521136  0.66082  0.5925  6.95335e-310
from 2 to 3 matchnode 42

42 74 2  0.7332  0.5293  0.73  1.49326e-311
42 2054 3  0.709136  0.58558  0.61  1.4933e-311
from 2 to 1 matchnode 918

918 203 2  0.714  0.6768  0.77  6.95335e-310
from 2 to 3 matchnode 918

918 74 3  0.504504  0.743232  0.6275  1.49326e-311
918 2054 3  0.571144  0.587412  0.6875  1.4933e-311
edge_match: 
from 3 to 4 matchnode 74

74 75 2  0.8835  0.651  0.613333  1.49328e-311
74 410 2  0.7426  0.6912  0.83  1.49328e-311
from 3 to 4 matchnode 2054

2054 75 3  0.5412  0.620024  0.63  1.49327e-311
2054 410 3  0.794592  0.551397  0.595  1.49327e-311
edge_match: 
from 4 to 1 matchnode 75

75 203 3  0.665028  0.82156  0.7475  1.49331e-311
from 4 to 2 matchnode 75

75 42 2  0.5544  0.817  0.513333  6.95126e-310
75 918 3  0.689216  0.61776  0.535  6.95126e-310
from 4 to 3 matchnode 75

75 74 2  0.9021  0.5655  0.64  1.49324e-311
75 2054 3  0.6768  0.558009  0.7425  1.49329e-311
from 4 to 1 matchnode 410

410 203 3  0.621  0.563238  0.5875  1.49331e-311
from 4 to 2 matchnode 410

410 42 3  0.69795  0.63744  0.5825  6.95126e-310
410 918 3  0.720447  0.854667  0.64  6.95126e-310
from 4 to 3 matchnode 410

410 74 3  0.5544  0.884058  0.8775  1.49324e-311
410 2054 3  0.596712  0.591948  0.8525  1.49329e-311

pattern answer6:
vertex1: 节点个数 1
416 1 0.55
vertex2: 节点个数 2
100 2 0.89
1283 2 0.59
vertex3: 节点个数 2
49 3 0.97
425 3 0.96
vertex4: 节点个数 2
210 4 0.82
357 4 0.84
edge_match: 
from 1 to 3 matchnode 416

416 49 3  0.63504  0.5346  0.6675  1.49327e-311
416 425 2  0.7905  0.648  0.783333  1.49327e-311
from 1 to 4 matchnode 416

416 210 3  0.50589  0.51456  0.665  0
416 357 1  0.85  0.8  0.695  0
edge_match: 
from 2 to 1 matchnode 100

100 416 3  0.6517  0.511434  0.815  5.34557e-312
from 2 to 3 matchnode 100

100 49 3  0.707712  0.795708  0.6825  6.95126e-310
100 425 3  0.61845  0.538002  0.9175  1.49329e-311
from 2 to 1 matchnode 1283

1283 416 3  0.63063  0.504504  0.595  5.34557e-312
from 2 to 3 matchnode 1283

1283 49 2  0.819  0.7476  0.766667  6.95126e-310
1283 425 3  0.598455  0.530712  0.6975  1.49329e-311
edge_match: 
from 3 to 4 matchnode 49

49 210 3  0.5984  0.78624  0.78  1.4933e-311
49 357 3  0.558624  0.5508  0.8475  1.4933e-311
from 3 to 4 matchnode 425

425 210 3  0.681408  0.679536  0.8475  1.49326e-311
425 357 1  0.77  0.93  0.9  1.49326e-311
edge_match: 
from 4 to 1 matchnode 210

210 416 3  0.699132  0.636944  0.6375  1.49327e-311
from 4 to 2 matchnode 210

210 100 3  0.73656  0.912576  0.79  1.49324e-311
210 1283 2  0.576  0.532  0.76  1.49324e-311
from 4 to 3 matchnode 210

210 49 2  0.8184  0.8544  0.866667  1.49324e-311
210 425 3  0.663462  0.670032  0.74  1.49334e-311
from 4 to 1 matchnode 357

357 416 1  0.98  0.77  0.695  1.49327e-311
from 4 to 2 matchnode 357

357 100 3  0.64989  0.591008  0.6525  1.49324e-311
357 1283 2  0.5546  0.672  0.8  1.49324e-311
from 4 to 3 matchnode 357

357 49 3  0.5346  0.579348  0.7975  1.49324e-311
357 425 1  0.93  0.81  0.9  1.49334e-311

pattern answer7:
vertex1: 节点个数 1
443 1 0.87
vertex2: 节点个数 2
187 2 0.54
719 2 0.98
vertex3: 节点个数 2
49 3 0.97
74 3 0.81
vertex4: 节点个数 2
89 4 0.77
122 4 1
edge_match: 
from 1 to 3 matchnode 443

443 49 3  0.742632  0.715204  0.7225  1.49328e-311
443 74 3  0.912  0.749034  0.7325  1.49328e-311
from 1 to 4 matchnode 443

443 89 2  0.6693  0.7084  0.776667  0
443 122 2  0.5848  0.6864  0.91  0
edge_match: 
from 2 to 1 matchnode 187

187 443 3  0.7938  0.643401  0.745  6.95335e-310
from 2 to 3 matchnode 187

187 49 3  0.688842  0.649803  0.8625  6.95126e-310
187 74 3  0.82467  0.536313  0.805  1.49326e-311
from 2 to 1 matchnode 719

719 443 3  0.60606  0.516344  0.905  6.95335e-310
from 2 to 3 matchnode 719

719 49 3  0.634392  0.602217  0.8325  6.95126e-310
719 74 3  0.678447  0.510972  0.625  1.49326e-311
edge_match: 
from 3 to 4 matchnode 49

49 89 3  0.533484  0.699273  0.7925  1.4933e-311
49 122 3  0.704352  0.50544  0.8875  1.4933e-311
from 3 to 4 matchnode 74

74 89 2  0.8075  0.7644  0.683333  1.49328e-311
74 122 3  0.621  0.664608  0.8025  1.49328e-311
edge_match: 
from 4 to 1 matchnode 89

89 443 2  0.85  0.8645  0.703333  1.49329e-311
from 4 to 2 matchnode 89

89 187 3  0.618048  0.541575  0.6075  6.95126e-310
89 719 3  0.719355  0.681876  0.67  6.95126e-310
from 4 to 3 matchnode 89

89 49 3  0.68816  0.712712  0.755  1.49324e-311
89 74 3  0.829374  0.7191  0.6525  1.49324e-311
from 4 to 1 matchnode 122

122 443 2  0.7921  0.648  0.773333  1.49329e-311
from 4 to 2 matchnode 122

122 187 2  0.5325  0.5332  0.77  1.49324e-311
122 719 3  0.550088  0.5904  0.8375  1.49324e-311
from 4 to 3 matchnode 122

122 49 2  0.8428  0.536  0.833333  1.49324e-311
122 74 1  0.76  0.8  0.905  1.49324e-311

pattern answer8:
vertex1: 节点个数 1
549 1 0.53
vertex2: 节点个数 2
187 2 0.54
192 2 0.62
vertex3: 节点个数 2
49 3 0.97
74 3 0.81
vertex4: 节点个数 2
89 4 0.77
122 4 1
edge_match: 
from 1 to 3 matchnode 549

549 49 1  0.98  0.8  0.75  1.49332e-311
549 74 1  1  0.78  0.67  1.49332e-311
from 1 to 4 matchnode 549

549 89 3  0.8075  0.596232  0.645  0
549 122 2  0.9212  0.67  0.613333  0
edge_match: 
from 2 to 1 matchnode 187

187 549 3  0.654052  0.784827  0.7525  1.49324e-311
from 2 to 3 matchnode 187

187 49 3  0.688842  0.649803  0.8625  6.95126e-310
187 74 3  0.82467  0.536313  0.805  1.49326e-311
from 2 to 1 matchnode 192

192 549 3  0.543864  0.56012  0.7525  1.49324e-311
from 2 to 3 matchnode 192

192 49 2  0.7857  0.7068  0.69  6.95126e-310
192 74 3  0.777568  0.544824  0.64  1.49326e-311
edge_match: 
from 3 to 4 matchnode 49

49 89 3  0.533484  0.699273  0.7925  1.4933e-311
49 122 3  0.704352  0.50544  0.8875  1.4933e-311
from 3 to 4 matchnode 74

74 89 2  0.8075  0.7644  0.683333  1.49328e-311
74 122 3  0.621  0.664608  0.8025  1.49328e-311
edge_match: 
from 4 to 1 matchnode 89

89 549 3  0.685584  0.50048  0.5825  1.4933e-311
from 4 to 2 matchnode 89

89 187 3  0.618048  0.541575  0.6075  6.95126e-310
89 192 3  0.651355  0.72891  0.53  6.95126e-310
from 4 to 3 matchnode 89

89 49 3  0.68816  0.712712  0.755  1.49324e-311
89 74 3  0.829374  0.7191  0.6525  1.49324e-311
from 4 to 1 matchnode 122

122 549 1  0.86  0.67  0.765  1.4933e-311
from 4 to 2 matchnode 122

122 187 2  0.5325  0.5332  0.77  1.49324e-311
122 192 3  0.666681  0.5518  0.715  1.49324e-311
from 4 to 3 matchnode 122

122 49 2  0.8428  0.536  0.833333  1.49324e-311
122 74 1  0.76  0.8  0.905  1.49324e-311

pattern answer9:
vertex1: 节点个数 1
745 1 0.67
vertex2: 节点个数 2
100 2 0.89
719 2 0.98
vertex3: 节点个数 2
49 3 0.97
751 3 0.98
vertex4: 节点个数 2
210 4 0.82
354 4 0.99
edge_match: 
from 1 to 3 matchnode 745

745 49 3  0.555093  0.650256  0.5725  1.49332e-311
745 751 3  0.801  0.526516  0.655  1.49332e-311
from 1 to 4 matchnode 745

745 210 3  0.532576  0.656696  0.5575  0
745 354 3  0.540408  0.664332  0.6  0
edge_match: 
from 2 to 1 matchnode 100

100 745 3  0.53504  0.658952  0.8375  1.49324e-311
from 2 to 3 matchnode 100

100 49 3  0.707712  0.795708  0.6825  6.95126e-310
100 751 1  0.95  0.82  0.935  1.49326e-311
from 2 to 1 matchnode 719

719 745 3  0.5412  0.717948  0.6125  1.49324e-311
from 2 to 3 matchnode 719

719 49 3  0.634392  0.602217  0.8325  6.95126e-310
719 751 3  0.60075  0.651355  0.805  1.49326e-311
edge_match: 
from 3 to 4 matchnode 49

49 210 3  0.5984  0.78624  0.78  1.4933e-311
49 354 3  0.55845  0.776  0.8575  1.4933e-311
from 3 to 4 matchnode 751

751 210 3  0.66176  0.650916  0.7925  1.49324e-311
751 354 3  0.60384  0.54112  0.945  1.49324e-311
edge_match: 
from 4 to 1 matchnode 210

210 745 3  0.578592  0.731025  0.6225  1.49328e-311
from 4 to 2 matchnode 210

210 100 3  0.73656  0.912576  0.79  1.49324e-311
210 719 2  0.8134  0.5084  0.703333  1.49324e-311
from 4 to 3 matchnode 210

210 49 2  0.8184  0.8544  0.866667  1.49324e-311
210 751 3  0.529728  0.59808  0.8675  1.49324e-311
from 4 to 1 matchnode 354

354 745 3  0.53568  0.578592  0.86  1.49328e-311
from 4 to 2 matchnode 354

354 100 3  0.506088  0.617405  0.85  1.49333e-311
354 719 3  0.73953  0.60214  0.78  1.49333e-311
from 4 to 3 matchnode 354

354 49 2  0.747  0.6566  0.976667  1.49324e-311
354 751 2  0.81  0.8924  0.936667  1.49324e-311

pattern answer10:
vertex1: 节点个数 1
768 1 0.96
vertex2: 节点个数 2
100 2 0.89
1903 2 1
vertex3: 节点个数 2
49 3 0.97
74 3 0.81
vertex4: 节点个数 2
354 4 0.99
357 4 0.84
edge_match: 
from 1 to 3 matchnode 768

768 49 3  0.618552  0.67914  0.7825  1.49332e-311
768 74 3  0.8448  0.6156  0.6125  1.49332e-311
from 1 to 4 matchnode 768

768 354 3  0.9207  0.5076  0.7675  0
768 357 3  0.5372  0.58212  0.7  0
edge_match: 
from 2 to 1 matchnode 100

100 768 3  0.86621  0.5015  0.875  6.95335e-310
from 2 to 3 matchnode 100

100 49 3  0.707712  0.795708  0.6825  6.95126e-310
100 74 2  0.836  0.8036  0.893333  1.49326e-311
from 2 to 1 matchnode 1903

1903 768 3  0.653376  0.606528  0.7075  6.95335e-310
from 2 to 3 matchnode 1903

1903 49 3  0.820911  0.526613  0.785  6.95126e-310
1903 74 3  0.648648  0.727748  0.7475  1.49326e-311
edge_match: 
from 3 to 4 matchnode 49

49 354 3  0.55845  0.776  0.8575  1.4933e-311
49 357 3  0.558624  0.5508  0.8475  1.4933e-311
from 3 to 4 matchnode 74

74 354 2  0.5369  0.9  0.743333  1.49328e-311
74 357 3  0.75951  0.577536  0.575  1.49328e-311
edge_match: 
from 4 to 1 matchnode 354

354 768 2  0.657  0.5612  0.93  1.49332e-311
from 4 to 2 matchnode 354

354 100 3  0.506088  0.617405  0.85  1.49333e-311
354 1903 2  0.5292  0.9409  0.85  1.49333e-311
from 4 to 3 matchnode 354

354 49 2  0.747  0.6566  0.976667  1.49324e-311
354 74 3  0.7128  0.874552  0.905  1.49324e-311
from 4 to 1 matchnode 357

357 768 3  0.506798  0.588588  0.7425  1.49332e-311
from 4 to 2 matchnode 357

357 100 3  0.64989  0.591008  0.6525  1.49324e-311
357 1903 1  0.86  0.61  0.92  1.49324e-311
from 4 to 3 matchnode 357

357 49 3  0.5346  0.579348  0.7975  1.49324e-311
357 74 3  0.51324  0.5952  0.895  1.49324e-311

pattern answer11:
vertex1: 节点个数 1
1167 1 0.91
vertex2: 节点个数 2
187 2 0.54
192 2 0.62
vertex3: 节点个数 2
49 3 0.97
74 3 0.81
vertex4: 节点个数 2
89 4 0.77
122 4 1
edge_match: 
from 1 to 3 matchnode 1167

1167 49 2  0.7275  0.5022  0.786667  1.49329e-311
1167 74 2  0.6975  0.6586  0.886667  1.49329e-311
from 1 to 4 matchnode 1167

1167 89 3  0.742438  0.581808  0.62  0
1167 122 3  0.54531  0.56115  0.805  0
edge_match: 
from 2 to 1 matchnode 187

187 1167 3  0.585648  0.767949  0.7025  6.95335e-310
from 2 to 3 matchnode 187

187 49 3  0.688842  0.649803  0.8625  6.95126e-310
187 74 3  0.82467  0.536313  0.805  1.49326e-311
from 2 to 1 matchnode 192

192 1167 3  0.690606  0.604824  0.615  6.95335e-310
from 2 to 3 matchnode 192

192 49 2  0.7857  0.7068  0.69  6.95126e-310
192 74 3  0.777568  0.544824  0.64  1.49326e-311
edge_match: 
from 3 to 4 matchnode 49

49 89 3  0.533484  0.699273  0.7925  1.4933e-311
49 122 3  0.704352  0.50544  0.8875  1.4933e-311
from 3 to 4 matchnode 74

74 89 2  0.8075  0.7644  0.683333  1.49328e-311
74 122 3  0.621  0.664608  0.8025  1.49328e-311
edge_match: 
from 4 to 1 matchnode 89

89 1167 3  0.548208  0.636272  0.7275  1.49329e-311
from 4 to 2 matchnode 89

89 187 3  0.618048  0.541575  0.6075  6.95126e-310
89 192 3  0.651355  0.72891  0.53  6.95126e-310
from 4 to 3 matchnode 89

89 49 3  0.68816  0.712712  0.755  1.49324e-311
89 74 3  0.829374  0.7191  0.6525  1.49324e-311
from 4 to 1 matchnode 122

122 1167 2  0.555  0.5704  0.893333  1.49329e-311
from 4 to 2 matchnode 122

122 187 2  0.5325  0.5332  0.77  1.49324e-311
122 192 3  0.666681  0.5518  0.715  1.49324e-311
from 4 to 3 matchnode 122

122 49 2  0.8428  0.536  0.833333  1.49324e-311
122 74 1  0.76  0.8  0.905  1.49324e-311

pattern answer12:
vertex1: 节点个数 1
1272 1 0.97
vertex2: 节点个数 2
137 2 0.75
918 2 0.6
vertex3: 节点个数 2
49 3 0.97
74 3 0.81
vertex4: 节点个数 2
122 4 1
413 4 0.64
edge_match: 
from 1 to 3 matchnode 1272

1272 49 2  0.8019  0.5673  0.82  1.49329e-311
1272 74 3  0.51759  0.69654  0.665  1.49329e-311
from 1 to 4 matchnode 1272

1272 122 2  0.72  0.5265  0.823333  0
1272 413 2  0.6336  0.5925  0.813333  0
edge_match: 
from 2 to 1 matchnode 137

137 1272 3  0.526592  0.56511  0.63  6.95335e-310
from 2 to 3 matchnode 137

137 49 3  0.653697  0.582813  0.915  6.95126e-310
137 74 2  0.8455  0.54  0.806667  1.49326e-311
from 2 to 1 matchnode 918

918 1272 3  0.603244  0.63308  0.7025  6.95335e-310
from 2 to 3 matchnode 918

918 49 3  0.566048  0.52136  0.65  6.95126e-310
918 74 3  0.504504  0.743232  0.6275  1.49326e-311
edge_match: 
from 3 to 4 matchnode 49

49 122 3  0.704352  0.50544  0.8875  1.4933e-311
49 413 2  0.572  0.9  0.806667  1.4933e-311
from 3 to 4 matchnode 74

74 122 3  0.621  0.664608  0.8025  1.49328e-311
74 413 1  0.73  0.89  0.725  1.49328e-311
edge_match: 
from 4 to 1 matchnode 122

122 1272 2  0.51  0.5642  0.913333  1.49329e-311
from 4 to 2 matchnode 122

122 137 2  0.5133  0.5394  0.91  1.49324e-311
122 918 2  0.8099  0.7209  0.683333  1.49324e-311
from 4 to 3 matchnode 122

122 49 2  0.8428  0.536  0.833333  1.49324e-311
122 74 1  0.76  0.8  0.905  1.49324e-311
from 4 to 1 matchnode 413

413 1272 3  0.521084  0.641732  0.64  1.49329e-311
from 4 to 2 matchnode 413

413 137 2  0.6348  0.5016  0.71  6.95126e-310
413 918 3  0.62118  0.684684  0.665  6.95126e-310
from 4 to 3 matchnode 413

413 49 3  0.712008  0.713691  0.8175  1.49324e-311
413 74 3  0.902682  0.6992  0.6025  1.49324e-311

pattern answer13:
vertex1: 节点个数 1
1400 1 0.64
vertex2: 节点个数 2
63 2 0.52
719 2 0.98
vertex3: 节点个数 2
74 3 0.81
1613 3 0.68
vertex4: 节点个数 2
210 4 0.82
354 4 0.99
edge_match: 
from 1 to 3 matchnode 1400

1400 74 3  0.544272  0.50049  0.51  1.49326e-311
1400 1613 2  0.7315  0.6075  0.763333  1.49326e-311
from 1 to 4 matchnode 1400

1400 210 3  0.657  0.708488  0.72  0
1400 354 3  0.571144  0.61642  0.615  0
edge_match: 
from 2 to 1 matchnode 63

63 1400 3  0.6174  0.539055  0.665  6.95335e-310
from 2 to 3 matchnode 63

63 74 3  0.695268  0.6586  0.68  1.49326e-311
63 1613 2  0.568  0.7533  0.666667  6.95126e-310
from 2 to 1 matchnode 719

719 1400 2  0.672  0.7719  0.78  6.95335e-310
from 2 to 3 matchnode 719

719 74 3  0.678447  0.510972  0.625  1.49326e-311
719 1613 3  0.609917  0.583968  0.5525  6.95126e-310
edge_match: 
from 3 to 4 matchnode 74

74 210 3  0.759704  0.602316  0.795  1.49328e-311
74 354 2  0.5369  0.9  0.743333  1.49328e-311
from 3 to 4 matchnode 1613

1613 210 3  0.65688  0.625443  0.7525  1.49324e-311
1613 354 2  0.5518  0.592  0.633333  1.49324e-311
edge_match: 
from 4 to 1 matchnode 210

210 1400 3  0.602352  0.71687  0.6475  1.49329e-311
from 4 to 2 matchnode 210

210 63 3  0.627984  0.70794  0.5525  1.49324e-311
210 719 2  0.8134  0.5084  0.703333  1.49324e-311
from 4 to 3 matchnode 210

210 74 2  0.5616  0.7505  0.833333  1.49324e-311
210 1613 3  0.570752  0.527436  0.585  1.49331e-311
from 4 to 1 matchnode 354

354 1400 2  0.5952  0.686  0.643333  1.49329e-311
from 4 to 2 matchnode 354

354 63 3  0.693  0.591008  0.7425  1.49333e-311
354 719 3  0.73953  0.60214  0.78  1.49333e-311
from 4 to 3 matchnode 354

354 74 3  0.7128  0.874552  0.905  1.49324e-311
354 1613 2  0.5795  0.8051  0.72  1.49331e-311

pattern answer14:
vertex1: 节点个数 1
1754 1 0.84
vertex2: 节点个数 2
719 2 0.98
918 2 0.6
vertex3: 节点个数 2
49 3 0.97
74 3 0.81
vertex4: 节点个数 2
122 4 1
155 4 0.76
edge_match: 
from 1 to 3 matchnode 1754

1754 49 2  0.8134  0.64  0.78  1.4933e-311
1754 74 2  0.83  0.624  0.726667  1.4933e-311
from 1 to 4 matchnode 1754

1754 122 3  0.764596  0.536  0.67  0
1754 155 2  0.792  0.5429  0.54  0
edge_match: 
from 2 to 1 matchnode 719

719 1754 3  0.521084  0.655914  0.7275  5.34557e-312
from 2 to 3 matchnode 719

719 49 3  0.634392  0.602217  0.8325  6.95126e-310
719 74 3  0.678447  0.510972  0.625  1.49326e-311
from 2 to 1 matchnode 918

918 1754 3  0.502656  0.5499  0.535  5.34557e-312
from 2 to 3 matchnode 918

918 49 3  0.566048  0.52136  0.65  6.95126e-310
918 74 3  0.504504  0.743232  0.6275  1.49326e-311
edge_match: 
from 3 to 4 matchnode 49

49 122 3  0.704352  0.50544  0.8875  1.4933e-311
49 155 3  0.52871  0.708876  0.585  1.4933e-311
from 3 to 4 matchnode 74

74 122 3  0.621  0.664608  0.8025  1.49328e-311
74 155 3  0.618772  0.595056  0.81  1.49328e-311
edge_match: 
from 4 to 1 matchnode 122

122 1754 3  0.56202  0.535246  0.9275  1.49327e-311
from 4 to 2 matchnode 122

122 719 3  0.550088  0.5904  0.8375  1.49324e-311
122 918 2  0.8099  0.7209  0.683333  1.49324e-311
from 4 to 3 matchnode 122

122 49 2  0.8428  0.536  0.833333  1.49324e-311
122 74 1  0.76  0.8  0.905  1.49324e-311
from 4 to 1 matchnode 155

155 1754 3  0.57036  0.602784  0.71  1.49327e-311
from 4 to 2 matchnode 155

155 719 3  0.6762  0.5166  0.5525  1.49324e-311
155 918 3  0.542184  0.642528  0.5725  1.49324e-311
from 4 to 3 matchnode 155

155 49 3  0.54  0.783288  0.7825  1.49324e-311
155 74 3  0.833  0.511056  0.6725  1.49324e-311

pattern answer15:
vertex1: 节点个数 1
2043 1 0.54
vertex2: 节点个数 2
187 2 0.54
192 2 0.62
vertex3: 节点个数 2
49 3 0.97
74 3 0.81
vertex4: 节点个数 2
89 4 0.77
122 4 1
edge_match: 
from 1 to 3 matchnode 2043

2043 49 2  0.7656  0.5518  0.773333  1.49333e-311
2043 74 3  0.63495  0.50445  0.605  1.49333e-311
from 1 to 4 matchnode 2043

2043 89 3  0.72819  0.557847  0.6175  0
2043 122 3  0.515964  0.671814  0.735  0
edge_match: 
from 2 to 1 matchnode 187

187 2043 3  0.715008  0.76048  0.605  0
from 2 to 3 matchnode 187

187 49 3  0.688842  0.649803  0.8625  6.95126e-310
187 74 3  0.82467  0.536313  0.805  1.49326e-311
from 2 to 1 matchnode 192

192 2043 3  0.613008  0.569088  0.6275  0
from 2 to 3 matchnode 192

192 49 2  0.7857  0.7068  0.69  6.95126e-310
192 74 3  0.777568  0.544824  0.64  1.49326e-311
edge_match: 
from 3 to 4 matchnode 49

49 89 3  0.533484  0.699273  0.7925  1.4933e-311
49 122 3  0.704352  0.50544  0.8875  1.4933e-311
from 3 to 4 matchnode 74

74 89 2  0.8075  0.7644  0.683333  1.49328e-311
74 122 3  0.621  0.664608  0.8025  1.49328e-311
edge_match: 
from 4 to 1 matchnode 89

89 2043 2  0.9207  0.517  0.693333  1.49326e-311
from 4 to 2 matchnode 89

89 187 3  0.618048  0.541575  0.6075  6.95126e-310
89 192 3  0.651355  0.72891  0.53  6.95126e-310
from 4 to 3 matchnode 89

89 49 3  0.68816  0.712712  0.755  1.49324e-311
89 74 3  0.829374  0.7191  0.6525  1.49324e-311
from 4 to 1 matchnode 122

122 2043 3  0.554559  0.537768  0.695  1.49326e-311
from 4 to 2 matchnode 122

122 187 2  0.5325  0.5332  0.77  1.49324e-311
122 192 3  0.666681  0.5518  0.715  1.49324e-311
from 4 to 3 matchnode 122

122 49 2  0.8428  0.536  0.833333  1.49324e-311
122 74 1  0.76  0.8  0.905  1.49324e-311

pattern answer16:
vertex1: 节点个数 1
2075 1 0.89
vertex2: 节点个数 2
63 2 0.52
187 2 0.54
vertex3: 节点个数 2
49 3 0.97
74 3 0.81
vertex4: 节点个数 2
122 4 1
210 4 0.82
edge_match: 
from 1 to 3 matchnode 2075

2075 49 3  0.665614  0.66216  0.8  1.49333e-311
2075 74 3  0.667368  0.51128  0.7675  1.49333e-311
from 1 to 4 matchnode 2075

2075 122 3  0.587574  0.606056  0.885  0
2075 210 3  0.559776  0.818496  0.805  0
edge_match: 
from 2 to 1 matchnode 63

63 2075 2  0.6853  0.5934  0.556667  6.95335e-310
from 2 to 3 matchnode 63

63 49 3  0.704352  0.793702  0.635  6.95126e-310
63 74 3  0.695268  0.6586  0.68  1.49326e-311
from 2 to 1 matchnode 187

187 2075 3  0.703444  0.5529  0.6675  6.95335e-310
from 2 to 3 matchnode 187

187 49 3  0.688842  0.649803  0.8625  6.95126e-310
187 74 3  0.82467  0.536313  0.805  1.49326e-311
edge_match: 
from 3 to 4 matchnode 49

49 122 3  0.704352  0.50544  0.8875  1.4933e-311
49 210 3  0.5984  0.78624  0.78  1.4933e-311
from 3 to 4 matchnode 74

74 122 3  0.621  0.664608  0.8025  1.49328e-311
74 210 3  0.759704  0.602316  0.795  1.49328e-311
edge_match: 
from 4 to 1 matchnode 122

122 2075 2  0.9108  0.549  0.823333  1.49333e-311
from 4 to 2 matchnode 122

122 63 3  0.60078  0.65072  0.7  1.49324e-311
122 187 2  0.5325  0.5332  0.77  1.49324e-311
from 4 to 3 matchnode 122

122 49 2  0.8428  0.536  0.833333  1.49324e-311
122 74 1  0.76  0.8  0.905  1.49324e-311
from 4 to 1 matchnode 210

210 2075 3  0.769296  0.65664  0.8475  1.49333e-311
from 4 to 2 matchnode 210

210 63 3  0.627984  0.70794  0.5525  1.49324e-311
210 187 3  0.6579  0.600576  0.585  1.49324e-311
from 4 to 3 matchnode 210

210 49 2  0.8184  0.8544  0.866667  1.49324e-311
210 74 2  0.5616  0.7505  0.833333  1.49324e-311

pattern answer17:
vertex1: 节点个数 1
2218 1 0.73
vertex2: 节点个数 2
100 2 0.89
187 2 0.54
vertex3: 节点个数 2
49 3 0.97
74 3 0.81
vertex4: 节点个数 2
89 4 0.77
210 4 0.82
edge_match: 
from 1 to 3 matchnode 2218

2218 49 3  0.6498  0.50589  0.745  1.49334e-311
2218 74 3  0.69597  0.5508  0.655  1.49334e-311
from 1 to 4 matchnode 2218

2218 89 2  0.798  0.567  0.79  0
2218 210 3  0.55803  0.51246  0.825  0
edge_match: 
from 2 to 1 matchnode 100

100 2218 1  0.97  0.85  0.81  5.34557e-312
from 2 to 3 matchnode 100

100 49 3  0.707712  0.795708  0.6825  6.95126e-310
100 74 2  0.836  0.8036  0.893333  1.49326e-311
from 2 to 1 matchnode 187

187 2218 3  0.903168  0.846034  0.7625  5.34557e-312
from 2 to 3 matchnode 187

187 49 3  0.688842  0.649803  0.8625  6.95126e-310
187 74 3  0.82467  0.536313  0.805  1.49326e-311
edge_match: 
from 3 to 4 matchnode 49

49 89 3  0.533484  0.699273  0.7925  1.4933e-311
49 210 3  0.5984  0.78624  0.78  1.4933e-311
from 3 to 4 matchnode 74

74 89 2  0.8075  0.7644  0.683333  1.49328e-311
74 210 3  0.759704  0.602316  0.795  1.49328e-311
edge_match: 
from 4 to 1 matchnode 89

89 2218 2  0.8544  0.5586  0.766667  1.49326e-311
from 4 to 2 matchnode 89

89 100 2  0.6873  0.5625  0.71  6.95126e-310
89 187 3  0.618048  0.541575  0.6075  6.95126e-310
from 4 to 3 matchnode 89

89 49 3  0.68816  0.712712  0.755  1.49324e-311
89 74 3  0.829374  0.7191  0.6525  1.49324e-311
from 4 to 1 matchnode 210

210 2218 3  0.701428  0.5874  0.63  1.49326e-311
from 4 to 2 matchnode 210

210 100 3  0.73656  0.912576  0.79  1.49324e-311
210 187 3  0.6579  0.600576  0.585  1.49324e-311
from 4 to 3 matchnode 210

210 49 2  0.8184  0.8544  0.866667  1.49324e-311
210 74 2  0.5616  0.7505  0.833333  1.49324e-311

pattern answer18:
vertex1: 节点个数 1
2285 1 0.6
vertex2: 节点个数 2
63 2 0.52
100 2 0.89
vertex3: 节点个数 2
49 3 0.97
74 3 0.81
vertex4: 节点个数 2
354 4 0.99
1762 4 0.79
edge_match: 
from 1 to 3 matchnode 2285

2285 49 3  0.702086  0.802869  0.7275  1.49328e-311
2285 74 1  0.88  1  0.705  1.49328e-311
from 1 to 4 matchnode 2285

2285 354 2  0.8463  0.528  0.676667  0
2285 1762 2  0.8272  0.59  0.733333  0
edge_match: 
from 2 to 1 matchnode 63

63 2285 2  0.5475  0.7623  0.513333  6.95335e-310
from 2 to 3 matchnode 63

63 49 3  0.704352  0.793702  0.635  6.95126e-310
63 74 3  0.695268  0.6586  0.68  1.49326e-311
from 2 to 1 matchnode 100

100 2285 3  0.5928  0.535624  0.69  6.95335e-310
from 2 to 3 matchnode 100

100 49 3  0.707712  0.795708  0.6825  6.95126e-310
100 74 2  0.836  0.8036  0.893333  1.49326e-311
edge_match: 
from 3 to 4 matchnode 49

49 354 3  0.55845  0.776  0.8575  1.4933e-311
49 1762 3  0.552  0.577368  0.76  1.4933e-311
from 3 to 4 matchnode 74

74 354 2  0.5369  0.9  0.743333  1.49328e-311
74 1762 1  0.94  0.59  0.8  1.49328e-311
edge_match: 
from 4 to 1 matchnode 354

354 2285 2  0.6525  0.7007  0.67  1.49328e-311
from 4 to 2 matchnode 354

354 63 3  0.693  0.591008  0.7425  1.49333e-311
354 100 3  0.506088  0.617405  0.85  1.49333e-311
from 4 to 3 matchnode 354

354 49 2  0.747  0.6566  0.976667  1.49324e-311
354 74 3  0.7128  0.874552  0.905  1.49324e-311
from 4 to 1 matchnode 1762

1762 2285 2  0.7098  0.6674  0.656667  1.49328e-311
from 4 to 2 matchnode 1762

1762 63 3  0.559488  0.536844  0.5675  1.49325e-311
1762 100 3  0.893564  0.61152  0.7875  1.49325e-311
from 4 to 3 matchnode 1762

1762 49 3  0.911493  0.610944  0.5975  1.49324e-311
1762 74 3  0.624624  0.6674  0.695  1.49324e-311

pattern answer19:
vertex1: 节点个数 1
2960 1 0.86
vertex2: 节点个数 2
63 2 0.52
719 2 0.98
vertex3: 节点个数 2
49 3 0.97
74 3 0.81
vertex4: 节点个数 2
122 4 1
289 4 0.5
edge_match: 
from 1 to 3 matchnode 2960

2960 49 3  0.663936  0.605912  0.6575  1.49328e-311
2960 74 2  0.6174  0.5766  0.843333  1.49328e-311
from 1 to 4 matchnode 2960

2960 122 3  0.70686  0.591945  0.6525  0
2960 289 3  0.67868  0.838292  0.67  0
edge_match: 
from 2 to 1 matchnode 63

63 2960 3  0.775866  0.64242  0.7125  1.49328e-311
from 2 to 3 matchnode 63

63 49 3  0.704352  0.793702  0.635  6.95126e-310
63 74 3  0.695268  0.6586  0.68  1.49326e-311
from 2 to 1 matchnode 719

719 2960 3  0.5874  0.664785  0.775  1.49328e-311
from 2 to 3 matchnode 719

719 49 3  0.634392  0.602217  0.8325  6.95126e-310
719 74 3  0.678447  0.510972  0.625  1.49326e-311
edge_match: 
from 3 to 4 matchnode 49

49 122 3  0.704352  0.50544  0.8875  1.4933e-311
49 289 3  0.6596  0.67797  0.55  1.4933e-311
from 3 to 4 matchnode 74

74 122 3  0.621  0.664608  0.8025  1.49328e-311
74 289 3  0.746415  0.77469  0.6725  1.49328e-311
edge_match: 
from 4 to 1 matchnode 122

122 2960 3  0.750288  0.583704  0.735  1.49328e-311
from 4 to 2 matchnode 122

122 63 3  0.60078  0.65072  0.7  1.49324e-311
122 719 3  0.550088  0.5904  0.8375  1.49324e-311
from 4 to 3 matchnode 122

122 49 2  0.8428  0.536  0.833333  1.49324e-311
122 74 1  0.76  0.8  0.905  1.49324e-311
from 4 to 1 matchnode 289

289 2960 3  0.620928  0.504504  0.5825  1.49328e-311
from 4 to 2 matchnode 289

289 63 3  0.68904  0.531828  0.5625  1.49326e-311
289 719 3  0.515034  0.550314  0.6275  1.49326e-311
from 4 to 3 matchnode 289

289 49 3  0.91238  0.64512  0.6475  1.49324e-311
289 74 3  0.931  0.628992  0.6075  1.49324e-311

pattern answer20:
vertex1: 节点个数 1
3180 1 0.6
vertex2: 节点个数 2
42 2 0.51
100 2 0.89
vertex3: 节点个数 2
729 3 0.94
805 3 0.63
vertex4: 节点个数 2
210 4 0.82
410 4 0.88
edge_match: 
from 1 to 3 matchnode 3180

3180 729 3  0.667755  0.7315  0.64  1.49334e-311
3180 805 3  0.729828  0.6365  0.625  1.49334e-311
from 1 to 4 matchnode 3180

3180 210 3  0.581  0.82764  0.715  0
3180 410 3  0.631842  0.679056  0.53  0
edge_match: 
from 2 to 1 matchnode 42

42 3180 3  0.665896  0.56682  0.74  1.49324e-311
from 2 to 3 matchnode 42

42 729 2  0.6392  0.6499  0.773333  1.49329e-311
42 805 3  0.537225  0.791802  0.6575  1.49328e-311
from 2 to 1 matchnode 100

100 3180 2  0.6808  0.6693  0.68  1.49324e-311
from 2 to 3 matchnode 100

100 729 3  0.676875  0.724416  0.6425  1.49329e-311
100 805 3  0.776388  0.532224  0.835  1.49328e-311
edge_match: 
from 3 to 4 matchnode 729

729 210 2  0.646  0.6916  0.76  1.4933e-311
729 410 3  0.55695  0.615168  0.8575  1.4933e-311
from 3 to 4 matchnode 805

805 210 3  0.679604  0.663  0.5025  1.49324e-311
805 410 3  0.579124  0.555519  0.6825  1.49324e-311
edge_match: 
from 4 to 1 matchnode 210

210 3180 3  0.510048  0.8037  0.8175  1.49334e-311
from 4 to 2 matchnode 210

210 42 3  0.747348  0.5904  0.5625  1.49324e-311
210 100 3  0.73656  0.912576  0.79  1.49324e-311
from 4 to 3 matchnode 210

210 729 3  0.602784  0.648375  0.7675  1.49324e-311
210 805 3  0.574461  0.874368  0.785  1.49328e-311
from 4 to 1 matchnode 410

410 3180 2  0.6142  0.7372  0.676667  1.49334e-311
from 4 to 2 matchnode 410

410 42 3  0.69795  0.63744  0.5825  6.95126e-310
410 100 3  0.701092  0.54145  0.9325  6.95126e-310
from 4 to 3 matchnode 410

410 729 3  0.605912  0.564732  0.7575  1.49324e-311
410 805 1  0.87  0.99  0.755  1.49328e-311

pattern answer21:
vertex1: 节点个数 1
3277 1 0.71
vertex2: 节点个数 2
137 2 0.75
1903 2 1
vertex3: 节点个数 2
49 3 0.97
729 3 0.94
vertex4: 节点个数 2
289 4 0.5
413 4 0.64
edge_match: 
from 1 to 3 matchnode 3277

3277 49 3  0.625443  0.583929  0.84  1.49331e-311
3277 729 3  0.55955  0.510048  0.5975  1.49331e-311
from 1 to 4 matchnode 3277

3277 289 2  0.5822  0.8256  0.626667  0
3277 413 3  0.5586  0.521512  0.6525  0
edge_match: 
from 2 to 1 matchnode 137

137 3277 3  0.670437  0.558  0.8275  6.95335e-310
from 2 to 3 matchnode 137

137 49 3  0.653697  0.582813  0.915  6.95126e-310
137 729 3  0.760554  0.708876  0.6875  1.49329e-311
from 2 to 1 matchnode 1903

1903 3277 3  0.5832  0.741024  0.8025  6.95335e-310
from 2 to 3 matchnode 1903

1903 49 3  0.820911  0.526613  0.785  6.95126e-310
1903 729 3  0.565488  0.893564  0.78  1.49329e-311
edge_match: 
from 3 to 4 matchnode 49

49 289 3  0.6596  0.67797  0.55  1.4933e-311
49 413 2  0.572  0.9  0.806667  1.4933e-311
from 3 to 4 matchnode 729

729 289 2  0.6111  0.632  0.62  1.4933e-311
729 413 2  0.5475  0.7921  0.796667  1.4933e-311
edge_match: 
from 4 to 1 matchnode 289

289 3277 3  0.577125  0.686991  0.6775  1.49331e-311
from 4 to 2 matchnode 289

289 137 3  0.7568  0.628992  0.6175  1.49326e-311
289 1903 3  0.64239  0.693504  0.655  1.49326e-311
from 4 to 3 matchnode 289

289 49 3  0.91238  0.64512  0.6475  1.49324e-311
289 729 1  0.61  0.6  0.72  1.49324e-311
from 4 to 1 matchnode 413

413 3277 3  0.714987  0.744  0.6925  1.49331e-311
from 4 to 2 matchnode 413

413 137 2  0.6348  0.5016  0.71  6.95126e-310
413 1903 2  0.6636  0.6402  0.733333  6.95126e-310
from 4 to 3 matchnode 413

413 49 3  0.712008  0.713691  0.8175  1.49324e-311
413 729 3  0.575856  0.6734  0.7175  1.49324e-311

pattern answer22:
vertex1: 节点个数 1
3281 1 0.71
vertex2: 节点个数 2
100 2 0.89
918 2 0.6
vertex3: 节点个数 2
1613 3 0.68
2227 3 0.94
vertex4: 节点个数 2
410 4 0.88
1401 4 0.98
edge_match: 
from 1 to 3 matchnode 3281

3281 1613 3  0.538156  0.5688  0.6375  1.49331e-311
3281 2227 3  0.715008  0.7614  0.82  1.49331e-311
from 1 to 4 matchnode 3281

3281 410 3  0.67868  0.68796  0.7775  0
3281 1401 1  0.76  0.9  0.845  0
edge_match: 
from 2 to 1 matchnode 100

100 3281 3  0.605912  0.531828  0.7825  5.34557e-312
from 2 to 3 matchnode 100

100 1613 3  0.785862  0.606528  0.5725  6.95126e-310
100 2227 3  0.820135  0.66572  0.715  1.49328e-311
from 2 to 1 matchnode 918

918 3281 3  0.505344  0.598216  0.5825  5.34557e-312
from 2 to 3 matchnode 918

918 1613 3  0.57722  0.622398  0.535  6.95126e-310
918 2227 2  0.63  0.6048  0.696667  1.49328e-311
edge_match: 
from 3 to 4 matchnode 1613

1613 410 2  0.8256  0.7626  0.623333  1.49324e-311
1613 1401 3  0.72713  0.89376  0.6675  1.49324e-311
from 3 to 4 matchnode 2227

2227 410 3  0.63403  0.588588  0.835  1.49329e-311
2227 1401 1  0.71  0.77  0.96  1.49329e-311
edge_match: 
from 4 to 1 matchnode 410

410 3281 3  0.503965  0.5236  0.5475  1.49331e-311
from 4 to 2 matchnode 410

410 100 3  0.701092  0.54145  0.9325  6.95126e-310
410 918 3  0.720447  0.854667  0.64  6.95126e-310
from 4 to 3 matchnode 410

410 1613 3  0.838488  0.554064  0.685  1.49331e-311
410 2227 3  0.511584  0.63168  0.8425  1.49324e-311
from 4 to 1 matchnode 1401

1401 3281 3  0.542133  0.608384  0.63  1.49331e-311
from 4 to 2 matchnode 1401

1401 100 3  0.836528  0.52332  0.6325  1.49327e-311
1401 918 2  0.8118  0.7896  0.78  1.49327e-311
from 4 to 3 matchnode 1401

1401 1613 3  0.77121  0.550088  0.8175  1.49331e-311
1401 2227 2  0.9408  0.846  0.856667  1.49324e-311

pattern answer23:
vertex1: 节点个数 1
5415 1 0.54
vertex2: 节点个数 2
719 2 0.98
1903 2 1
vertex3: 节点个数 2
49 3 0.97
74 3 0.81
vertex4: 节点个数 2
354 4 0.99
2775 4 0.62
edge_match: 
from 1 to 3 matchnode 5415

5415 49 3  0.52416  0.51086  0.645  1.49331e-311
5415 74 2  0.616  0.5063  0.776667  1.49331e-311
from 1 to 4 matchnode 5415

5415 354 3  0.530485  0.53508  0.63  0
5415 2775 3  0.588596  0.525987  0.5325  0
edge_match: 
from 2 to 1 matchnode 719

719 5415 2  0.6318  0.5084  0.796667  7.69706e-310
from 2 to 3 matchnode 719

719 49 3  0.634392  0.602217  0.8325  6.95126e-310
719 74 3  0.678447  0.510972  0.625  1.49326e-311
from 2 to 1 matchnode 1903

1903 5415 2  0.7138  0.7315  0.67  7.69706e-310
from 2 to 3 matchnode 1903

1903 49 3  0.820911  0.526613  0.785  6.95126e-310
1903 74 3  0.648648  0.727748  0.7475  1.49326e-311
edge_match: 
from 3 to 4 matchnode 49

49 354 3  0.55845  0.776  0.8575  1.4933e-311
49 2775 3  0.514431  0.837401  0.755  1.4933e-311
from 3 to 4 matchnode 74

74 354 2  0.5369  0.9  0.743333  1.49328e-311
74 2775 2  0.7209  0.8148  0.766667  1.49328e-311
edge_match: 
from 4 to 1 matchnode 354

354 5415 3  0.57288  0.774144  0.605  1.49331e-311
from 4 to 2 matchnode 354

354 719 3  0.73953  0.60214  0.78  1.49333e-311
354 1903 2  0.5292  0.9409  0.85  1.49333e-311
from 4 to 3 matchnode 354

354 49 2  0.747  0.6566  0.976667  1.49324e-311
354 74 3  0.7128  0.874552  0.905  1.49324e-311
from 4 to 1 matchnode 2775

2775 5415 3  0.67811  0.5467  0.54  1.49331e-311
from 4 to 2 matchnode 2775

2775 719 3  0.765  0.528525  0.555  1.49324e-311
2775 1903 2  0.6555  0.6106  0.716667  1.49324e-311
from 4 to 3 matchnode 2775

2775 49 2  0.931  0.568  0.706667  1.49324e-311
2775 74 2  0.95  0.5538  0.653333  1.49324e-311

pattern answer24:
vertex1: 节点个数 1
6084 1 0.54
vertex2: 节点个数 2
918 2 0.6
1903 2 1
vertex3: 节点个数 2
49 3 0.97
74 3 0.81
vertex4: 节点个数 2
89 4 0.77
122 4 1
edge_match: 
from 1 to 3 matchnode 6084

6084 49 3  0.520125  0.76048  0.6175  1.49331e-311
6084 74 3  0.829374  0.63495  0.595  1.49331e-311
from 1 to 4 matchnode 6084

6084 89 3  0.632772  0.510948  0.7375  0
6084 122 2  0.8091  0.6474  0.77  0
edge_match: 
from 2 to 1 matchnode 918

918 6084 3  0.543704  0.570752  0.5675  7.69706e-310
from 2 to 3 matchnode 918

918 49 3  0.566048  0.52136  0.65  6.95126e-310
918 74 3  0.504504  0.743232  0.6275  1.49326e-311
from 2 to 1 matchnode 1903

1903 6084 1  0.95  0.99  0.77  7.69706e-310
from 2 to 3 matchnode 1903

1903 49 3  0.820911  0.526613  0.785  6.95126e-310
1903 74 3  0.648648  0.727748  0.7475  1.49326e-311
edge_match: 
from 3 to 4 matchnode 49

49 89 3  0.533484  0.699273  0.7925  1.4933e-311
49 122 3  0.704352  0.50544  0.8875  1.4933e-311
from 3 to 4 matchnode 74

74 89 2  0.8075  0.7644  0.683333  1.49328e-311
74 122 3  0.621  0.664608  0.8025  1.49328e-311
edge_match: 
from 4 to 1 matchnode 89

89 6084 3  0.5301  0.772398  0.77  1.49331e-311
from 4 to 2 matchnode 89

89 918 3  0.715635  0.578664  0.7525  6.95126e-310
89 1903 2  0.558  0.7802  0.846667  6.95126e-310
from 4 to 3 matchnode 89

89 49 3  0.68816  0.712712  0.755  1.49324e-311
89 74 3  0.829374  0.7191  0.6525  1.49324e-311
from 4 to 1 matchnode 122

122 6084 3  0.56373  0.570438  0.7675  1.49331e-311
from 4 to 2 matchnode 122

122 918 2  0.8099  0.7209  0.683333  1.49324e-311
122 1903 3  0.768645  0.5301  0.7575  1.49324e-311
from 4 to 3 matchnode 122

122 49 2  0.8428  0.536  0.833333  1.49324e-311
122 74 1  0.76  0.8  0.905  1.49324e-311

