pattern answer1:
vertex1: 节点个数 1
3239 1 0.72
vertex2: 节点个数 2
189 2 0.5
6732 2 0.85
vertex3: 节点个数 2
68360 3 0.51
71982 3 0.91
edge_match: 
from 1 to 2 matchnode 3239

3239 189 1  0.69  0.63  0.61  9.00071e-312
3239 6732 2  0.5313  0.6237  0.69  9.00071e-312
from 1 to 3 matchnode 3239

3239 68360 2  0.6555  0.567  0.576667  9.00071e-312
3239 71982 2  0.621  0.5985  0.71  9.00071e-312
edge_match: 
from 2 to 3 matchnode 189

189 68360 1  0.95  0.9  0.505  6.95149e-310
189 71982 1  0.9  0.95  0.705  6.95149e-310
from 2 to 3 matchnode 6732

6732 68360 2  0.5415  0.765  0.62  9.00071e-312
6732 71982 2  0.513  0.8075  0.753333  9.00071e-312
edge_match: 

pattern answer2:
vertex1: 节点个数 1
6137 1 0.91
vertex2: 节点个数 2
89095 2 0.6
104958 2 0.61
vertex3: 节点个数 2
118667 3 0.89
125774 3 0.62
edge_match: 
from 1 to 2 matchnode 6137

6137 89095 2  0.9405  0.7546  0.586667  9.00071e-312
6137 104958 2  0.792  0.684  0.733333  9.00071e-312
from 1 to 3 matchnode 6137

6137 118667 2  0.624  0.6984  0.826667  9.00071e-312
6137 125774 2  0.736  0.6336  0.736667  9.00071e-312
edge_match: 
from 2 to 3 matchnode 89095

89095 118667 2  0.5148  0.8924  0.723333  6.95149e-310
89095 125774 2  0.6072  0.8096  0.633333  6.95149e-310
from 2 to 3 matchnode 104958

104958 118667 2  0.624  0.5917  0.726667  9.00071e-312
104958 125774 2  0.736  0.5368  0.636667  9.00071e-312
edge_match: 

pattern answer3:
vertex1: 节点个数 1
6223 1 0.91
vertex2: 节点个数 2
66695 2 0.96
125168 2 0.84
vertex3: 节点个数 2
76575 3 0.86
89776 3 0.78
edge_match: 
from 1 to 2 matchnode 6223

6223 66695 2  0.6248  0.6392  0.87  9.00037e-312
6223 125168 2  0.9312  0.9024  0.9  9.00037e-312
from 1 to 3 matchnode 6223

6223 76575 2  0.8272  0.8836  0.836667  9.00037e-312
6223 89776 2  0.8448  0.8084  0.81  9.00037e-312
edge_match: 
from 2 to 3 matchnode 66695

66695 76575 2  0.6204  0.564  0.853333  6.95149e-310
66695 89776 2  0.6336  0.516  0.826667  6.95149e-310
from 2 to 3 matchnode 125168

125168 76575 2  0.8178  0.611  0.813333  9.00071e-312
125168 89776 2  0.8352  0.559  0.786667  9.00071e-312
edge_match: 

pattern answer4:
vertex1: 节点个数 1
10053 1 0.67
vertex2: 节点个数 2
189 2 0.5
8823 2 0.86
vertex3: 节点个数 2
39300 3 0.93
50733 3 0.83
edge_match: 
from 1 to 2 matchnode 10053

10053 189 1  0.63  0.78  0.585  9.00062e-312
10053 8823 2  0.5418  0.5772  0.676667  9.00062e-312
from 1 to 3 matchnode 10053

10053 39300 2  0.504  0.6786  0.7  9.00062e-312
10053 50733 2  0.5292  0.702  0.666667  9.00062e-312
edge_match: 
from 2 to 3 matchnode 189

189 39300 1  0.8  0.87  0.715  6.95149e-310
189 50733 1  0.84  0.9  0.665  6.95149e-310
from 2 to 3 matchnode 8823

8823 39300 2  0.664  0.5307  0.763333  9.00071e-312
8823 50733 2  0.6972  0.549  0.73  9.00071e-312
edge_match: 

pattern answer5:
vertex1: 节点个数 1
10394 1 0.93
vertex2: 节点个数 2
68257 2 0.96
104288 2 0.63
vertex3: 节点个数 2
88058 3 0.51
137344 3 0.5
edge_match: 
from 1 to 2 matchnode 10394

10394 68257 2  0.816  0.574  0.82  9.00062e-312
10394 104288 2  0.782  0.637  0.71  9.00062e-312
from 1 to 3 matchnode 10394

10394 88058 2  0.7395  0.693  0.67  9.00062e-312
10394 137344 2  0.5355  0.686  0.666667  9.00062e-312
edge_match: 
from 2 to 3 matchnode 68257

68257 88058 2  0.8091  0.594  0.68  6.95149e-310
68257 137344 2  0.5859  0.588  0.676667  6.95149e-310
from 2 to 3 matchnode 104288

104288 88058 2  0.7656  0.5148  0.57  9.00071e-312
104288 137344 2  0.5544  0.5096  0.566667  9.00071e-312
edge_match: 

pattern answer6:
vertex1: 节点个数 1
12118 1 0.78
vertex2: 节点个数 2
189 2 0.5
3642 2 0.86
vertex3: 节点个数 2
42390 3 0.85
47746 3 0.75
edge_match: 
from 1 to 2 matchnode 12118

12118 189 1  0.61  0.91  0.64  4.94066e-324
12118 3642 2  0.5002  0.5551  0.713333  4.94066e-324
from 1 to 3 matchnode 12118

12118 42390 2  0.5795  0.6916  0.71  4.94066e-324
12118 47746 2  0.5612  0.7007  0.676667  4.94066e-324
edge_match: 
from 2 to 3 matchnode 189

189 42390 1  0.95  0.76  0.675  6.95149e-310
189 47746 1  0.92  0.77  0.625  6.95149e-310
from 2 to 3 matchnode 3642

3642 42390 2  0.6555  0.5168  0.736667  9.00071e-312
3642 47746 2  0.6348  0.5236  0.703333  9.00071e-312
edge_match: 

pattern answer7:
vertex1: 节点个数 1
23946 1 0.94
vertex2: 节点个数 2
62676 2 0.6
65240 2 0.85
vertex3: 节点个数 2
63268 3 0.9
63652 3 0.59
edge_match: 
from 1 to 2 matchnode 23946

23946 62676 2  0.6068  0.7128  0.653333  9.0007e-312
23946 65240 2  0.7954  0.704  0.736667  9.0007e-312
from 1 to 3 matchnode 23946

23946 63268 2  0.738  0.5984  0.753333  9.0007e-312
23946 63652 2  0.7216  0.7744  0.65  9.0007e-312
edge_match: 
from 2 to 3 matchnode 62676

62676 63268 2  0.873  0.6188  0.64  6.95149e-310
62676 63652 2  0.8536  0.8008  0.536667  6.95149e-310
from 2 to 3 matchnode 65240

65240 63268 2  0.666  0.5304  0.723333  6.95146e-310
65240 63652 2  0.6512  0.6864  0.62  6.95146e-310
edge_match: 

pattern answer8:
vertex1: 节点个数 1
26036 1 0.67
vertex2: 节点个数 2
62310 2 0.99
104958 2 0.61
vertex3: 节点个数 2
94673 3 0.5
118667 3 0.89
edge_match: 
from 1 to 2 matchnode 26036

26036 62310 2  0.5141  0.7636  0.78  4.94066e-324
26036 104958 2  0.9603  0.7885  0.653333  4.94066e-324
from 1 to 3 matchnode 26036

26036 94673 2  0.6402  0.8134  0.616667  4.94066e-324
26036 118667 2  0.7566  0.8051  0.746667  4.94066e-324
edge_match: 
from 2 to 3 matchnode 62310

62310 94673 2  0.5016  0.931  0.723333  6.95149e-310
62310 118667 2  0.5928  0.9215  0.853333  6.95149e-310
from 2 to 3 matchnode 104958

104958 94673 2  0.528  0.5978  0.596667  9.00071e-312
104958 118667 2  0.624  0.5917  0.726667  9.00071e-312
edge_match: 

pattern answer9:
vertex1: 节点个数 1
27556 1 0.53
vertex2: 节点个数 2
66695 2 0.96
189089 2 0.5
vertex3: 节点个数 2
76575 3 0.86
89776 3 0.78
edge_match: 
from 1 to 2 matchnode 27556

27556 66695 2  0.6887  0.544  0.743333  9.0007e-312
27556 189089 2  0.6111  0.552  0.59  9.0007e-312
from 1 to 3 matchnode 27556

27556 76575 2  0.9118  0.752  0.71  9.0007e-312
27556 89776 2  0.9312  0.688  0.683333  9.0007e-312
edge_match: 
from 2 to 3 matchnode 66695

66695 76575 2  0.6204  0.564  0.853333  6.95149e-310
66695 89776 2  0.6336  0.516  0.826667  6.95149e-310
from 2 to 3 matchnode 189089

189089 76575 2  0.9118  0.7614  0.7  9.00071e-312
189089 89776 2  0.9312  0.6966  0.673333  9.00071e-312
edge_match: 

pattern answer10:
vertex1: 节点个数 1
32722 1 0.95
vertex2: 节点个数 2
62676 2 0.6
65240 2 0.85
vertex3: 节点个数 2
63268 3 0.9
63652 3 0.59
edge_match: 
from 1 to 2 matchnode 32722

32722 62676 2  0.6364  0.6723  0.656667  4.94066e-324
32722 65240 2  0.8342  0.664  0.74  4.94066e-324
from 1 to 3 matchnode 32722

32722 63268 2  0.774  0.5644  0.756667  4.94066e-324
32722 63652 2  0.7568  0.7304  0.653333  4.94066e-324
edge_match: 
from 2 to 3 matchnode 62676

62676 63268 2  0.873  0.6188  0.64  6.95149e-310
62676 63652 2  0.8536  0.8008  0.536667  6.95149e-310
from 2 to 3 matchnode 65240

65240 63268 2  0.666  0.5304  0.723333  6.95146e-310
65240 63652 2  0.6512  0.6864  0.62  6.95146e-310
edge_match: 

pattern answer11:
vertex1: 节点个数 1
37272 1 0.52
vertex2: 节点个数 2
104958 2 0.61
153693 2 0.96
vertex3: 节点个数 2
118667 3 0.89
125774 3 0.62
edge_match: 
from 1 to 2 matchnode 37272

37272 104958 2  0.8217  0.6745  0.603333  8.99964e-312
37272 153693 2  0.5893  0.6319  0.72  8.99964e-312
from 1 to 3 matchnode 37272

37272 118667 2  0.6474  0.6887  0.696667  8.99964e-312
37272 125774 2  0.7636  0.6248  0.606667  8.99964e-312
edge_match: 
from 2 to 3 matchnode 104958

104958 118667 2  0.624  0.5917  0.726667  9.00071e-312
104958 125774 2  0.736  0.5368  0.636667  9.00071e-312
from 2 to 3 matchnode 153693

153693 118667 2  0.5226  0.6984  0.843333  9.00071e-312
153693 125774 2  0.6164  0.6336  0.753333  9.00071e-312
edge_match: 

pattern answer12:
vertex1: 节点个数 1
58146 1 0.53
vertex2: 节点个数 2
183135 2 0.71
323704 2 0.56
vertex3: 节点个数 2
57962 3 0.8
58046 3 0.77
edge_match: 
from 1 to 2 matchnode 58146

58146 183135 2  0.5658  0.555  0.513333  9.0008e-312
58146 323704 1  0.55  0.99  0.545  9.0008e-312
from 1 to 3 matchnode 58146

58146 57962 2  0.568  0.6699  0.756667  9.0008e-312
58146 58046 1  0.92  0.94  0.65  9.0008e-312
edge_match: 
from 2 to 3 matchnode 183135

183135 57962 2  0.8008  0.8148  0.543333  9.00071e-312
183135 58046 2  0.828  0.6956  0.67  9.00071e-312
from 2 to 3 matchnode 323704

323704 57962 1  0.58  0.89  0.68  6.95149e-310
323704 58046 2  0.621  0.5846  0.63  6.95149e-310
edge_match: 

pattern answer13:
vertex1: 节点个数 1
61833 1 0.72
vertex2: 节点个数 2
62310 2 0.99
66559 2 0.75
vertex3: 节点个数 2
88058 3 0.51
99312 3 0.52
edge_match: 
from 1 to 2 matchnode 61833

61833 62310 2  0.615  0.6566  0.76  4.94066e-324
61833 66559 2  0.533  0.5978  0.68  4.94066e-324
from 1 to 3 matchnode 61833

61833 88058 2  0.7134  0.9702  0.6  4.94066e-324
61833 99312 2  0.6888  0.784  0.603333  4.94066e-324
edge_match: 
from 2 to 3 matchnode 62310

62310 88058 2  0.5568  0.6633  0.69  6.95149e-310
62310 99312 2  0.5376  0.536  0.693333  6.95149e-310
from 2 to 3 matchnode 66559

66559 88058 2  0.6699  0.8613  0.61  9.00071e-312
66559 99312 2  0.6468  0.696  0.613333  9.00071e-312
edge_match: 

pattern answer14:
vertex1: 节点个数 1
61834 1 0.54
vertex2: 节点个数 2
62676 2 0.6
65240 2 0.85
vertex3: 节点个数 2
63268 3 0.9
63652 3 0.59
edge_match: 
from 1 to 2 matchnode 61834

61834 62676 2  0.5032  0.729  0.52  9.00072e-312
61834 65240 2  0.6596  0.72  0.603333  9.00072e-312
from 1 to 3 matchnode 61834

61834 63268 2  0.612  0.612  0.62  9.00072e-312
61834 63652 2  0.5984  0.792  0.516667  9.00072e-312
edge_match: 
from 2 to 3 matchnode 62676

62676 63268 2  0.873  0.6188  0.64  6.95149e-310
62676 63652 2  0.8536  0.8008  0.536667  6.95149e-310
from 2 to 3 matchnode 65240

65240 63268 2  0.666  0.5304  0.723333  6.95146e-310
65240 63652 2  0.6512  0.6864  0.62  6.95146e-310
edge_match: 

pattern answer15:
vertex1: 节点个数 1
62769 1 0.95
vertex2: 节点个数 2
62676 2 0.6
65240 2 0.85
vertex3: 节点个数 2
63268 3 0.9
63652 3 0.59
edge_match: 
from 1 to 2 matchnode 62769

62769 62676 2  0.555  0.81  0.656667  4.94066e-324
62769 65240 2  0.7275  0.8  0.74  4.94066e-324
from 1 to 3 matchnode 62769

62769 63268 2  0.675  0.68  0.756667  4.94066e-324
62769 63652 2  0.66  0.88  0.653333  4.94066e-324
edge_match: 
from 2 to 3 matchnode 62676

62676 63268 2  0.873  0.6188  0.64  6.95149e-310
62676 63652 2  0.8536  0.8008  0.536667  6.95149e-310
from 2 to 3 matchnode 65240

65240 63268 2  0.666  0.5304  0.723333  6.95146e-310
65240 63652 2  0.6512  0.6864  0.62  6.95146e-310
edge_match: 

pattern answer16:
vertex1: 节点个数 1
63469 1 0.73
vertex2: 节点个数 2
62676 2 0.6
65240 2 0.85
vertex3: 节点个数 2
63268 3 0.9
63652 3 0.59
edge_match: 
from 1 to 2 matchnode 63469

63469 62676 2  0.629  0.6156  0.583333  9.0008e-312
63469 65240 2  0.8245  0.608  0.666667  9.0008e-312
from 1 to 3 matchnode 63469

63469 63268 2  0.765  0.5168  0.683333  9.0008e-312
63469 63652 2  0.748  0.6688  0.58  9.0008e-312
edge_match: 
from 2 to 3 matchnode 62676

62676 63268 2  0.873  0.6188  0.64  6.95149e-310
62676 63652 2  0.8536  0.8008  0.536667  6.95149e-310
from 2 to 3 matchnode 65240

65240 63268 2  0.666  0.5304  0.723333  6.95146e-310
65240 63652 2  0.6512  0.6864  0.62  6.95146e-310
edge_match: 

pattern answer17:
vertex1: 节点个数 1
65019 1 0.62
vertex2: 节点个数 2
225709 2 0.82
227689 2 0.67
vertex3: 节点个数 2
76575 3 0.86
89776 3 0.78
edge_match: 
from 1 to 2 matchnode 65019

65019 225709 2  0.7047  0.5888  0.726667  9.0008e-312
65019 227689 2  0.5046  0.512  0.676667  9.0008e-312
from 1 to 3 matchnode 65019

65019 76575 2  0.8178  0.6016  0.74  9.0008e-312
65019 89776 2  0.8352  0.5504  0.713333  9.0008e-312
edge_match: 
from 2 to 3 matchnode 225709

225709 76575 2  0.6392  0.5734  0.806667  6.95149e-310
225709 89776 2  0.6528  0.5246  0.78  6.95149e-310
from 2 to 3 matchnode 227689

227689 76575 2  0.8178  0.5828  0.756667  9.00071e-312
227689 89776 2  0.8352  0.5332  0.73  9.00071e-312
edge_match: 

pattern answer18:
vertex1: 节点个数 1
67209 1 0.68
vertex2: 节点个数 2
104288 2 0.63
104958 2 0.61
vertex3: 节点个数 2
88058 3 0.51
137344 3 0.5
edge_match: 
from 1 to 2 matchnode 67209

67209 104288 2  0.7452  0.5369  0.626667  9.0008e-312
67209 104958 2  0.9108  0.5985  0.656667  9.0008e-312
from 1 to 3 matchnode 67209

67209 88058 2  0.7047  0.5841  0.586667  9.0008e-312
67209 137344 2  0.5103  0.5782  0.583333  9.0008e-312
edge_match: 
from 2 to 3 matchnode 104288

104288 88058 2  0.7656  0.5148  0.57  9.00071e-312
104288 137344 2  0.5544  0.5096  0.566667  9.00071e-312
from 2 to 3 matchnode 104958

104958 88058 2  0.8526  0.7425  0.563333  9.00071e-312
104958 137344 2  0.6174  0.735  0.56  9.00071e-312
edge_match: 

pattern answer19:
vertex1: 节点个数 1
67220 1 0.87
vertex2: 节点个数 2
62310 2 0.99
65240 2 0.85
vertex3: 节点个数 2
63652 3 0.59
149545 3 0.59
edge_match: 
from 1 to 2 matchnode 67220

67220 62310 2  0.675  0.6499  0.81  9.00072e-312
67220 65240 2  0.504  0.6305  0.763333  9.00072e-312
from 1 to 3 matchnode 67220

67220 63652 2  0.513  0.8827  0.676667  9.00072e-312
67220 149545 2  0.531  0.8051  0.676667  9.00072e-312
edge_match: 
from 2 to 3 matchnode 62310

62310 63652 2  0.5016  0.8096  0.666667  6.95149e-310
62310 149545 2  0.5358  0.7544  0.666667  6.95149e-310
from 2 to 3 matchnode 65240

65240 63652 2  0.6512  0.6864  0.62  6.95146e-310
65240 149545 2  0.6956  0.6396  0.62  6.95146e-310
edge_match: 

pattern answer20:
vertex1: 节点个数 1
71978 1 0.52
vertex2: 节点个数 2
62310 2 0.99
68257 2 0.96
vertex3: 节点个数 2
88058 3 0.51
99312 3 0.52
edge_match: 
from 1 to 2 matchnode 71978

71978 62310 2  0.5625  0.5762  0.693333  4.94066e-324
71978 68257 2  0.72  0.7052  0.683333  4.94066e-324
from 1 to 3 matchnode 71978

71978 88058 2  0.6525  0.8514  0.533333  4.94066e-324
71978 99312 2  0.63  0.688  0.536667  4.94066e-324
edge_match: 
from 2 to 3 matchnode 62310

62310 88058 2  0.5568  0.6633  0.69  6.95149e-310
62310 99312 2  0.5376  0.536  0.693333  6.95149e-310
from 2 to 3 matchnode 68257

68257 88058 2  0.8091  0.594  0.68  6.95149e-310
68257 99312 2  0.5544  0.5336  0.633333  6.95149e-310
edge_match: 

pattern answer21:
vertex1: 节点个数 1
72304 1 0.53
vertex2: 节点个数 2
225709 2 0.82
249704 2 1
vertex3: 节点个数 2
76575 3 0.86
147649 3 0.75
edge_match: 
from 1 to 2 matchnode 72304

72304 225709 2  0.6885  0.5336  0.696667  4.94066e-324
72304 249704 2  0.5185  0.5626  0.756667  4.94066e-324
from 1 to 3 matchnode 72304

72304 76575 2  0.799  0.5452  0.71  4.94066e-324
72304 147649 2  0.7055  0.551  0.673333  4.94066e-324
edge_match: 
from 2 to 3 matchnode 225709

225709 76575 2  0.6392  0.5734  0.806667  6.95149e-310
225709 147649 2  0.5644  0.5795  0.77  6.95149e-310
from 2 to 3 matchnode 249704

249704 76575 2  0.6298  0.8178  0.866667  9.00071e-312
249704 147649 2  0.5561  0.8265  0.83  9.00071e-312
edge_match: 

pattern answer22:
vertex1: 节点个数 1
73057 1 0.8
vertex2: 节点个数 2
106472 2 0.68
117626 2 0.61
vertex3: 节点个数 2
149545 3 0.59
220363 3 0.9
edge_match: 
from 1 to 2 matchnode 73057

73057 106472 2  0.6864  0.665  0.633333  4.94066e-324
73057 117626 2  0.8008  0.7695  0.61  4.94066e-324
from 1 to 3 matchnode 73057

73057 149545 2  0.8712  0.931  0.603333  4.94066e-324
73057 220363 2  0.616  0.646  0.706667  4.94066e-324
edge_match: 
from 2 to 3 matchnode 106472

106472 149545 2  0.8836  0.7544  0.563333  9.00071e-312
106472 220363 2  0.9306  0.7544  0.666667  9.00071e-312
from 2 to 3 matchnode 117626

117626 149545 2  0.8084  0.574  0.54  9.00071e-312
117626 220363 2  0.8514  0.574  0.643333  9.00071e-312
edge_match: 

pattern answer23:
vertex1: 节点个数 1
73592 1 0.56
vertex2: 节点个数 2
225709 2 0.82
249704 2 1
vertex3: 节点个数 2
76575 3 0.86
89776 3 0.78
edge_match: 
from 1 to 2 matchnode 73592

73592 225709 2  0.7209  0.5428  0.706667  9.00794e-312
73592 249704 2  0.5429  0.5723  0.766667  9.00794e-312
from 1 to 3 matchnode 73592

73592 76575 2  0.8366  0.5546  0.72  9.00794e-312
73592 89776 2  0.8544  0.5074  0.693333  9.00794e-312
edge_match: 
from 2 to 3 matchnode 225709

225709 76575 2  0.6392  0.5734  0.806667  6.95149e-310
225709 89776 2  0.6528  0.5246  0.78  6.95149e-310
from 2 to 3 matchnode 249704

249704 76575 2  0.6298  0.8178  0.866667  9.00071e-312
249704 89776 2  0.6432  0.7482  0.84  9.00071e-312
edge_match: 

pattern answer24:
vertex1: 节点个数 1
74065 1 0.51
vertex2: 节点个数 2
62676 2 0.6
65240 2 0.85
vertex3: 节点个数 2
63268 3 0.9
63652 3 0.59
edge_match: 
from 1 to 2 matchnode 74065

74065 62676 2  0.6734  0.6885  0.51  9.00794e-312
74065 65240 2  0.8827  0.68  0.593333  9.00794e-312
from 1 to 3 matchnode 74065

74065 63268 2  0.819  0.578  0.61  9.00794e-312
74065 63652 2  0.8008  0.748  0.506667  9.00794e-312
edge_match: 
from 2 to 3 matchnode 62676

62676 63268 2  0.873  0.6188  0.64  6.95149e-310
62676 63652 2  0.8536  0.8008  0.536667  6.95149e-310
from 2 to 3 matchnode 65240

65240 63268 2  0.666  0.5304  0.723333  6.95146e-310
65240 63652 2  0.6512  0.6864  0.62  6.95146e-310
edge_match: 

pattern answer25:
vertex1: 节点个数 1
74851 1 0.7
vertex2: 节点个数 2
104288 2 0.63
104958 2 0.61
vertex3: 节点个数 2
88058 3 0.51
141517 3 0.66
edge_match: 
from 1 to 2 matchnode 74851

74851 104288 2  0.7268  0.5369  0.633333  9.00794e-312
74851 104958 2  0.6435  0.8835  0.663333  9.00794e-312
from 1 to 3 matchnode 74851

74851 88058 2  0.6873  0.5841  0.593333  9.00794e-312
74851 141517 2  0.6794  0.5723  0.643333  9.00794e-312
edge_match: 
from 2 to 3 matchnode 104288

104288 88058 2  0.7656  0.5148  0.57  9.00071e-312
104288 141517 2  0.7568  0.5044  0.62  9.00071e-312
from 2 to 3 matchnode 104958

104958 88058 2  0.8526  0.7425  0.563333  9.00071e-312
104958 141517 2  0.8428  0.7275  0.613333  9.00071e-312
edge_match: 

pattern answer26:
vertex1: 节点个数 1
75679 1 0.59
vertex2: 节点个数 2
62310 2 0.99
66559 2 0.75
vertex3: 节点个数 2
88058 3 0.51
99312 3 0.52
edge_match: 
from 1 to 2 matchnode 75679

75679 62310 2  0.6225  0.5829  0.716667  4.94066e-324
75679 66559 2  0.5395  0.5307  0.636667  4.94066e-324
from 1 to 3 matchnode 75679

75679 88058 2  0.7221  0.8613  0.556667  4.94066e-324
75679 99312 2  0.6972  0.696  0.56  4.94066e-324
edge_match: 
from 2 to 3 matchnode 62310

62310 88058 2  0.5568  0.6633  0.69  6.95149e-310
62310 99312 2  0.5376  0.536  0.693333  6.95149e-310
from 2 to 3 matchnode 66559

66559 88058 2  0.6699  0.8613  0.61  9.00071e-312
66559 99312 2  0.6468  0.696  0.613333  9.00071e-312
edge_match: 

pattern answer27:
vertex1: 节点个数 1
78176 1 0.56
vertex2: 节点个数 2
62676 2 0.6
65240 2 0.85
vertex3: 节点个数 2
63268 3 0.9
63652 3 0.59
edge_match: 
from 1 to 2 matchnode 78176

78176 62676 2  0.5106  0.648  0.526667  9.00794e-312
78176 65240 2  0.6693  0.64  0.61  9.00794e-312
from 1 to 3 matchnode 78176

78176 63268 2  0.621  0.544  0.626667  9.00794e-312
78176 63652 2  0.6072  0.704  0.523333  9.00794e-312
edge_match: 
from 2 to 3 matchnode 62676

62676 63268 2  0.873  0.6188  0.64  6.95149e-310
62676 63652 2  0.8536  0.8008  0.536667  6.95149e-310
from 2 to 3 matchnode 65240

65240 63268 2  0.666  0.5304  0.723333  6.95146e-310
65240 63652 2  0.6512  0.6864  0.62  6.95146e-310
edge_match: 

pattern answer28:
vertex1: 节点个数 1
78922 1 0.77
vertex2: 节点个数 2
62676 2 0.6
65240 2 0.85
vertex3: 节点个数 2
63268 3 0.9
63652 3 0.59
edge_match: 
from 1 to 2 matchnode 78922

78922 62676 2  0.6808  0.6723  0.596667  9.00794e-312
78922 65240 2  0.8924  0.664  0.68  9.00794e-312
from 1 to 3 matchnode 78922

78922 63268 2  0.828  0.5644  0.696667  9.00794e-312
78922 63652 2  0.8096  0.7304  0.593333  9.00794e-312
edge_match: 
from 2 to 3 matchnode 62676

62676 63268 2  0.873  0.6188  0.64  6.95149e-310
62676 63652 2  0.8536  0.8008  0.536667  6.95149e-310
from 2 to 3 matchnode 65240

65240 63268 2  0.666  0.5304  0.723333  6.95146e-310
65240 63652 2  0.6512  0.6864  0.62  6.95146e-310
edge_match: 

pattern answer29:
vertex1: 节点个数 1
79669 1 0.91
vertex2: 节点个数 2
62310 2 0.99
65240 2 0.85
vertex3: 节点个数 2
63652 3 0.59
149545 3 0.59
edge_match: 
from 1 to 2 matchnode 79669

79669 62310 2  0.6975  0.5293  0.823333  9.00794e-312
79669 65240 2  0.5208  0.5135  0.776667  9.00794e-312
from 1 to 3 matchnode 79669

79669 63652 2  0.5301  0.7189  0.69  9.00794e-312
79669 149545 2  0.5487  0.6557  0.69  9.00794e-312
edge_match: 
from 2 to 3 matchnode 62310

62310 63652 2  0.5016  0.8096  0.666667  6.95149e-310
62310 149545 2  0.5358  0.7544  0.666667  6.95149e-310
from 2 to 3 matchnode 65240

65240 63652 2  0.6512  0.6864  0.62  6.95146e-310
65240 149545 2  0.6956  0.6396  0.62  6.95146e-310
edge_match: 

pattern answer30:
vertex1: 节点个数 1
80027 1 0.7
vertex2: 节点个数 2
62310 2 0.99
65240 2 0.85
vertex3: 节点个数 2
63652 3 0.59
149545 3 0.59
edge_match: 
from 1 to 2 matchnode 80027

80027 62310 2  0.735  0.6633  0.753333  9.00072e-312
80027 65240 2  0.5488  0.6435  0.706667  9.00072e-312
from 1 to 3 matchnode 80027

80027 63652 2  0.5586  0.9009  0.62  9.00072e-312
80027 149545 2  0.5782  0.8217  0.62  9.00072e-312
edge_match: 
from 2 to 3 matchnode 62310

62310 63652 2  0.5016  0.8096  0.666667  6.95149e-310
62310 149545 2  0.5358  0.7544  0.666667  6.95149e-310
from 2 to 3 matchnode 65240

65240 63652 2  0.6512  0.6864  0.62  6.95146e-310
65240 149545 2  0.6956  0.6396  0.62  6.95146e-310
edge_match: 

pattern answer31:
vertex1: 节点个数 1
81286 1 0.54
vertex2: 节点个数 2
62676 2 0.6
65240 2 0.85
vertex3: 节点个数 2
63268 3 0.9
63652 3 0.59
edge_match: 
from 1 to 2 matchnode 81286

81286 62676 2  0.5476  0.7776  0.52  4.94066e-324
81286 65240 2  0.7178  0.768  0.603333  4.94066e-324
from 1 to 3 matchnode 81286

81286 63268 2  0.666  0.6528  0.62  4.94066e-324
81286 63652 2  0.6512  0.8448  0.516667  4.94066e-324
edge_match: 
from 2 to 3 matchnode 62676

62676 63268 2  0.873  0.6188  0.64  6.95149e-310
62676 63652 2  0.8536  0.8008  0.536667  6.95149e-310
from 2 to 3 matchnode 65240

65240 63268 2  0.666  0.5304  0.723333  6.95146e-310
65240 63652 2  0.6512  0.6864  0.62  6.95146e-310
edge_match: 

pattern answer32:
vertex1: 节点个数 1
82411 1 0.81
vertex2: 节点个数 2
62310 2 0.99
89095 2 0.6
vertex3: 节点个数 2
118667 3 0.89
136792 3 0.7
edge_match: 
from 1 to 2 matchnode 82411

82411 62310 2  0.5247  0.506  0.826667  4.94066e-324
82411 89095 2  0.5544  0.5684  0.553333  4.94066e-324
from 1 to 3 matchnode 82411

82411 118667 2  0.7722  0.5335  0.793333  4.94066e-324
82411 136792 2  0.9009  0.5335  0.73  4.94066e-324
edge_match: 
from 2 to 3 matchnode 62310

62310 118667 2  0.5928  0.9215  0.853333  6.95149e-310
62310 136792 2  0.6916  0.9215  0.79  6.95149e-310
from 2 to 3 matchnode 89095

89095 118667 2  0.5148  0.8924  0.723333  6.95149e-310
89095 136792 2  0.6006  0.8924  0.66  6.95149e-310
edge_match: 

pattern answer33:
vertex1: 节点个数 1
84248 1 0.81
vertex2: 节点个数 2
62676 2 0.6
65240 2 0.85
vertex3: 节点个数 2
63268 3 0.9
63652 3 0.59
edge_match: 
from 1 to 2 matchnode 84248

84248 62676 2  0.666  0.7857  0.61  9.00794e-312
84248 65240 2  0.873  0.776  0.693333  9.00794e-312
from 1 to 3 matchnode 84248

84248 63268 2  0.81  0.6596  0.71  9.00794e-312
84248 63652 2  0.792  0.8536  0.606667  9.00794e-312
edge_match: 
from 2 to 3 matchnode 62676

62676 63268 2  0.873  0.6188  0.64  6.95149e-310
62676 63652 2  0.8536  0.8008  0.536667  6.95149e-310
from 2 to 3 matchnode 65240

65240 63268 2  0.666  0.5304  0.723333  6.95146e-310
65240 63652 2  0.6512  0.6864  0.62  6.95146e-310
edge_match: 

pattern answer34:
vertex1: 节点个数 1
85427 1 0.6
vertex2: 节点个数 2
62676 2 0.6
65240 2 0.85
vertex3: 节点个数 2
63652 3 0.59
66694 3 0.72
edge_match: 
from 1 to 2 matchnode 85427

85427 62676 2  0.6734  0.5508  0.54  4.94066e-324
85427 65240 2  0.8827  0.544  0.623333  4.94066e-324
from 1 to 3 matchnode 85427

85427 63652 2  0.8008  0.5984  0.536667  4.94066e-324
85427 66694 2  0.6279  0.6732  0.58  4.94066e-324
edge_match: 
from 2 to 3 matchnode 62676

62676 63652 2  0.8536  0.8008  0.536667  6.95149e-310
62676 66694 2  0.6693  0.9009  0.58  6.95149e-310
from 2 to 3 matchnode 65240

65240 63652 2  0.6512  0.6864  0.62  6.95146e-310
65240 66694 2  0.5106  0.7722  0.663333  6.95146e-310
edge_match: 

pattern answer35:
vertex1: 节点个数 1
85898 1 0.78
vertex2: 节点个数 2
65240 2 0.85
68443 2 0.53
vertex3: 节点个数 2
83598 3 0.69
83937 3 0.86
edge_match: 
from 1 to 2 matchnode 85898

85898 65240 2  0.5917  0.776  0.683333  4.94066e-324
85898 68443 2  0.5917  0.6596  0.576667  4.94066e-324
from 1 to 3 matchnode 85898

85898 83598 2  0.61  0.9021  0.63  4.94066e-324
85898 83937 2  0.5917  0.8148  0.686667  4.94066e-324
edge_match: 
from 2 to 3 matchnode 65240

65240 83598 2  0.74  0.7254  0.653333  6.95146e-310
65240 83937 2  0.7178  0.6552  0.71  6.95146e-310
from 2 to 3 matchnode 68443

68443 83598 2  0.53  0.7998  0.546667  9.00071e-312
68443 83937 2  0.5141  0.7224  0.603333  9.00071e-312
edge_match: 

pattern answer36:
vertex1: 节点个数 1
88895 1 0.91
vertex2: 节点个数 2
68257 2 0.96
104288 2 0.63
vertex3: 节点个数 2
88058 3 0.51
141517 3 0.66
edge_match: 
from 1 to 2 matchnode 88895

88895 68257 2  0.624  0.5084  0.813333  4.94066e-324
88895 104288 2  0.598  0.5642  0.703333  4.94066e-324
from 1 to 3 matchnode 88895

88895 88058 2  0.5655  0.6138  0.663333  4.94066e-324
88895 141517 2  0.559  0.6014  0.713333  4.94066e-324
edge_match: 
from 2 to 3 matchnode 68257

68257 88058 2  0.8091  0.594  0.68  6.95149e-310
68257 141517 2  0.7998  0.582  0.73  6.95149e-310
from 2 to 3 matchnode 104288

104288 88058 2  0.7656  0.5148  0.57  9.00071e-312
104288 141517 2  0.7568  0.5044  0.62  9.00071e-312
edge_match: 

pattern answer37:
vertex1: 节点个数 1
89981 1 0.81
vertex2: 节点个数 2
62310 2 0.99
68257 2 0.96
vertex3: 节点个数 2
88058 3 0.51
99312 3 0.52
edge_match: 
from 1 to 2 matchnode 89981

89981 62310 2  0.555  0.5092  0.79  4.94066e-324
89981 68257 2  0.7104  0.6232  0.78  4.94066e-324
from 1 to 3 matchnode 89981

89981 88058 2  0.6438  0.7524  0.63  4.94066e-324
89981 99312 2  0.6216  0.608  0.633333  4.94066e-324
edge_match: 
from 2 to 3 matchnode 62310

62310 88058 2  0.5568  0.6633  0.69  6.95149e-310
62310 99312 2  0.5376  0.536  0.693333  6.95149e-310
from 2 to 3 matchnode 68257

68257 88058 2  0.8091  0.594  0.68  6.95149e-310
68257 99312 2  0.5544  0.5336  0.633333  6.95149e-310
edge_match: 

pattern answer38:
vertex1: 节点个数 1
91045 1 0.7
vertex2: 节点个数 2
62310 2 0.99
104958 2 0.61
vertex3: 节点个数 2
94673 3 0.5
118667 3 0.89
edge_match: 
from 1 to 2 matchnode 91045

91045 62310 2  0.5035  0.92  0.79  4.94066e-324
91045 104958 2  0.9405  0.95  0.663333  4.94066e-324
from 1 to 3 matchnode 91045

91045 94673 2  0.627  0.98  0.626667  4.94066e-324
91045 118667 2  0.741  0.97  0.756667  4.94066e-324
edge_match: 
from 2 to 3 matchnode 62310

62310 94673 2  0.5016  0.931  0.723333  6.95149e-310
62310 118667 2  0.5928  0.9215  0.853333  6.95149e-310
from 2 to 3 matchnode 104958

104958 94673 2  0.528  0.5978  0.596667  9.00071e-312
104958 118667 2  0.624  0.5917  0.726667  9.00071e-312
edge_match: 

pattern answer39:
vertex1: 节点个数 1
91258 1 0.52
vertex2: 节点个数 2
104958 2 0.61
153693 2 0.96
vertex3: 节点个数 2
118667 3 0.89
125774 3 0.62
edge_match: 
from 1 to 2 matchnode 91258

91258 104958 2  0.8019  0.7315  0.603333  9.00072e-312
91258 153693 2  0.5751  0.6853  0.72  9.00072e-312
from 1 to 3 matchnode 91258

91258 118667 2  0.6318  0.7469  0.696667  9.00072e-312
91258 125774 2  0.7452  0.6776  0.606667  9.00072e-312
edge_match: 
from 2 to 3 matchnode 104958

104958 118667 2  0.624  0.5917  0.726667  9.00071e-312
104958 125774 2  0.736  0.5368  0.636667  9.00071e-312
from 2 to 3 matchnode 153693

153693 118667 2  0.5226  0.6984  0.843333  9.00071e-312
153693 125774 2  0.6164  0.6336  0.753333  9.00071e-312
edge_match: 

pattern answer40:
vertex1: 节点个数 1
91653 1 0.52
vertex2: 节点个数 2
65240 2 0.85
78936 2 0.82
vertex3: 节点个数 2
83598 3 0.69
83937 3 0.86
edge_match: 
from 1 to 2 matchnode 91653

91653 65240 2  0.582  0.512  0.596667  9.00076e-312
91653 78936 2  0.6643  0.533  0.673333  9.00076e-312
from 1 to 3 matchnode 91653

91653 83598 2  0.6  0.5952  0.543333  9.00076e-312
91653 83937 2  0.582  0.5376  0.6  9.00076e-312
edge_match: 
from 2 to 3 matchnode 65240

65240 83598 2  0.74  0.7254  0.653333  6.95146e-310
65240 83937 2  0.7178  0.6552  0.71  6.95146e-310
from 2 to 3 matchnode 78936

78936 83598 2  0.53  0.7254  0.643333  6.95149e-310
78936 83937 2  0.5141  0.6552  0.7  6.95149e-310
edge_match: 

pattern answer41:
vertex1: 节点个数 1
93595 1 0.86
vertex2: 节点个数 2
104958 2 0.61
153693 2 0.96
vertex3: 节点个数 2
118667 3 0.89
125774 3 0.62
edge_match: 
from 1 to 2 matchnode 93595

93595 104958 2  0.7227  0.7885  0.716667  9.00076e-312
93595 153693 2  0.5183  0.7387  0.833333  9.00076e-312
from 1 to 3 matchnode 93595

93595 118667 2  0.5694  0.8051  0.81  9.00076e-312
93595 125774 2  0.6716  0.7304  0.72  9.00076e-312
edge_match: 
from 2 to 3 matchnode 104958

104958 118667 2  0.624  0.5917  0.726667  9.00071e-312
104958 125774 2  0.736  0.5368  0.636667  9.00071e-312
from 2 to 3 matchnode 153693

153693 118667 2  0.5226  0.6984  0.843333  9.00071e-312
153693 125774 2  0.6164  0.6336  0.753333  9.00071e-312
edge_match: 

pattern answer42:
vertex1: 节点个数 1
95539 1 0.54
vertex2: 节点个数 2
62676 2 0.6
65240 2 0.85
vertex3: 节点个数 2
63652 3 0.59
66694 3 0.72
edge_match: 
from 1 to 2 matchnode 95539

95539 62676 2  0.629  0.5508  0.52  4.94066e-324
95539 65240 2  0.8245  0.544  0.603333  4.94066e-324
from 1 to 3 matchnode 95539

95539 63652 2  0.748  0.5984  0.516667  4.94066e-324
95539 66694 2  0.5865  0.6732  0.56  4.94066e-324
edge_match: 
from 2 to 3 matchnode 62676

62676 63652 2  0.8536  0.8008  0.536667  6.95149e-310
62676 66694 2  0.6693  0.9009  0.58  6.95149e-310
from 2 to 3 matchnode 65240

65240 63652 2  0.6512  0.6864  0.62  6.95146e-310
65240 66694 2  0.5106  0.7722  0.663333  6.95146e-310
edge_match: 

pattern answer43:
vertex1: 节点个数 1
95854 1 0.58
vertex2: 节点个数 2
62310 2 0.99
62676 2 0.6
vertex3: 节点个数 2
16842 3 0.59
63652 3 0.59
edge_match: 
from 1 to 2 matchnode 95854

95854 62310 2  0.66  0.67  0.713333  9.00076e-312
95854 62676 2  0.6734  0.5103  0.533333  9.00076e-312
from 1 to 3 matchnode 95854

95854 16842 2  0.5456  0.76  0.58  9.00076e-312
95854 63652 2  0.5016  0.91  0.58  9.00076e-312
edge_match: 
from 2 to 3 matchnode 62310

62310 16842 2  0.5529  0.5704  0.666667  6.95149e-310
62310 63652 2  0.5016  0.8096  0.666667  6.95149e-310
from 2 to 3 matchnode 62676

62676 16842 2  0.9409  0.5642  0.536667  6.95149e-310
62676 63652 2  0.8536  0.8008  0.536667  6.95149e-310
edge_match: 

pattern answer44:
vertex1: 节点个数 1
98505 1 0.93
vertex2: 节点个数 2
104958 2 0.61
153693 2 0.96
vertex3: 节点个数 2
118667 3 0.89
125774 3 0.62
edge_match: 
from 1 to 2 matchnode 98505

98505 104958 2  0.8811  0.665  0.74  4.94066e-324
98505 153693 2  0.6319  0.623  0.856667  4.94066e-324
from 1 to 3 matchnode 98505

98505 118667 2  0.6942  0.679  0.833333  4.94066e-324
98505 125774 2  0.8188  0.616  0.743333  4.94066e-324
edge_match: 
from 2 to 3 matchnode 104958

104958 118667 2  0.624  0.5917  0.726667  9.00071e-312
104958 125774 2  0.736  0.5368  0.636667  9.00071e-312
from 2 to 3 matchnode 153693

153693 118667 2  0.5226  0.6984  0.843333  9.00071e-312
153693 125774 2  0.6164  0.6336  0.753333  9.00071e-312
edge_match: 

pattern answer45:
vertex1: 节点个数 1
98658 1 0.64
vertex2: 节点个数 2
62676 2 0.6
65240 2 0.85
vertex3: 节点个数 2
63652 3 0.59
66694 3 0.72
edge_match: 
from 1 to 2 matchnode 98658

98658 62676 2  0.74  0.5751  0.553333  9.00076e-312
98658 65240 2  0.97  0.568  0.636667  9.00076e-312
from 1 to 3 matchnode 98658

98658 63652 2  0.88  0.6248  0.55  9.00076e-312
98658 66694 2  0.69  0.7029  0.593333  9.00076e-312
edge_match: 
from 2 to 3 matchnode 62676

62676 63652 2  0.8536  0.8008  0.536667  6.95149e-310
62676 66694 2  0.6693  0.9009  0.58  6.95149e-310
from 2 to 3 matchnode 65240

65240 63652 2  0.6512  0.6864  0.62  6.95146e-310
65240 66694 2  0.5106  0.7722  0.663333  6.95146e-310
edge_match: 

pattern answer46:
vertex1: 节点个数 1
99760 1 0.69
vertex2: 节点个数 2
191889 2 0.71
225709 2 0.82
vertex3: 节点个数 2
76575 3 0.86
89776 3 0.78
edge_match: 
from 1 to 2 matchnode 99760

99760 191889 2  0.627  0.5092  0.7  9.00076e-312
99760 225709 2  0.6885  0.598  0.75  9.00076e-312
from 1 to 3 matchnode 99760

99760 76575 2  0.799  0.611  0.763333  9.00076e-312
99760 89776 2  0.816  0.559  0.736667  9.00076e-312
edge_match: 
from 2 to 3 matchnode 191889

191889 76575 2  0.6204  0.6768  0.77  6.95149e-310
191889 89776 2  0.6336  0.6192  0.743333  6.95149e-310
from 2 to 3 matchnode 225709

225709 76575 2  0.6392  0.5734  0.806667  6.95149e-310
225709 89776 2  0.6528  0.5246  0.78  6.95149e-310
edge_match: 

pattern answer47:
vertex1: 节点个数 1
100557 1 0.65
vertex2: 节点个数 2
66695 2 0.96
220927 2 0.93
vertex3: 节点个数 2
76575 3 0.86
147649 3 0.75
edge_match: 
from 1 to 2 matchnode 100557

100557 66695 2  0.5041  0.6392  0.783333  4.94066e-324
100557 220927 2  0.5112  0.7144  0.773333  4.94066e-324
from 1 to 3 matchnode 100557

100557 76575 2  0.6674  0.8836  0.75  4.94066e-324
100557 147649 2  0.5893  0.893  0.713333  4.94066e-324
edge_match: 
from 2 to 3 matchnode 66695

66695 76575 2  0.6204  0.564  0.853333  6.95149e-310
66695 147649 2  0.5478  0.57  0.816667  6.95149e-310
from 2 to 3 matchnode 220927

220927 76575 2  0.6298  0.5452  0.843333  9.00071e-312
220927 147649 2  0.5561  0.551  0.806667  9.00071e-312
edge_match: 

pattern answer48:
vertex1: 节点个数 1
102011 1 0.98
vertex2: 节点个数 2
62310 2 0.99
65240 2 0.85
vertex3: 节点个数 2
63652 3 0.59
149545 3 0.59
edge_match: 
from 1 to 2 matchnode 102011

102011 62310 2  0.675  0.5561  0.846667  4.94066e-324
102011 65240 2  0.504  0.5395  0.8  4.94066e-324
from 1 to 3 matchnode 102011

102011 63652 2  0.513  0.7553  0.713333  4.94066e-324
102011 149545 2  0.531  0.6889  0.713333  4.94066e-324
edge_match: 
from 2 to 3 matchnode 62310

62310 63652 2  0.5016  0.8096  0.666667  6.95149e-310
62310 149545 2  0.5358  0.7544  0.666667  6.95149e-310
from 2 to 3 matchnode 65240

65240 63652 2  0.6512  0.6864  0.62  6.95146e-310
65240 149545 2  0.6956  0.6396  0.62  6.95146e-310
edge_match: 

pattern answer49:
vertex1: 节点个数 1
102279 1 0.76
vertex2: 节点个数 2
104958 2 0.61
153693 2 0.96
vertex3: 节点个数 2
118667 3 0.89
125774 3 0.62
edge_match: 
from 1 to 2 matchnode 102279

102279 104958 2  0.7029  0.798  0.683333  9.00072e-312
102279 153693 2  0.5041  0.7476  0.8  9.00072e-312
from 1 to 3 matchnode 102279

102279 118667 2  0.5538  0.8148  0.776667  9.00072e-312
102279 125774 2  0.6532  0.7392  0.686667  9.00072e-312
edge_match: 
from 2 to 3 matchnode 104958

104958 118667 2  0.624  0.5917  0.726667  9.00071e-312
104958 125774 2  0.736  0.5368  0.636667  9.00071e-312
from 2 to 3 matchnode 153693

153693 118667 2  0.5226  0.6984  0.843333  9.00071e-312
153693 125774 2  0.6164  0.6336  0.753333  9.00071e-312
edge_match: 

pattern answer50:
vertex1: 节点个数 1
103238 1 0.79
vertex2: 节点个数 2
65240 2 0.85
68443 2 0.53
vertex3: 节点个数 2
83598 3 0.69
83937 3 0.86
edge_match: 
from 1 to 2 matchnode 103238

103238 65240 2  0.6305  0.784  0.686667  4.94066e-324
103238 68443 2  0.6305  0.6664  0.58  4.94066e-324
from 1 to 3 matchnode 103238

103238 83598 2  0.65  0.9114  0.633333  4.94066e-324
103238 83937 2  0.6305  0.8232  0.69  4.94066e-324
edge_match: 
from 2 to 3 matchnode 65240

65240 83598 2  0.74  0.7254  0.653333  6.95146e-310
65240 83937 2  0.7178  0.6552  0.71  6.95146e-310
from 2 to 3 matchnode 68443

68443 83598 2  0.53  0.7998  0.546667  9.00071e-312
68443 83937 2  0.5141  0.7224  0.603333  9.00071e-312
edge_match: 

pattern answer51:
vertex1: 节点个数 1
103567 1 0.82
vertex2: 节点个数 2
62676 2 0.6
65240 2 0.85
vertex3: 节点个数 2
63268 3 0.9
63652 3 0.59
edge_match: 
from 1 to 2 matchnode 103567

103567 62676 2  0.6364  0.7695  0.613333  9.00072e-312
103567 65240 2  0.8342  0.76  0.696667  9.00072e-312
from 1 to 3 matchnode 103567

103567 63268 2  0.774  0.646  0.713333  9.00072e-312
103567 63652 2  0.7568  0.836  0.61  9.00072e-312
edge_match: 
from 2 to 3 matchnode 62676

62676 63268 2  0.873  0.6188  0.64  6.95149e-310
62676 63652 2  0.8536  0.8008  0.536667  6.95149e-310
from 2 to 3 matchnode 65240

65240 63268 2  0.666  0.5304  0.723333  6.95146e-310
65240 63652 2  0.6512  0.6864  0.62  6.95146e-310
edge_match: 

pattern answer52:
vertex1: 节点个数 1
107100 1 0.68
vertex2: 节点个数 2
68257 2 0.96
104288 2 0.63
vertex3: 节点个数 2
88058 3 0.51
141517 3 0.66
edge_match: 
from 1 to 2 matchnode 107100

107100 68257 2  0.576  0.7298  0.736667  4.94066e-324
107100 104288 2  0.552  0.8099  0.626667  4.94066e-324
from 1 to 3 matchnode 107100

107100 88058 2  0.522  0.8811  0.586667  4.94066e-324
107100 141517 2  0.516  0.8633  0.636667  4.94066e-324
edge_match: 
from 2 to 3 matchnode 68257

68257 88058 2  0.8091  0.594  0.68  6.95149e-310
68257 141517 2  0.7998  0.582  0.73  6.95149e-310
from 2 to 3 matchnode 104288

104288 88058 2  0.7656  0.5148  0.57  9.00071e-312
104288 141517 2  0.7568  0.5044  0.62  9.00071e-312
edge_match: 

pattern answer53:
vertex1: 节点个数 1
107462 1 0.72
vertex2: 节点个数 2
68257 2 0.96
104288 2 0.63
vertex3: 节点个数 2
88058 3 0.51
141517 3 0.66
edge_match: 
from 1 to 2 matchnode 107462

107462 68257 2  0.6816  0.5904  0.75  9.00072e-312
107462 104288 2  0.6532  0.6552  0.64  9.00072e-312
from 1 to 3 matchnode 107462

107462 88058 2  0.6177  0.7128  0.6  9.00072e-312
107462 141517 2  0.6106  0.6984  0.65  9.00072e-312
edge_match: 
from 2 to 3 matchnode 68257

68257 88058 2  0.8091  0.594  0.68  6.95149e-310
68257 141517 2  0.7998  0.582  0.73  6.95149e-310
from 2 to 3 matchnode 104288

104288 88058 2  0.7656  0.5148  0.57  9.00071e-312
104288 141517 2  0.7568  0.5044  0.62  9.00071e-312
edge_match: 

pattern answer54:
vertex1: 节点个数 1
108681 1 0.79
vertex2: 节点个数 2
65240 2 0.85
68443 2 0.53
vertex3: 节点个数 2
83598 3 0.69
83937 3 0.86
edge_match: 
from 1 to 2 matchnode 108681

108681 65240 2  0.6111  0.664  0.686667  9.00072e-312
108681 68443 2  0.6111  0.5644  0.58  9.00072e-312
from 1 to 3 matchnode 108681

108681 83598 2  0.63  0.7719  0.633333  9.00072e-312
108681 83937 2  0.6111  0.6972  0.69  9.00072e-312
edge_match: 
from 2 to 3 matchnode 65240

65240 83598 2  0.74  0.7254  0.653333  6.95146e-310
65240 83937 2  0.7178  0.6552  0.71  6.95146e-310
from 2 to 3 matchnode 68443

68443 83598 2  0.53  0.7998  0.546667  9.00071e-312
68443 83937 2  0.5141  0.7224  0.603333  9.00071e-312
edge_match: 

pattern answer55:
vertex1: 节点个数 1
109531 1 0.81
vertex2: 节点个数 2
106472 2 0.68
117626 2 0.61
vertex3: 节点个数 2
149545 3 0.59
220363 3 0.9
edge_match: 
from 1 to 2 matchnode 109531

109531 106472 2  0.624  0.588  0.636667  4.94066e-324
109531 117626 2  0.728  0.6804  0.613333  4.94066e-324
from 1 to 3 matchnode 109531

109531 149545 2  0.792  0.8232  0.606667  4.94066e-324
109531 220363 2  0.56  0.5712  0.71  4.94066e-324
edge_match: 
from 2 to 3 matchnode 106472

106472 149545 2  0.8836  0.7544  0.563333  9.00071e-312
106472 220363 2  0.9306  0.7544  0.666667  9.00071e-312
from 2 to 3 matchnode 117626

117626 149545 2  0.8084  0.574  0.54  9.00071e-312
117626 220363 2  0.8514  0.574  0.643333  9.00071e-312
edge_match: 

pattern answer56:
vertex1: 节点个数 1
110299 1 0.56
vertex2: 节点个数 2
66695 2 0.96
220927 2 0.93
vertex3: 节点个数 2
76575 3 0.86
147649 3 0.75
edge_match: 
from 1 to 2 matchnode 110299

110299 66695 2  0.5183  0.612  0.753333  9.00072e-312
110299 220927 2  0.5256  0.684  0.743333  9.00072e-312
from 1 to 3 matchnode 110299

110299 76575 2  0.6862  0.846  0.72  9.00072e-312
110299 147649 2  0.6059  0.855  0.683333  9.00072e-312
edge_match: 
from 2 to 3 matchnode 66695

66695 76575 2  0.6204  0.564  0.853333  6.95149e-310
66695 147649 2  0.5478  0.57  0.816667  6.95149e-310
from 2 to 3 matchnode 220927

220927 76575 2  0.6298  0.5452  0.843333  9.00071e-312
220927 147649 2  0.5561  0.551  0.806667  9.00071e-312
edge_match: 

pattern answer57:
vertex1: 节点个数 1
110921 1 0.76
vertex2: 节点个数 2
68257 2 0.96
104288 2 0.63
vertex3: 节点个数 2
88058 3 0.51
141517 3 0.66
edge_match: 
from 1 to 2 matchnode 110921

110921 68257 2  0.6912  0.5986  0.763333  9.00072e-312
110921 104288 2  0.6624  0.6643  0.653333  9.00072e-312
from 1 to 3 matchnode 110921

110921 88058 2  0.6264  0.7227  0.613333  9.00072e-312
110921 141517 2  0.6192  0.7081  0.663333  9.00072e-312
edge_match: 
from 2 to 3 matchnode 68257

68257 88058 2  0.8091  0.594  0.68  6.95149e-310
68257 141517 2  0.7998  0.582  0.73  6.95149e-310
from 2 to 3 matchnode 104288

104288 88058 2  0.7656  0.5148  0.57  9.00071e-312
104288 141517 2  0.7568  0.5044  0.62  9.00071e-312
edge_match: 

pattern answer58:
vertex1: 节点个数 1
111367 1 0.52
vertex2: 节点个数 2
104958 2 0.61
153693 2 0.96
vertex3: 节点个数 2
118667 3 0.89
125774 3 0.62
edge_match: 
from 1 to 2 matchnode 111367

111367 104958 2  0.9009  0.9025  0.603333  9.00072e-312
111367 153693 2  0.6461  0.8455  0.72  9.00072e-312
from 1 to 3 matchnode 111367

111367 118667 2  0.7098  0.9215  0.696667  9.00072e-312
111367 125774 2  0.8372  0.836  0.606667  9.00072e-312
edge_match: 
from 2 to 3 matchnode 104958

104958 118667 2  0.624  0.5917  0.726667  9.00071e-312
104958 125774 2  0.736  0.5368  0.636667  9.00071e-312
from 2 to 3 matchnode 153693

153693 118667 2  0.5226  0.6984  0.843333  9.00071e-312
153693 125774 2  0.6164  0.6336  0.753333  9.00071e-312
edge_match: 

pattern answer59:
vertex1: 节点个数 1
111468 1 0.68
vertex2: 节点个数 2
220927 2 0.93
225709 2 0.82
vertex3: 节点个数 2
76575 3 0.86
147649 3 0.75
edge_match: 
from 1 to 2 matchnode 111468

111468 220927 2  0.6552  0.5396  0.783333  9.00072e-312
111468 225709 2  0.7371  0.6532  0.746667  9.00072e-312
from 1 to 3 matchnode 111468

111468 76575 2  0.8554  0.6674  0.76  9.00072e-312
111468 147649 2  0.7553  0.6745  0.723333  9.00072e-312
edge_match: 
from 2 to 3 matchnode 220927

220927 76575 2  0.6298  0.5452  0.843333  9.00071e-312
220927 147649 2  0.5561  0.551  0.806667  9.00071e-312
from 2 to 3 matchnode 225709

225709 76575 2  0.6392  0.5734  0.806667  6.95149e-310
225709 147649 2  0.5644  0.5795  0.77  6.95149e-310
edge_match: 

pattern answer60:
vertex1: 节点个数 1
113119 1 0.95
vertex2: 节点个数 2
62676 2 0.6
65240 2 0.85
vertex3: 节点个数 2
63652 3 0.59
66694 3 0.72
edge_match: 
from 1 to 2 matchnode 113119

113119 62676 2  0.6586  0.5427  0.656667  9.00072e-312
113119 65240 2  0.8633  0.536  0.74  9.00072e-312
from 1 to 3 matchnode 113119

113119 63652 2  0.7832  0.5896  0.653333  9.00072e-312
113119 66694 2  0.6141  0.6633  0.696667  9.00072e-312
edge_match: 
from 2 to 3 matchnode 62676

62676 63652 2  0.8536  0.8008  0.536667  6.95149e-310
62676 66694 2  0.6693  0.9009  0.58  6.95149e-310
from 2 to 3 matchnode 65240

65240 63652 2  0.6512  0.6864  0.62  6.95146e-310
65240 66694 2  0.5106  0.7722  0.663333  6.95146e-310
edge_match: 

pattern answer61:
vertex1: 节点个数 1
115657 1 0.87
vertex2: 节点个数 2
73762 2 0.79
261715 2 0.77
vertex3: 节点个数 2
86657 3 0.7
514161 3 0.94
edge_match: 
from 1 to 2 matchnode 115657

115657 73762 2  0.72  0.5494  0.833333  9.00072e-312
115657 261715 2  0.7488  0.5236  0.676667  9.00072e-312
from 1 to 3 matchnode 115657

115657 86657 2  0.5544  0.5084  0.696667  9.00072e-312
115657 514161 2  0.6966  0.552  0.696667  9.00072e-312
edge_match: 
from 2 to 3 matchnode 73762

73762 86657 2  0.539  0.99  0.593333  6.95149e-310
73762 514161 2  0.6642  0.5865  0.67  6.95149e-310
from 2 to 3 matchnode 261715

261715 86657 2  0.657  0.7332  0.573333  6.95149e-310
261715 514161 2  0.7476  0.7938  0.746667  6.95149e-310
edge_match: 

pattern answer62:
vertex1: 节点个数 1
117117 1 0.82
vertex2: 节点个数 2
68257 2 0.96
104288 2 0.63
vertex3: 节点个数 2
88058 3 0.51
137344 3 0.5
edge_match: 
from 1 to 2 matchnode 117117

117117 68257 2  0.8448  0.5904  0.783333  4.94066e-324
117117 104288 2  0.8096  0.6552  0.673333  4.94066e-324
from 1 to 3 matchnode 117117

117117 88058 2  0.7656  0.7128  0.633333  4.94066e-324
117117 137344 2  0.5544  0.7056  0.63  4.94066e-324
edge_match: 
from 2 to 3 matchnode 68257

68257 88058 2  0.8091  0.594  0.68  6.95149e-310
68257 137344 2  0.5859  0.588  0.676667  6.95149e-310
from 2 to 3 matchnode 104288

104288 88058 2  0.7656  0.5148  0.57  9.00071e-312
104288 137344 2  0.5544  0.5096  0.566667  9.00071e-312
edge_match: 

pattern answer63:
vertex1: 节点个数 1
117241 1 0.9
vertex2: 节点个数 2
65240 2 0.85
68443 2 0.53
vertex3: 节点个数 2
83598 3 0.69
83937 3 0.86
edge_match: 
from 1 to 2 matchnode 117241

117241 65240 2  0.5529  0.656  0.723333  4.94066e-324
117241 68443 2  0.5529  0.5576  0.616667  4.94066e-324
from 1 to 3 matchnode 117241

117241 83598 2  0.57  0.7626  0.67  4.94066e-324
117241 83937 2  0.5529  0.6888  0.726667  4.94066e-324
edge_match: 
from 2 to 3 matchnode 65240

65240 83598 2  0.74  0.7254  0.653333  6.95146e-310
65240 83937 2  0.7178  0.6552  0.71  6.95146e-310
from 2 to 3 matchnode 68443

68443 83598 2  0.53  0.7998  0.546667  9.00071e-312
68443 83937 2  0.5141  0.7224  0.603333  9.00071e-312
edge_match: 

pattern answer64:
vertex1: 节点个数 1
121145 1 0.7
vertex2: 节点个数 2
62676 2 0.6
65240 2 0.85
vertex3: 节点个数 2
63268 3 0.9
63652 3 0.59
edge_match: 
from 1 to 2 matchnode 121145

121145 62676 2  0.5772  0.6804  0.573333  9.00795e-312
121145 65240 2  0.7566  0.672  0.656667  9.00795e-312
from 1 to 3 matchnode 121145

121145 63268 2  0.702  0.5712  0.673333  9.00795e-312
121145 63652 2  0.6864  0.7392  0.57  9.00795e-312
edge_match: 
from 2 to 3 matchnode 62676

62676 63268 2  0.873  0.6188  0.64  6.95149e-310
62676 63652 2  0.8536  0.8008  0.536667  6.95149e-310
from 2 to 3 matchnode 65240

65240 63268 2  0.666  0.5304  0.723333  6.95146e-310
65240 63652 2  0.6512  0.6864  0.62  6.95146e-310
edge_match: 

pattern answer65:
vertex1: 节点个数 1
122044 1 0.64
vertex2: 节点个数 2
62676 2 0.6
65240 2 0.85
vertex3: 节点个数 2
63652 3 0.59
66694 3 0.72
edge_match: 
from 1 to 2 matchnode 122044

122044 62676 2  0.629  0.5103  0.553333  9.00795e-312
122044 65240 2  0.8245  0.504  0.636667  9.00795e-312
from 1 to 3 matchnode 122044

122044 63652 2  0.748  0.5544  0.55  9.00795e-312
122044 66694 2  0.5865  0.6237  0.593333  9.00795e-312
edge_match: 
from 2 to 3 matchnode 62676

62676 63652 2  0.8536  0.8008  0.536667  6.95149e-310
62676 66694 2  0.6693  0.9009  0.58  6.95149e-310
from 2 to 3 matchnode 65240

65240 63652 2  0.6512  0.6864  0.62  6.95146e-310
65240 66694 2  0.5106  0.7722  0.663333  6.95146e-310
edge_match: 

pattern answer66:
vertex1: 节点个数 1
124882 1 0.74
vertex2: 节点个数 2
62676 2 0.6
65240 2 0.85
vertex3: 节点个数 2
63268 3 0.9
63652 3 0.59
edge_match: 
from 1 to 2 matchnode 124882

124882 62676 2  0.6956  0.7695  0.586667  4.94066e-324
124882 65240 2  0.9118  0.76  0.67  4.94066e-324
from 1 to 3 matchnode 124882

124882 63268 2  0.846  0.646  0.686667  4.94066e-324
124882 63652 2  0.8272  0.836  0.583333  4.94066e-324
edge_match: 
from 2 to 3 matchnode 62676

62676 63268 2  0.873  0.6188  0.64  6.95149e-310
62676 63652 2  0.8536  0.8008  0.536667  6.95149e-310
from 2 to 3 matchnode 65240

65240 63268 2  0.666  0.5304  0.723333  6.95146e-310
65240 63652 2  0.6512  0.6864  0.62  6.95146e-310
edge_match: 

pattern answer67:
vertex1: 节点个数 1
127021 1 0.75
vertex2: 节点个数 2
68257 2 0.96
104288 2 0.63
vertex3: 节点个数 2
88058 3 0.51
141517 3 0.66
edge_match: 
from 1 to 2 matchnode 127021

127021 68257 2  0.6912  0.5248  0.76  4.94066e-324
127021 104288 2  0.6624  0.5824  0.65  4.94066e-324
from 1 to 3 matchnode 127021

127021 88058 2  0.6264  0.6336  0.61  4.94066e-324
127021 141517 2  0.6192  0.6208  0.66  4.94066e-324
edge_match: 
from 2 to 3 matchnode 68257

68257 88058 2  0.8091  0.594  0.68  6.95149e-310
68257 141517 2  0.7998  0.582  0.73  6.95149e-310
from 2 to 3 matchnode 104288

104288 88058 2  0.7656  0.5148  0.57  9.00071e-312
104288 141517 2  0.7568  0.5044  0.62  9.00071e-312
edge_match: 

pattern answer68:
vertex1: 节点个数 1
130133 1 0.82
vertex2: 节点个数 2
62676 2 0.6
65240 2 0.85
vertex3: 节点个数 2
63268 3 0.9
63652 3 0.59
edge_match: 
from 1 to 2 matchnode 130133

130133 62676 2  0.5328  0.7047  0.613333  9.00795e-312
130133 65240 2  0.6984  0.696  0.696667  9.00795e-312
from 1 to 3 matchnode 130133

130133 63268 2  0.648  0.5916  0.713333  9.00795e-312
130133 63652 2  0.6336  0.7656  0.61  9.00795e-312
edge_match: 
from 2 to 3 matchnode 62676

62676 63268 2  0.873  0.6188  0.64  6.95149e-310
62676 63652 2  0.8536  0.8008  0.536667  6.95149e-310
from 2 to 3 matchnode 65240

65240 63268 2  0.666  0.5304  0.723333  6.95146e-310
65240 63652 2  0.6512  0.6864  0.62  6.95146e-310
edge_match: 

pattern answer69:
vertex1: 节点个数 1
130786 1 0.94
vertex2: 节点个数 2
68257 2 0.96
104288 2 0.63
vertex3: 节点个数 2
88058 3 0.51
141517 3 0.66
edge_match: 
from 1 to 2 matchnode 130786

130786 68257 2  0.6144  0.7544  0.823333  9.00795e-312
130786 104288 2  0.5888  0.8372  0.713333  9.00795e-312
from 1 to 3 matchnode 130786

130786 88058 2  0.5568  0.9108  0.673333  9.00795e-312
130786 141517 2  0.5504  0.8924  0.723333  9.00795e-312
edge_match: 
from 2 to 3 matchnode 68257

68257 88058 2  0.8091  0.594  0.68  6.95149e-310
68257 141517 2  0.7998  0.582  0.73  6.95149e-310
from 2 to 3 matchnode 104288

104288 88058 2  0.7656  0.5148  0.57  9.00071e-312
104288 141517 2  0.7568  0.5044  0.62  9.00071e-312
edge_match: 

pattern answer70:
vertex1: 节点个数 1
132733 1 0.65
vertex2: 节点个数 2
62310 2 0.99
68257 2 0.96
vertex3: 节点个数 2
70244 3 0.99
88058 3 0.51
edge_match: 
from 1 to 2 matchnode 132733

132733 62310 2  0.51  0.6499  0.736667  9.00795e-312
132733 68257 2  0.6528  0.7954  0.726667  9.00795e-312
from 1 to 3 matchnode 132733

132733 70244 2  0.81  0.7161  0.773333  9.00795e-312
132733 88058 2  0.5916  0.9603  0.576667  9.00795e-312
edge_match: 
from 2 to 3 matchnode 62310

62310 70244 2  0.684  0.7315  0.886667  6.95149e-310
62310 88058 2  0.5568  0.6633  0.69  6.95149e-310
from 2 to 3 matchnode 68257

68257 70244 2  0.873  0.5467  0.876667  6.95149e-310
68257 88058 2  0.8091  0.594  0.68  6.95149e-310
edge_match: 

pattern answer71:
vertex1: 节点个数 1
133311 1 0.75
vertex2: 节点个数 2
68257 2 0.96
104288 2 0.63
vertex3: 节点个数 2
88058 3 0.51
141517 3 0.66
edge_match: 
from 1 to 2 matchnode 133311

133311 68257 2  0.6048  0.5494  0.76  4.94066e-324
133311 104288 2  0.5796  0.6097  0.65  4.94066e-324
from 1 to 3 matchnode 133311

133311 88058 2  0.5481  0.6633  0.61  4.94066e-324
133311 141517 2  0.5418  0.6499  0.66  4.94066e-324
edge_match: 
from 2 to 3 matchnode 68257

68257 88058 2  0.8091  0.594  0.68  6.95149e-310
68257 141517 2  0.7998  0.582  0.73  6.95149e-310
from 2 to 3 matchnode 104288

104288 88058 2  0.7656  0.5148  0.57  9.00071e-312
104288 141517 2  0.7568  0.5044  0.62  9.00071e-312
edge_match: 

pattern answer72:
vertex1: 节点个数 1
134039 1 0.86
vertex2: 节点个数 2
66695 2 0.96
189089 2 0.5
vertex3: 节点个数 2
76575 3 0.86
89776 3 0.78
edge_match: 
from 1 to 2 matchnode 134039

134039 66695 2  0.6248  0.6256  0.853333  4.94066e-324
134039 189089 2  0.5544  0.6348  0.7  4.94066e-324
from 1 to 3 matchnode 134039

134039 76575 2  0.8272  0.8648  0.82  4.94066e-324
134039 89776 2  0.8448  0.7912  0.793333  4.94066e-324
edge_match: 
from 2 to 3 matchnode 66695

66695 76575 2  0.6204  0.564  0.853333  6.95149e-310
66695 89776 2  0.6336  0.516  0.826667  6.95149e-310
from 2 to 3 matchnode 189089

189089 76575 2  0.9118  0.7614  0.7  9.00071e-312
189089 89776 2  0.9312  0.6966  0.673333  9.00071e-312
edge_match: 

pattern answer73:
vertex1: 节点个数 1
134205 1 0.55
vertex2: 节点个数 2
104288 2 0.63
145788 2 0.86
vertex3: 节点个数 2
88058 3 0.51
137344 3 0.5
edge_match: 
from 1 to 2 matchnode 134205

134205 104288 2  0.8372  0.5096  0.583333  9.00795e-312
134205 145788 2  0.5096  0.5096  0.66  9.00795e-312
from 1 to 3 matchnode 134205

134205 88058 2  0.7917  0.5544  0.543333  9.00795e-312
134205 137344 2  0.5733  0.5488  0.54  9.00795e-312
edge_match: 
from 2 to 3 matchnode 104288

104288 88058 2  0.7656  0.5148  0.57  9.00071e-312
104288 137344 2  0.5544  0.5096  0.566667  9.00071e-312
from 2 to 3 matchnode 145788

145788 88058 2  0.8004  0.792  0.646667  9.00071e-312
145788 137344 2  0.5796  0.784  0.643333  9.00071e-312
edge_match: 

pattern answer74:
vertex1: 节点个数 1
134794 1 0.91
vertex2: 节点个数 2
66695 2 0.96
189089 2 0.5
vertex3: 节点个数 2
76575 3 0.86
89776 3 0.78
edge_match: 
from 1 to 2 matchnode 134794

134794 66695 2  0.6674  0.5304  0.87  4.94066e-324
134794 189089 2  0.5922  0.5382  0.716667  4.94066e-324
from 1 to 3 matchnode 134794

134794 76575 2  0.8836  0.7332  0.836667  4.94066e-324
134794 89776 2  0.9024  0.6708  0.81  4.94066e-324
edge_match: 
from 2 to 3 matchnode 66695

66695 76575 2  0.6204  0.564  0.853333  6.95149e-310
66695 89776 2  0.6336  0.516  0.826667  6.95149e-310
from 2 to 3 matchnode 189089

189089 76575 2  0.9118  0.7614  0.7  9.00071e-312
189089 89776 2  0.9312  0.6966  0.673333  9.00071e-312
edge_match: 

pattern answer75:
vertex1: 节点个数 1
136982 1 0.82
vertex2: 节点个数 2
62310 2 0.99
65240 2 0.85
vertex3: 节点个数 2
63652 3 0.59
149545 3 0.59
edge_match: 
from 1 to 2 matchnode 136982

136982 62310 2  0.7425  0.5427  0.793333  9.00795e-312
136982 65240 2  0.5544  0.5265  0.746667  9.00795e-312
from 1 to 3 matchnode 136982

136982 63652 2  0.5643  0.7371  0.66  9.00795e-312
136982 149545 2  0.5841  0.6723  0.66  9.00795e-312
edge_match: 
from 2 to 3 matchnode 62310

62310 63652 2  0.5016  0.8096  0.666667  6.95149e-310
62310 149545 2  0.5358  0.7544  0.666667  6.95149e-310
from 2 to 3 matchnode 65240

65240 63652 2  0.6512  0.6864  0.62  6.95146e-310
65240 149545 2  0.6956  0.6396  0.62  6.95146e-310
edge_match: 

pattern answer76:
vertex1: 节点个数 1
139031 1 0.72
vertex2: 节点个数 2
65240 2 0.85
68443 2 0.53
vertex3: 节点个数 2
83598 3 0.69
83937 3 0.86
edge_match: 
from 1 to 2 matchnode 139031

139031 65240 2  0.5432  0.696  0.663333  4.94066e-324
139031 68443 2  0.5432  0.5916  0.556667  4.94066e-324
from 1 to 3 matchnode 139031

139031 83598 2  0.56  0.8091  0.61  4.94066e-324
139031 83937 2  0.5432  0.7308  0.666667  4.94066e-324
edge_match: 
from 2 to 3 matchnode 65240

65240 83598 2  0.74  0.7254  0.653333  6.95146e-310
65240 83937 2  0.7178  0.6552  0.71  6.95146e-310
from 2 to 3 matchnode 68443

68443 83598 2  0.53  0.7998  0.546667  9.00071e-312
68443 83937 2  0.5141  0.7224  0.603333  9.00071e-312
edge_match: 

pattern answer77:
vertex1: 节点个数 1
141363 1 0.66
vertex2: 节点个数 2
62310 2 0.99
66559 2 0.75
vertex3: 节点个数 2
88058 3 0.51
99312 3 0.52
edge_match: 
from 1 to 2 matchnode 141363

141363 62310 2  0.6375  0.6566  0.74  9.00795e-312
141363 66559 2  0.5525  0.5978  0.66  9.00795e-312
from 1 to 3 matchnode 141363

141363 88058 2  0.7395  0.9702  0.58  9.00795e-312
141363 99312 2  0.714  0.784  0.583333  9.00795e-312
edge_match: 
from 2 to 3 matchnode 62310

62310 88058 2  0.5568  0.6633  0.69  6.95149e-310
62310 99312 2  0.5376  0.536  0.693333  6.95149e-310
from 2 to 3 matchnode 66559

66559 88058 2  0.6699  0.8613  0.61  9.00071e-312
66559 99312 2  0.6468  0.696  0.613333  9.00071e-312
edge_match: 

pattern answer78:
vertex1: 节点个数 1
141887 1 0.65
vertex2: 节点个数 2
66695 2 0.96
189089 2 0.5
vertex3: 节点个数 2
76575 3 0.86
89776 3 0.78
edge_match: 
from 1 to 2 matchnode 141887

141887 66695 2  0.6816  0.6528  0.783333  9.00795e-312
141887 189089 2  0.6048  0.6624  0.63  9.00795e-312
from 1 to 3 matchnode 141887

141887 76575 2  0.9024  0.9024  0.75  9.00795e-312
141887 89776 2  0.9216  0.8256  0.723333  9.00795e-312
edge_match: 
from 2 to 3 matchnode 66695

66695 76575 2  0.6204  0.564  0.853333  6.95149e-310
66695 89776 2  0.6336  0.516  0.826667  6.95149e-310
from 2 to 3 matchnode 189089

189089 76575 2  0.9118  0.7614  0.7  9.00071e-312
189089 89776 2  0.9312  0.6966  0.673333  9.00071e-312
edge_match: 

pattern answer79:
vertex1: 节点个数 1
142619 1 0.69
vertex2: 节点个数 2
66695 2 0.96
220927 2 0.93
vertex3: 节点个数 2
76575 3 0.86
147649 3 0.75
edge_match: 
from 1 to 2 matchnode 142619

142619 66695 2  0.5538  0.5848  0.796667  9.00795e-312
142619 220927 2  0.5616  0.6536  0.786667  9.00795e-312
from 1 to 3 matchnode 142619

142619 76575 2  0.7332  0.8084  0.763333  9.00795e-312
142619 147649 2  0.6474  0.817  0.726667  9.00795e-312
edge_match: 
from 2 to 3 matchnode 66695

66695 76575 2  0.6204  0.564  0.853333  6.95149e-310
66695 147649 2  0.5478  0.57  0.816667  6.95149e-310
from 2 to 3 matchnode 220927

220927 76575 2  0.6298  0.5452  0.843333  9.00071e-312
220927 147649 2  0.5561  0.551  0.806667  9.00071e-312
edge_match: 

pattern answer80:
vertex1: 节点个数 1
142685 1 0.87
vertex2: 节点个数 2
66695 2 0.96
189089 2 0.5
vertex3: 节点个数 2
76575 3 0.86
89776 3 0.78
edge_match: 
from 1 to 2 matchnode 142685

142685 66695 2  0.6674  0.51  0.856667  9.00795e-312
142685 189089 2  0.5922  0.5175  0.703333  9.00795e-312
from 1 to 3 matchnode 142685

142685 76575 2  0.8836  0.705  0.823333  9.00795e-312
142685 89776 2  0.9024  0.645  0.796667  9.00795e-312
edge_match: 
from 2 to 3 matchnode 66695

66695 76575 2  0.6204  0.564  0.853333  6.95149e-310
66695 89776 2  0.6336  0.516  0.826667  6.95149e-310
from 2 to 3 matchnode 189089

189089 76575 2  0.9118  0.7614  0.7  9.00071e-312
189089 89776 2  0.9312  0.6966  0.673333  9.00071e-312
edge_match: 

pattern answer81:
vertex1: 节点个数 1
144421 1 0.89
vertex2: 节点个数 2
66695 2 0.96
189089 2 0.5
vertex3: 节点个数 2
76575 3 0.86
89776 3 0.78
edge_match: 
from 1 to 2 matchnode 144421

144421 66695 2  0.7029  0.5372  0.863333  9.00795e-312
144421 189089 2  0.6237  0.5451  0.71  9.00795e-312
from 1 to 3 matchnode 144421

144421 76575 2  0.9306  0.7426  0.83  9.00795e-312
144421 89776 2  0.9504  0.6794  0.803333  9.00795e-312
edge_match: 
from 2 to 3 matchnode 66695

66695 76575 2  0.6204  0.564  0.853333  6.95149e-310
66695 89776 2  0.6336  0.516  0.826667  6.95149e-310
from 2 to 3 matchnode 189089

189089 76575 2  0.9118  0.7614  0.7  9.00071e-312
189089 89776 2  0.9312  0.6966  0.673333  9.00071e-312
edge_match: 

pattern answer82:
vertex1: 节点个数 1
144945 1 0.7
vertex2: 节点个数 2
68257 2 0.96
104288 2 0.63
vertex3: 节点个数 2
88058 3 0.51
141517 3 0.66
edge_match: 
from 1 to 2 matchnode 144945

144945 68257 2  0.5856  0.5658  0.743333  4.94066e-324
144945 104288 2  0.5612  0.6279  0.633333  4.94066e-324
from 1 to 3 matchnode 144945

144945 88058 2  0.5307  0.6831  0.593333  4.94066e-324
144945 141517 2  0.5246  0.6693  0.643333  4.94066e-324
edge_match: 
from 2 to 3 matchnode 68257

68257 88058 2  0.8091  0.594  0.68  6.95149e-310
68257 141517 2  0.7998  0.582  0.73  6.95149e-310
from 2 to 3 matchnode 104288

104288 88058 2  0.7656  0.5148  0.57  9.00071e-312
104288 141517 2  0.7568  0.5044  0.62  9.00071e-312
edge_match: 

pattern answer83:
vertex1: 节点个数 1
145734 1 0.85
vertex2: 节点个数 2
65240 2 0.85
68443 2 0.53
vertex3: 节点个数 2
83598 3 0.69
83937 3 0.86
edge_match: 
from 1 to 2 matchnode 145734

145734 65240 2  0.5141  0.624  0.706667  9.00795e-312
145734 68443 2  0.5141  0.5304  0.6  9.00795e-312
from 1 to 3 matchnode 145734

145734 83598 2  0.53  0.7254  0.653333  9.00795e-312
145734 83937 2  0.5141  0.6552  0.71  9.00795e-312
edge_match: 
from 2 to 3 matchnode 65240

65240 83598 2  0.74  0.7254  0.653333  6.95146e-310
65240 83937 2  0.7178  0.6552  0.71  6.95146e-310
from 2 to 3 matchnode 68443

68443 83598 2  0.53  0.7998  0.546667  9.00071e-312
68443 83937 2  0.5141  0.7224  0.603333  9.00071e-312
edge_match: 

pattern answer84:
vertex1: 节点个数 1
147004 1 0.74
vertex2: 节点个数 2
65240 2 0.85
68443 2 0.53
vertex3: 节点个数 2
83598 3 0.69
83937 3 0.86
edge_match: 
from 1 to 2 matchnode 147004

147004 65240 2  0.6111  0.752  0.67  4.94066e-324
147004 68443 2  0.6111  0.6392  0.563333  4.94066e-324
from 1 to 3 matchnode 147004

147004 83598 2  0.63  0.8742  0.616667  4.94066e-324
147004 83937 2  0.6111  0.7896  0.673333  4.94066e-324
edge_match: 
from 2 to 3 matchnode 65240

65240 83598 2  0.74  0.7254  0.653333  6.95146e-310
65240 83937 2  0.7178  0.6552  0.71  6.95146e-310
from 2 to 3 matchnode 68443

68443 83598 2  0.53  0.7998  0.546667  9.00071e-312
68443 83937 2  0.5141  0.7224  0.603333  9.00071e-312
edge_match: 

pattern answer85:
vertex1: 节点个数 1
147221 1 0.86
vertex2: 节点个数 2
62676 2 0.6
65240 2 0.85
vertex3: 节点个数 2
63268 3 0.9
63652 3 0.59
edge_match: 
from 1 to 2 matchnode 147221

147221 62676 2  0.6216  0.6642  0.626667  9.00795e-312
147221 65240 2  0.8148  0.656  0.71  9.00795e-312
from 1 to 3 matchnode 147221

147221 63268 2  0.756  0.5576  0.726667  9.00795e-312
147221 63652 2  0.7392  0.7216  0.623333  9.00795e-312
edge_match: 
from 2 to 3 matchnode 62676

62676 63268 2  0.873  0.6188  0.64  6.95149e-310
62676 63652 2  0.8536  0.8008  0.536667  6.95149e-310
from 2 to 3 matchnode 65240

65240 63268 2  0.666  0.5304  0.723333  6.95146e-310
65240 63652 2  0.6512  0.6864  0.62  6.95146e-310
edge_match: 

pattern answer86:
vertex1: 节点个数 1
149482 1 0.85
vertex2: 节点个数 2
68257 2 0.96
104288 2 0.63
vertex3: 节点个数 2
88058 3 0.51
137344 3 0.5
edge_match: 
from 1 to 2 matchnode 149482

149482 68257 2  0.9408  0.574  0.793333  4.94066e-324
149482 104288 2  0.9016  0.637  0.683333  4.94066e-324
from 1 to 3 matchnode 149482

149482 88058 2  0.8526  0.693  0.643333  4.94066e-324
149482 137344 2  0.6174  0.686  0.64  4.94066e-324
edge_match: 
from 2 to 3 matchnode 68257

68257 88058 2  0.8091  0.594  0.68  6.95149e-310
68257 137344 2  0.5859  0.588  0.676667  6.95149e-310
from 2 to 3 matchnode 104288

104288 88058 2  0.7656  0.5148  0.57  9.00071e-312
104288 137344 2  0.5544  0.5096  0.566667  9.00071e-312
edge_match: 

pattern answer87:
vertex1: 节点个数 1
151617 1 0.91
vertex2: 节点个数 2
66695 2 0.96
189089 2 0.5
vertex3: 节点个数 2
76575 3 0.86
89776 3 0.78
edge_match: 
from 1 to 2 matchnode 151617

151617 66695 2  0.6319  0.612  0.87  4.94066e-324
151617 189089 2  0.5607  0.621  0.716667  4.94066e-324
from 1 to 3 matchnode 151617

151617 76575 2  0.8366  0.846  0.836667  4.94066e-324
151617 89776 2  0.8544  0.774  0.81  4.94066e-324
edge_match: 
from 2 to 3 matchnode 66695

66695 76575 2  0.6204  0.564  0.853333  6.95149e-310
66695 89776 2  0.6336  0.516  0.826667  6.95149e-310
from 2 to 3 matchnode 189089

189089 76575 2  0.9118  0.7614  0.7  9.00071e-312
189089 89776 2  0.9312  0.6966  0.673333  9.00071e-312
edge_match: 

pattern answer88:
vertex1: 节点个数 1
154092 1 0.78
vertex2: 节点个数 2
62310 2 0.99
104958 2 0.61
vertex3: 节点个数 2
94673 3 0.5
118667 3 0.89
edge_match: 
from 1 to 2 matchnode 154092

154092 62310 2  0.5088  0.6716  0.816667  4.94066e-324
154092 104958 2  0.9504  0.6935  0.69  4.94066e-324
from 1 to 3 matchnode 154092

154092 94673 2  0.6336  0.7154  0.653333  4.94066e-324
154092 118667 2  0.7488  0.7081  0.783333  4.94066e-324
edge_match: 
from 2 to 3 matchnode 62310

62310 94673 2  0.5016  0.931  0.723333  6.95149e-310
62310 118667 2  0.5928  0.9215  0.853333  6.95149e-310
from 2 to 3 matchnode 104958

104958 94673 2  0.528  0.5978  0.596667  9.00071e-312
104958 118667 2  0.624  0.5917  0.726667  9.00071e-312
edge_match: 

pattern answer89:
vertex1: 节点个数 1
154639 1 0.95
vertex2: 节点个数 2
62310 2 0.99
104958 2 0.61
vertex3: 节点个数 2
94673 3 0.5
118667 3 0.89
edge_match: 
from 1 to 2 matchnode 154639

154639 62310 2  0.5088  0.5704  0.873333  9.00795e-312
154639 104958 2  0.9504  0.589  0.746667  9.00795e-312
from 1 to 3 matchnode 154639

154639 94673 2  0.6336  0.6076  0.71  9.00795e-312
154639 118667 2  0.7488  0.6014  0.84  9.00795e-312
edge_match: 
from 2 to 3 matchnode 62310

62310 94673 2  0.5016  0.931  0.723333  6.95149e-310
62310 118667 2  0.5928  0.9215  0.853333  6.95149e-310
from 2 to 3 matchnode 104958

104958 94673 2  0.528  0.5978  0.596667  9.00071e-312
104958 118667 2  0.624  0.5917  0.726667  9.00071e-312
edge_match: 

pattern answer90:
vertex1: 节点个数 1
156378 1 0.88
vertex2: 节点个数 2
104958 2 0.61
153693 2 0.96
vertex3: 节点个数 2
118667 3 0.89
125774 3 0.62
edge_match: 
from 1 to 2 matchnode 156378

156378 104958 2  0.7821  0.817  0.723333  4.94066e-324
156378 153693 2  0.5609  0.7654  0.84  4.94066e-324
from 1 to 3 matchnode 156378

156378 118667 2  0.6162  0.8342  0.816667  4.94066e-324
156378 125774 2  0.7268  0.7568  0.726667  4.94066e-324
edge_match: 
from 2 to 3 matchnode 104958

104958 118667 2  0.624  0.5917  0.726667  9.00071e-312
104958 125774 2  0.736  0.5368  0.636667  9.00071e-312
from 2 to 3 matchnode 153693

153693 118667 2  0.5226  0.6984  0.843333  9.00071e-312
153693 125774 2  0.6164  0.6336  0.753333  9.00071e-312
edge_match: 

pattern answer91:
vertex1: 节点个数 1
161817 1 0.72
vertex2: 节点个数 2
66695 2 0.96
189089 2 0.5
vertex3: 节点个数 2
76575 3 0.86
89776 3 0.78
edge_match: 
from 1 to 2 matchnode 161817

161817 66695 2  0.5822  0.5848  0.806667  9.00795e-312
161817 189089 2  0.5166  0.5934  0.653333  9.00795e-312
from 1 to 3 matchnode 161817

161817 76575 2  0.7708  0.8084  0.773333  9.00795e-312
161817 89776 2  0.7872  0.7396  0.746667  9.00795e-312
edge_match: 
from 2 to 3 matchnode 66695

66695 76575 2  0.6204  0.564  0.853333  6.95149e-310
66695 89776 2  0.6336  0.516  0.826667  6.95149e-310
from 2 to 3 matchnode 189089

189089 76575 2  0.9118  0.7614  0.7  9.00071e-312
189089 89776 2  0.9312  0.6966  0.673333  9.00071e-312
edge_match: 

pattern answer92:
vertex1: 节点个数 1
161861 1 0.99
vertex2: 节点个数 2
104958 2 0.61
153693 2 0.96
vertex3: 节点个数 2
118667 3 0.89
125774 3 0.62
edge_match: 
from 1 to 2 matchnode 161861

161861 104958 2  0.8118  0.7125  0.76  9.00072e-312
161861 153693 2  0.5822  0.6675  0.876667  9.00072e-312
from 1 to 3 matchnode 161861

161861 118667 2  0.6396  0.7275  0.853333  9.00072e-312
161861 125774 2  0.7544  0.66  0.763333  9.00072e-312
edge_match: 
from 2 to 3 matchnode 104958

104958 118667 2  0.624  0.5917  0.726667  9.00071e-312
104958 125774 2  0.736  0.5368  0.636667  9.00071e-312
from 2 to 3 matchnode 153693

153693 118667 2  0.5226  0.6984  0.843333  9.00071e-312
153693 125774 2  0.6164  0.6336  0.753333  9.00071e-312
edge_match: 

pattern answer93:
vertex1: 节点个数 1
165867 1 0.52
vertex2: 节点个数 2
220927 2 0.93
225709 2 0.82
vertex3: 节点个数 2
76575 3 0.86
147649 3 0.75
edge_match: 
from 1 to 2 matchnode 165867

165867 220927 2  0.6264  0.5472  0.73  9.00795e-312
165867 225709 2  0.7047  0.6624  0.693333  9.00795e-312
from 1 to 3 matchnode 165867

165867 76575 2  0.8178  0.6768  0.706667  9.00795e-312
165867 147649 2  0.7221  0.684  0.67  9.00795e-312
edge_match: 
from 2 to 3 matchnode 220927

220927 76575 2  0.6298  0.5452  0.843333  9.00071e-312
220927 147649 2  0.5561  0.551  0.806667  9.00071e-312
from 2 to 3 matchnode 225709

225709 76575 2  0.6392  0.5734  0.806667  6.95149e-310
225709 147649 2  0.5644  0.5795  0.77  6.95149e-310
edge_match: 

pattern answer94:
vertex1: 节点个数 1
169594 1 0.85
vertex2: 节点个数 2
68257 2 0.96
104288 2 0.63
vertex3: 节点个数 2
88058 3 0.51
141517 3 0.66
edge_match: 
from 1 to 2 matchnode 169594

169594 68257 2  0.5856  0.6232  0.793333  4.94066e-324
169594 104288 2  0.5612  0.6916  0.683333  4.94066e-324
from 1 to 3 matchnode 169594

169594 88058 2  0.5307  0.7524  0.643333  4.94066e-324
169594 141517 2  0.5246  0.7372  0.693333  4.94066e-324
edge_match: 
from 2 to 3 matchnode 68257

68257 88058 2  0.8091  0.594  0.68  6.95149e-310
68257 141517 2  0.7998  0.582  0.73  6.95149e-310
from 2 to 3 matchnode 104288

104288 88058 2  0.7656  0.5148  0.57  9.00071e-312
104288 141517 2  0.7568  0.5044  0.62  9.00071e-312
edge_match: 

pattern answer95:
vertex1: 节点个数 1
170535 1 0.61
vertex2: 节点个数 2
180712 2 0.73
414633 2 0.85
vertex3: 节点个数 2
378803 3 0.9
482573 3 0.96
edge_match: 
from 1 to 2 matchnode 170535

170535 180712 2  0.639  0.6882  0.643333  9.00795e-312
170535 414633 2  0.5964  0.782  0.813333  9.00795e-312
from 1 to 3 matchnode 170535

170535 378803 2  0.6225  0.8736  0.78  9.00795e-312
170535 482573 1  0.89  0.81  0.785  9.00795e-312
edge_match: 
from 2 to 3 matchnode 180712

180712 378803 2  0.5644  0.6972  0.776667  6.95149e-310
180712 482573 2  0.588  0.6272  0.566667  6.95149e-310
from 2 to 3 matchnode 414633

414633 378803 2  0.675  0.5632  0.916667  9.00071e-312
414633 482573 2  0.658  0.66  0.83  9.00071e-312
edge_match: 

pattern answer96:
vertex1: 节点个数 1
172239 1 0.59
vertex2: 节点个数 2
220927 2 0.93
225709 2 0.82
vertex3: 节点个数 2
76575 3 0.86
147649 3 0.75
edge_match: 
from 1 to 2 matchnode 172239

172239 220927 2  0.504  0.7524  0.753333  9.00795e-312
172239 225709 2  0.567  0.9108  0.716667  9.00795e-312
from 1 to 3 matchnode 172239

172239 76575 2  0.658  0.9306  0.73  9.00795e-312
172239 147649 2  0.581  0.9405  0.693333  9.00795e-312
edge_match: 
from 2 to 3 matchnode 220927

220927 76575 2  0.6298  0.5452  0.843333  9.00071e-312
220927 147649 2  0.5561  0.551  0.806667  9.00071e-312
from 2 to 3 matchnode 225709

225709 76575 2  0.6392  0.5734  0.806667  6.95149e-310
225709 147649 2  0.5644  0.5795  0.77  6.95149e-310
edge_match: 

pattern answer97:
vertex1: 节点个数 1
177413 1 0.85
vertex2: 节点个数 2
66695 2 0.96
189089 2 0.5
vertex3: 节点个数 2
76575 3 0.86
89776 3 0.78
edge_match: 
from 1 to 2 matchnode 177413

177413 66695 2  0.6106  0.6324  0.85  9.00795e-312
177413 189089 2  0.5418  0.6417  0.696667  9.00795e-312
from 1 to 3 matchnode 177413

177413 76575 2  0.8084  0.8742  0.816667  9.00795e-312
177413 89776 2  0.8256  0.7998  0.79  9.00795e-312
edge_match: 
from 2 to 3 matchnode 66695

66695 76575 2  0.6204  0.564  0.853333  6.95149e-310
66695 89776 2  0.6336  0.516  0.826667  6.95149e-310
from 2 to 3 matchnode 189089

189089 76575 2  0.9118  0.7614  0.7  9.00071e-312
189089 89776 2  0.9312  0.6966  0.673333  9.00071e-312
edge_match: 

pattern answer98:
vertex1: 节点个数 1
178141 1 0.75
vertex2: 节点个数 2
220927 2 0.93
225709 2 0.82
vertex3: 节点个数 2
76575 3 0.86
147649 3 0.75
edge_match: 
from 1 to 2 matchnode 178141

178141 220927 2  0.5688  0.5244  0.806667  9.00795e-312
178141 225709 2  0.6399  0.6348  0.77  9.00795e-312
from 1 to 3 matchnode 178141

178141 76575 2  0.7426  0.6486  0.783333  9.00795e-312
178141 147649 2  0.6557  0.6555  0.746667  9.00795e-312
edge_match: 
from 2 to 3 matchnode 220927

220927 76575 2  0.6298  0.5452  0.843333  9.00071e-312
220927 147649 2  0.5561  0.551  0.806667  9.00071e-312
from 2 to 3 matchnode 225709

225709 76575 2  0.6392  0.5734  0.806667  6.95149e-310
225709 147649 2  0.5644  0.5795  0.77  6.95149e-310
edge_match: 

pattern answer99:
vertex1: 节点个数 1
180959 1 0.93
vertex2: 节点个数 2
220927 2 0.93
225709 2 0.82
vertex3: 节点个数 2
76575 3 0.86
147649 3 0.75
edge_match: 
from 1 to 2 matchnode 180959

180959 220927 2  0.504  0.5548  0.866667  4.94066e-324
180959 225709 2  0.567  0.6716  0.83  4.94066e-324
from 1 to 3 matchnode 180959

180959 76575 2  0.658  0.6862  0.843333  4.94066e-324
180959 147649 2  0.581  0.6935  0.806667  4.94066e-324
edge_match: 
from 2 to 3 matchnode 220927

220927 76575 2  0.6298  0.5452  0.843333  9.00071e-312
220927 147649 2  0.5561  0.551  0.806667  9.00071e-312
from 2 to 3 matchnode 225709

225709 76575 2  0.6392  0.5734  0.806667  6.95149e-310
225709 147649 2  0.5644  0.5795  0.77  6.95149e-310
edge_match: 

pattern answer100:
vertex1: 节点个数 1
181292 1 0.8
vertex2: 节点个数 2
68257 2 0.96
104288 2 0.63
vertex3: 节点个数 2
88058 3 0.51
137344 3 0.5
edge_match: 
from 1 to 2 matchnode 181292

181292 68257 2  0.8064  0.5494  0.776667  9.00795e-312
181292 104288 2  0.7728  0.6097  0.666667  9.00795e-312
from 1 to 3 matchnode 181292

181292 88058 2  0.7308  0.6633  0.626667  9.00795e-312
181292 137344 2  0.5292  0.6566  0.623333  9.00795e-312
edge_match: 
from 2 to 3 matchnode 68257

68257 88058 2  0.8091  0.594  0.68  6.95149e-310
68257 137344 2  0.5859  0.588  0.676667  6.95149e-310
from 2 to 3 matchnode 104288

104288 88058 2  0.7656  0.5148  0.57  9.00071e-312
104288 137344 2  0.5544  0.5096  0.566667  9.00071e-312
edge_match: 

pattern answer101:
vertex1: 节点个数 1
182252 1 0.7
vertex2: 节点个数 2
220927 2 0.93
225709 2 0.82
vertex3: 节点个数 2
76575 3 0.86
147649 3 0.75
edge_match: 
from 1 to 2 matchnode 182252

182252 220927 2  0.504  0.5016  0.79  9.00795e-312
182252 225709 2  0.567  0.6072  0.753333  9.00795e-312
from 1 to 3 matchnode 182252

182252 76575 2  0.658  0.6204  0.766667  9.00795e-312
182252 147649 2  0.581  0.627  0.73  9.00795e-312
edge_match: 
from 2 to 3 matchnode 220927

220927 76575 2  0.6298  0.5452  0.843333  9.00071e-312
220927 147649 2  0.5561  0.551  0.806667  9.00071e-312
from 2 to 3 matchnode 225709

225709 76575 2  0.6392  0.5734  0.806667  6.95149e-310
225709 147649 2  0.5644  0.5795  0.77  6.95149e-310
edge_match: 

pattern answer102:
vertex1: 节点个数 1
184544 1 0.9
vertex2: 节点个数 2
62310 2 0.99
68257 2 0.96
vertex3: 节点个数 2
88058 3 0.51
99312 3 0.52
edge_match: 
from 1 to 2 matchnode 184544

184544 62310 2  0.6  0.5293  0.82  9.00795e-312
184544 68257 2  0.768  0.6478  0.81  9.00795e-312
from 1 to 3 matchnode 184544

184544 88058 2  0.696  0.7821  0.66  9.00795e-312
184544 99312 2  0.672  0.632  0.663333  9.00795e-312
edge_match: 
from 2 to 3 matchnode 62310

62310 88058 2  0.5568  0.6633  0.69  6.95149e-310
62310 99312 2  0.5376  0.536  0.693333  6.95149e-310
from 2 to 3 matchnode 68257

68257 88058 2  0.8091  0.594  0.68  6.95149e-310
68257 99312 2  0.5544  0.5336  0.633333  6.95149e-310
edge_match: 

pattern answer103:
vertex1: 节点个数 1
188031 1 0.67
vertex2: 节点个数 2
220927 2 0.93
225709 2 0.82
vertex3: 节点个数 2
76575 3 0.86
147649 3 0.75
edge_match: 
from 1 to 2 matchnode 188031

188031 220927 2  0.684  0.5472  0.78  9.00795e-312
188031 225709 2  0.7695  0.6624  0.743333  9.00795e-312
from 1 to 3 matchnode 188031

188031 76575 2  0.893  0.6768  0.756667  9.00795e-312
188031 147649 2  0.7885  0.684  0.72  9.00795e-312
edge_match: 
from 2 to 3 matchnode 220927

220927 76575 2  0.6298  0.5452  0.843333  9.00071e-312
220927 147649 2  0.5561  0.551  0.806667  9.00071e-312
from 2 to 3 matchnode 225709

225709 76575 2  0.6392  0.5734  0.806667  6.95149e-310
225709 147649 2  0.5644  0.5795  0.77  6.95149e-310
edge_match: 

pattern answer104:
vertex1: 节点个数 1
192189 1 0.6
vertex2: 节点个数 2
66695 2 0.96
189089 2 0.5
vertex3: 节点个数 2
76575 3 0.86
89776 3 0.78
edge_match: 
from 1 to 2 matchnode 192189

192189 66695 2  0.5893  0.544  0.766667  9.00795e-312
192189 189089 2  0.5229  0.552  0.613333  9.00795e-312
from 1 to 3 matchnode 192189

192189 76575 2  0.7802  0.752  0.733333  9.00795e-312
192189 89776 2  0.7968  0.688  0.706667  9.00795e-312
edge_match: 
from 2 to 3 matchnode 66695

66695 76575 2  0.6204  0.564  0.853333  6.95149e-310
66695 89776 2  0.6336  0.516  0.826667  6.95149e-310
from 2 to 3 matchnode 189089

189089 76575 2  0.9118  0.7614  0.7  9.00071e-312
189089 89776 2  0.9312  0.6966  0.673333  9.00071e-312
edge_match: 

pattern answer105:
vertex1: 节点个数 1
192509 1 0.64
vertex2: 节点个数 2
66695 2 0.96
220927 2 0.93
vertex3: 节点个数 2
76575 3 0.86
147649 3 0.75
edge_match: 
from 1 to 2 matchnode 192509

192509 66695 2  0.5183  0.6256  0.78  9.00072e-312
192509 220927 2  0.5256  0.6992  0.77  9.00072e-312
from 1 to 3 matchnode 192509

192509 76575 2  0.6862  0.8648  0.746667  9.00072e-312
192509 147649 2  0.6059  0.874  0.71  9.00072e-312
edge_match: 
from 2 to 3 matchnode 66695

66695 76575 2  0.6204  0.564  0.853333  6.95149e-310
66695 147649 2  0.5478  0.57  0.816667  6.95149e-310
from 2 to 3 matchnode 220927

220927 76575 2  0.6298  0.5452  0.843333  9.00071e-312
220927 147649 2  0.5561  0.551  0.806667  9.00071e-312
edge_match: 

pattern answer106:
vertex1: 节点个数 1
197735 1 0.78
vertex2: 节点个数 2
62310 2 0.99
66559 2 0.75
vertex3: 节点个数 2
88058 3 0.51
99312 3 0.52
edge_match: 
from 1 to 2 matchnode 197735

197735 62310 2  0.615  0.5494  0.78  9.00076e-312
197735 66559 2  0.533  0.5002  0.7  9.00076e-312
from 1 to 3 matchnode 197735

197735 88058 2  0.7134  0.8118  0.62  9.00076e-312
197735 99312 2  0.6888  0.656  0.623333  9.00076e-312
edge_match: 
from 2 to 3 matchnode 62310

62310 88058 2  0.5568  0.6633  0.69  6.95149e-310
62310 99312 2  0.5376  0.536  0.693333  6.95149e-310
from 2 to 3 matchnode 66559

66559 88058 2  0.6699  0.8613  0.61  9.00071e-312
66559 99312 2  0.6468  0.696  0.613333  9.00071e-312
edge_match: 

pattern answer107:
vertex1: 节点个数 1
207913 1 0.65
vertex2: 节点个数 2
62310 2 0.99
66559 2 0.75
vertex3: 节点个数 2
88058 3 0.51
99312 3 0.52
edge_match: 
from 1 to 2 matchnode 207913

207913 62310 2  0.6525  0.6231  0.736667  9.00796e-312
207913 66559 2  0.5655  0.5673  0.656667  9.00796e-312
from 1 to 3 matchnode 207913

207913 88058 2  0.7569  0.9207  0.576667  9.00796e-312
207913 99312 2  0.7308  0.744  0.58  9.00796e-312
edge_match: 
from 2 to 3 matchnode 62310

62310 88058 2  0.5568  0.6633  0.69  6.95149e-310
62310 99312 2  0.5376  0.536  0.693333  6.95149e-310
from 2 to 3 matchnode 66559

66559 88058 2  0.6699  0.8613  0.61  9.00071e-312
66559 99312 2  0.6468  0.696  0.613333  9.00071e-312
edge_match: 

pattern answer108:
vertex1: 节点个数 1
211242 1 0.83
vertex2: 节点个数 2
66695 2 0.96
220927 2 0.93
vertex3: 节点个数 2
76575 3 0.86
147649 3 0.75
edge_match: 
from 1 to 2 matchnode 211242

211242 66695 2  0.5467  0.5304  0.843333  9.00796e-312
211242 220927 2  0.5544  0.5928  0.833333  9.00796e-312
from 1 to 3 matchnode 211242

211242 76575 2  0.7238  0.7332  0.81  9.00796e-312
211242 147649 2  0.6391  0.741  0.773333  9.00796e-312
edge_match: 
from 2 to 3 matchnode 66695

66695 76575 2  0.6204  0.564  0.853333  6.95149e-310
66695 147649 2  0.5478  0.57  0.816667  6.95149e-310
from 2 to 3 matchnode 220927

220927 76575 2  0.6298  0.5452  0.843333  9.00071e-312
220927 147649 2  0.5561  0.551  0.806667  9.00071e-312
edge_match: 

pattern answer109:
vertex1: 节点个数 1
214209 1 0.95
vertex2: 节点个数 2
66695 2 0.96
189089 2 0.5
vertex3: 节点个数 2
76575 3 0.86
89776 3 0.78
edge_match: 
from 1 to 2 matchnode 214209

214209 66695 2  0.5751  0.6596  0.883333  9.00796e-312
214209 189089 2  0.5103  0.6693  0.73  9.00796e-312
from 1 to 3 matchnode 214209

214209 76575 2  0.7614  0.9118  0.85  9.00796e-312
214209 89776 2  0.7776  0.8342  0.823333  9.00796e-312
edge_match: 
from 2 to 3 matchnode 66695

66695 76575 2  0.6204  0.564  0.853333  6.95149e-310
66695 89776 2  0.6336  0.516  0.826667  6.95149e-310
from 2 to 3 matchnode 189089

189089 76575 2  0.9118  0.7614  0.7  9.00071e-312
189089 89776 2  0.9312  0.6966  0.673333  9.00071e-312
edge_match: 

pattern answer110:
vertex1: 节点个数 1
217398 1 0.79
vertex2: 节点个数 2
225709 2 0.82
227689 2 0.67
vertex3: 节点个数 2
76575 3 0.86
89776 3 0.78
edge_match: 
from 1 to 2 matchnode 217398

217398 225709 2  0.7533  0.5888  0.783333  9.00796e-312
217398 227689 2  0.5394  0.512  0.733333  9.00796e-312
from 1 to 3 matchnode 217398

217398 76575 2  0.8742  0.6016  0.796667  9.00796e-312
217398 89776 2  0.8928  0.5504  0.77  9.00796e-312
edge_match: 
from 2 to 3 matchnode 225709

225709 76575 2  0.6392  0.5734  0.806667  6.95149e-310
225709 89776 2  0.6528  0.5246  0.78  6.95149e-310
from 2 to 3 matchnode 227689

227689 76575 2  0.8178  0.5828  0.756667  9.00071e-312
227689 89776 2  0.8352  0.5332  0.73  9.00071e-312
edge_match: 

pattern answer111:
vertex1: 节点个数 1
220037 1 0.63
vertex2: 节点个数 2
220704 2 0.81
848107 2 0.75
vertex3: 节点个数 2
633469 3 0.91
719557 3 0.66
edge_match: 
from 1 to 2 matchnode 220037

220037 220704 1  0.73  0.7  0.72  9.00796e-312
220037 848107 2  0.5625  0.5546  0.576667  9.00796e-312
from 1 to 3 matchnode 220037

220037 633469 2  0.5767  0.602  0.783333  9.00796e-312
220037 719557 2  0.705  0.5358  0.546667  9.00796e-312
edge_match: 
from 2 to 3 matchnode 220704

220704 633469 1  0.79  0.86  0.86  6.95149e-310
220704 719557 2  0.7007  0.738  0.523333  6.95149e-310
from 2 to 3 matchnode 848107

848107 633469 2  0.6952  0.5246  0.823333  9.00071e-312
848107 719557 2  0.5278  0.5589  0.783333  9.00071e-312
edge_match: 

pattern answer112:
vertex1: 节点个数 1
222064 1 0.51
vertex2: 节点个数 2
220927 2 0.93
225709 2 0.82
vertex3: 节点个数 2
76575 3 0.86
147649 3 0.75
edge_match: 
from 1 to 2 matchnode 222064

222064 220927 2  0.504  0.5852  0.726667  9.00796e-312
222064 225709 2  0.567  0.7084  0.69  9.00796e-312
from 1 to 3 matchnode 222064

222064 76575 2  0.658  0.7238  0.703333  9.00796e-312
222064 147649 2  0.581  0.7315  0.666667  9.00796e-312
edge_match: 
from 2 to 3 matchnode 220927

220927 76575 2  0.6298  0.5452  0.843333  9.00071e-312
220927 147649 2  0.5561  0.551  0.806667  9.00071e-312
from 2 to 3 matchnode 225709

225709 76575 2  0.6392  0.5734  0.806667  6.95149e-310
225709 147649 2  0.5644  0.5795  0.77  6.95149e-310
edge_match: 

pattern answer113:
vertex1: 节点个数 1
223352 1 0.66
vertex2: 节点个数 2
225709 2 0.82
227689 2 0.67
vertex3: 节点个数 2
76575 3 0.86
89776 3 0.78
edge_match: 
from 1 to 2 matchnode 223352

223352 225709 2  0.7695  0.5888  0.74  9.00796e-312
223352 227689 2  0.551  0.512  0.69  9.00796e-312
from 1 to 3 matchnode 223352

223352 76575 2  0.893  0.6016  0.753333  9.00796e-312
223352 89776 2  0.912  0.5504  0.726667  9.00796e-312
edge_match: 
from 2 to 3 matchnode 225709

225709 76575 2  0.6392  0.5734  0.806667  6.95149e-310
225709 89776 2  0.6528  0.5246  0.78  6.95149e-310
from 2 to 3 matchnode 227689

227689 76575 2  0.8178  0.5828  0.756667  9.00071e-312
227689 89776 2  0.8352  0.5332  0.73  9.00071e-312
edge_match: 

pattern answer114:
vertex1: 节点个数 1
226385 1 0.97
vertex2: 节点个数 2
66695 2 0.96
220927 2 0.93
vertex3: 节点个数 2
76575 3 0.86
147649 3 0.75
edge_match: 
from 1 to 2 matchnode 226385

226385 66695 2  0.5325  0.5508  0.89  9.00796e-312
226385 220927 2  0.54  0.6156  0.88  9.00796e-312
from 1 to 3 matchnode 226385

226385 76575 2  0.705  0.7614  0.856667  9.00796e-312
226385 147649 2  0.6225  0.7695  0.82  9.00796e-312
edge_match: 
from 2 to 3 matchnode 66695

66695 76575 2  0.6204  0.564  0.853333  6.95149e-310
66695 147649 2  0.5478  0.57  0.816667  6.95149e-310
from 2 to 3 matchnode 220927

220927 76575 2  0.6298  0.5452  0.843333  9.00071e-312
220927 147649 2  0.5561  0.551  0.806667  9.00071e-312
edge_match: 

pattern answer115:
vertex1: 节点个数 1
229990 1 0.58
vertex2: 节点个数 2
66695 2 0.96
220927 2 0.93
vertex3: 节点个数 2
76575 3 0.86
147649 3 0.75
edge_match: 
from 1 to 2 matchnode 229990

229990 66695 2  0.5467  0.5848  0.76  9.00796e-312
229990 220927 2  0.5544  0.6536  0.75  9.00796e-312
from 1 to 3 matchnode 229990

229990 76575 2  0.7238  0.8084  0.726667  9.00796e-312
229990 147649 2  0.6391  0.817  0.69  9.00796e-312
edge_match: 
from 2 to 3 matchnode 66695

66695 76575 2  0.6204  0.564  0.853333  6.95149e-310
66695 147649 2  0.5478  0.57  0.816667  6.95149e-310
from 2 to 3 matchnode 220927

220927 76575 2  0.6298  0.5452  0.843333  9.00071e-312
220927 147649 2  0.5561  0.551  0.806667  9.00071e-312
edge_match: 

pattern answer116:
vertex1: 节点个数 1
232154 1 0.64
vertex2: 节点个数 2
66695 2 0.96
189089 2 0.5
vertex3: 节点个数 2
76575 3 0.86
89776 3 0.78
edge_match: 
from 1 to 2 matchnode 232154

232154 66695 2  0.5893  0.646  0.78  9.00796e-312
232154 189089 2  0.5229  0.6555  0.626667  9.00796e-312
from 1 to 3 matchnode 232154

232154 76575 2  0.7802  0.893  0.746667  9.00796e-312
232154 89776 2  0.7968  0.817  0.72  9.00796e-312
edge_match: 
from 2 to 3 matchnode 66695

66695 76575 2  0.6204  0.564  0.853333  6.95149e-310
66695 89776 2  0.6336  0.516  0.826667  6.95149e-310
from 2 to 3 matchnode 189089

189089 76575 2  0.9118  0.7614  0.7  9.00071e-312
189089 89776 2  0.9312  0.6966  0.673333  9.00071e-312
edge_match: 

pattern answer117:
vertex1: 节点个数 1
242349 1 0.79
vertex2: 节点个数 2
66695 2 0.96
189089 2 0.5
vertex3: 节点个数 2
76575 3 0.86
89776 3 0.78
edge_match: 
from 1 to 2 matchnode 242349

242349 66695 2  0.6248  0.578  0.83  9.00796e-312
242349 189089 2  0.5544  0.5865  0.676667  9.00796e-312
from 1 to 3 matchnode 242349

242349 76575 2  0.8272  0.799  0.796667  9.00796e-312
242349 89776 2  0.8448  0.731  0.77  9.00796e-312
edge_match: 
from 2 to 3 matchnode 66695

66695 76575 2  0.6204  0.564  0.853333  6.95149e-310
66695 89776 2  0.6336  0.516  0.826667  6.95149e-310
from 2 to 3 matchnode 189089

189089 76575 2  0.9118  0.7614  0.7  9.00071e-312
189089 89776 2  0.9312  0.6966  0.673333  9.00071e-312
edge_match: 

pattern answer118:
vertex1: 节点个数 1
242513 1 0.8
vertex2: 节点个数 2
225709 2 0.82
249704 2 1
vertex3: 节点个数 2
76575 3 0.86
147649 3 0.75
edge_match: 
from 1 to 2 matchnode 242513

242513 225709 2  0.6804  0.5152  0.786667  4.94066e-324
242513 249704 2  0.5124  0.5432  0.846667  4.94066e-324
from 1 to 3 matchnode 242513

242513 76575 2  0.7896  0.5264  0.8  4.94066e-324
242513 147649 2  0.6972  0.532  0.763333  4.94066e-324
edge_match: 
from 2 to 3 matchnode 225709

225709 76575 2  0.6392  0.5734  0.806667  6.95149e-310
225709 147649 2  0.5644  0.5795  0.77  6.95149e-310
from 2 to 3 matchnode 249704

249704 76575 2  0.6298  0.8178  0.866667  9.00071e-312
249704 147649 2  0.5561  0.8265  0.83  9.00071e-312
edge_match: 

pattern answer119:
vertex1: 节点个数 1
250744 1 0.97
vertex2: 节点个数 2
66695 2 0.96
189089 2 0.5
vertex3: 节点个数 2
76575 3 0.86
89776 3 0.78
edge_match: 
from 1 to 2 matchnode 250744

250744 66695 2  0.5893  0.6528  0.89  9.00796e-312
250744 189089 2  0.5229  0.6624  0.736667  9.00796e-312
from 1 to 3 matchnode 250744

250744 76575 2  0.7802  0.9024  0.856667  9.00796e-312
250744 89776 2  0.7968  0.8256  0.83  9.00796e-312
edge_match: 
from 2 to 3 matchnode 66695

66695 76575 2  0.6204  0.564  0.853333  6.95149e-310
66695 89776 2  0.6336  0.516  0.826667  6.95149e-310
from 2 to 3 matchnode 189089

189089 76575 2  0.9118  0.7614  0.7  9.00071e-312
189089 89776 2  0.9312  0.6966  0.673333  9.00071e-312
edge_match: 

pattern answer120:
vertex1: 节点个数 1
254184 1 0.74
vertex2: 节点个数 2
225709 2 0.82
249704 2 1
vertex3: 节点个数 2
76575 3 0.86
89776 3 0.78
edge_match: 
from 1 to 2 matchnode 254184

254184 225709 2  0.6804  0.5796  0.766667  9.00796e-312
254184 249704 2  0.5124  0.6111  0.826667  9.00796e-312
from 1 to 3 matchnode 254184

254184 76575 2  0.7896  0.5922  0.78  9.00796e-312
254184 89776 2  0.8064  0.5418  0.753333  9.00796e-312
edge_match: 
from 2 to 3 matchnode 225709

225709 76575 2  0.6392  0.5734  0.806667  6.95149e-310
225709 89776 2  0.6528  0.5246  0.78  6.95149e-310
from 2 to 3 matchnode 249704

249704 76575 2  0.6298  0.8178  0.866667  9.00071e-312
249704 89776 2  0.6432  0.7482  0.84  9.00071e-312
edge_match: 

pattern answer121:
vertex1: 节点个数 1
256296 1 0.59
vertex2: 节点个数 2
220927 2 0.93
225709 2 0.82
vertex3: 节点个数 2
76575 3 0.86
147649 3 0.75
edge_match: 
from 1 to 2 matchnode 256296

256296 220927 2  0.504  0.57  0.753333  9.00796e-312
256296 225709 2  0.567  0.69  0.716667  9.00796e-312
from 1 to 3 matchnode 256296

256296 76575 2  0.658  0.705  0.73  9.00796e-312
256296 147649 2  0.581  0.7125  0.693333  9.00796e-312
edge_match: 
from 2 to 3 matchnode 220927

220927 76575 2  0.6298  0.5452  0.843333  9.00071e-312
220927 147649 2  0.5561  0.551  0.806667  9.00071e-312
from 2 to 3 matchnode 225709

225709 76575 2  0.6392  0.5734  0.806667  6.95149e-310
225709 147649 2  0.5644  0.5795  0.77  6.95149e-310
edge_match: 

pattern answer122:
vertex1: 节点个数 1
256786 1 0.6
vertex2: 节点个数 2
66695 2 0.96
189089 2 0.5
vertex3: 节点个数 2
76575 3 0.86
89776 3 0.78
edge_match: 
from 1 to 2 matchnode 256786

256786 66695 2  0.6461  0.5644  0.766667  4.94066e-324
256786 189089 2  0.5733  0.5727  0.613333  4.94066e-324
from 1 to 3 matchnode 256786

256786 76575 2  0.8554  0.7802  0.733333  4.94066e-324
256786 89776 2  0.8736  0.7138  0.706667  4.94066e-324
edge_match: 
from 2 to 3 matchnode 66695

66695 76575 2  0.6204  0.564  0.853333  6.95149e-310
66695 89776 2  0.6336  0.516  0.826667  6.95149e-310
from 2 to 3 matchnode 189089

189089 76575 2  0.9118  0.7614  0.7  9.00071e-312
189089 89776 2  0.9312  0.6966  0.673333  9.00071e-312
edge_match: 

pattern answer123:
vertex1: 节点个数 1
422427 1 0.69
vertex2: 节点个数 2
74054 2 0.61
261715 2 0.77
vertex3: 节点个数 2
49785 3 0.95
86657 3 0.7
edge_match: 
from 1 to 2 matchnode 422427

422427 74054 1  0.98  0.81  0.65  9.00797e-312
422427 261715 2  0.9016  0.5265  0.69  9.00797e-312
from 1 to 3 matchnode 422427

422427 49785 2  0.874  0.7252  0.56  9.00797e-312
422427 86657 2  0.7448  0.5346  0.666667  9.00797e-312
edge_match: 
from 2 to 3 matchnode 74054

74054 49785 2  0.5402  0.6432  0.713333  6.95149e-310
74054 86657 1  0.76  0.66  0.655  6.95149e-310
from 2 to 3 matchnode 261715

261715 49785 2  0.7476  0.712  0.663333  6.95149e-310
261715 86657 2  0.657  0.7332  0.573333  6.95149e-310
edge_match: 

pattern answer124:
vertex1: 节点个数 1
537337 1 0.51
vertex2: 节点个数 2
91779 2 0.6
629013 2 0.68
vertex3: 节点个数 2
484659 3 0.5
695922 3 0.58
edge_match: 
from 1 to 2 matchnode 537337

537337 91779 2  0.9212  0.5394  0.536667  9.00798e-312
537337 629013 1  0.61  0.65  0.595  9.00798e-312
from 1 to 3 matchnode 537337

537337 484659 1  0.94  0.93  0.505  9.00798e-312
537337 695922 2  0.7896  0.8835  0.53  9.00798e-312
edge_match: 
from 2 to 3 matchnode 91779

91779 484659 1  0.84  0.91  0.55  6.95149e-310
91779 695922 2  0.7056  0.8645  0.56  6.95149e-310
from 2 to 3 matchnode 629013

629013 484659 2  0.7896  0.6789  0.563333  9.00071e-312
629013 695922 2  0.5376  0.6643  0.59  9.00071e-312
edge_match: 

