pattern answer1:
vertex1: 节点个数 1
44 1 0.9
vertex2: 节点个数 2
63 2 0.52
1724 2 0.86
vertex3: 节点个数 2
74 3 0.81
548 3 0.71
edge_match: 
from 1 to 2 matchnode 44

44 63 2  0.8649  0.581  0.63  0
44 1724 2  0.5394  0.6365  0.82  0
from 1 to 3 matchnode 44

44 74 1  0.97  0.5  0.855  0
44 548 2  0.8649  0.644  0.693333  0
edge_match: 
from 2 to 3 matchnode 63

63 74 2  0.779  0.5544  0.606667  6.95164e-310
63 548 2  0.7885  0.693  0.573333  6.95164e-310
from 2 to 3 matchnode 1724

1724 74 2  0.8648  0.7056  0.576667  9.9409e-312
1724 548 2  0.6806  0.819  0.686667  9.9409e-312
edge_match: 

pattern answer2:
vertex1: 节点个数 1
1227 1 0.75
vertex2: 节点个数 2
63 2 0.52
6489 2 0.53
vertex3: 节点个数 2
1658 3 0.57
3457 3 0.99
edge_match: 
from 1 to 2 matchnode 1227

1227 63 2  0.6177  0.6806  0.74  0
1227 6489 1  0.52  0.52  0.64  0
from 1 to 3 matchnode 1227

1227 1658 1  0.62  0.8  0.66  0
1227 3457 2  0.6603  0.5394  0.913333  0
edge_match: 
from 2 to 3 matchnode 63

63 1658 1  0.91  0.89  0.545  6.95164e-310
63 3457 2  0.629  0.6536  0.696667  6.95164e-310
from 2 to 3 matchnode 6489

6489 1658 2  0.5146  0.712  0.616667  9.9409e-312
6489 3457 2  0.6305  0.864  0.666667  9.9409e-312
edge_match: 

pattern answer3:
vertex1: 节点个数 1
2274 1 0.86
vertex2: 节点个数 2
1283 2 0.59
2514 2 0.7
vertex3: 节点个数 2
74 3 0.81
2227 3 0.94
edge_match: 
from 1 to 2 matchnode 2274

2274 1283 2  0.5106  0.6557  0.783333  0
2274 2514 2  0.516  0.5002  0.556667  0
from 1 to 3 matchnode 2274

2274 74 2  0.8554  0.765  0.643333  0
2274 2227 2  0.728  0.5893  0.766667  0
edge_match: 
from 2 to 3 matchnode 1283

1283 74 2  0.6603  0.52  0.726667  9.9409e-312
1283 2227 2  0.9409  0.8232  0.676667  9.9409e-312
from 2 to 3 matchnode 2514

2514 74 2  0.7347  0.5112  0.826667  9.9409e-312
2514 2227 2  0.5917  0.6075  0.69  9.9409e-312
edge_match: 

pattern answer4:
vertex1: 节点个数 1
2285 1 0.6
vertex2: 节点个数 2
100 2 0.89
918 2 0.6
vertex3: 节点个数 2
548 3 0.71
2227 3 0.94
edge_match: 
from 1 to 2 matchnode 2285

2285 100 2  0.572  0.8811  0.603333  3.0316e-312
2285 918 2  0.5673  0.7392  0.546667  3.0316e-312
from 1 to 3 matchnode 2285

2285 548 1  0.88  0.89  0.655  0
2285 2227 2  0.5985  0.8648  0.773333  0
edge_match: 
from 2 to 3 matchnode 100

100 548 2  0.6873  0.6  0.773333  6.95164e-310
100 2227 2  0.646  0.574  0.936667  6.95164e-310
from 2 to 3 matchnode 918

918 548 1  0.71  0.5  0.655  9.9409e-312
918 2227 2  0.63  0.6048  0.696667  9.9409e-312
edge_match: 

pattern answer5:
vertex1: 节点个数 1
3774 1 0.78
vertex2: 节点个数 2
446 2 0.67
1903 2 1
vertex3: 节点个数 2
49 3 0.97
2227 3 0.94
edge_match: 
from 1 to 2 matchnode 3774

3774 446 2  0.5676  0.5544  0.57  3.0316e-312
3774 1903 2  0.578  0.765  0.623333  3.0316e-312
from 1 to 3 matchnode 3774

3774 49 2  0.7462  0.6972  0.896667  0
3774 2227 2  0.672  0.5605  0.78  0
edge_match: 
from 2 to 3 matchnode 446

446 49 2  0.6715  0.5022  0.556667  6.95164e-310
446 2227 2  0.6468  0.5589  0.763333  6.95164e-310
from 2 to 3 matchnode 1903

1903 49 2  0.5504  0.684  0.813333  9.9409e-312
1903 2227 2  0.7954  0.6624  0.696667  9.9409e-312
edge_match: 

