pattern answer1:
vertex1: 节点个数 1
69 1 0.61
vertex2: 节点个数 2
1834 2 0.81
2101 2 0.5
vertex3: 节点个数 2
286 3 0.64
1294 3 0.95
edge_match: 
from 1 to 2 matchnode 69

69 1834 2  0.7544  0.8811  0.616667  3.03635e-312
69 2101 1  0.66  0.85  0.555  3.03635e-312
from 1 to 3 matchnode 69

69 286 2  0.6106  0.6557  0.693333  0
69 1294 2  0.7482  0.6643  0.53  0
edge_match: 
from 2 to 3 matchnode 1834

1834 286 2  0.6552  0.616  0.77  6.95131e-310
1834 1294 2  0.7396  0.7189  0.596667  6.95131e-310
from 2 to 3 matchnode 2101

2101 286 1  0.73  0.85  0.57  1.34733e-311
2101 1294 2  0.5152  0.504  0.586667  1.34733e-311
edge_match: 

pattern answer2:
vertex1: 节点个数 1
538 1 0.88
vertex2: 节点个数 2
1216 2 0.61
2350 2 0.97
vertex3: 节点个数 2
1945 3 0.82
2382 3 0.7
edge_match: 
from 1 to 2 matchnode 538

538 1216 2  0.7448  0.5254  0.83  3.03635e-312
538 2350 2  0.7252  0.6745  0.95  3.03635e-312
from 1 to 3 matchnode 538

538 1945 2  0.9604  0.5396  0.9  0
538 2382 2  0.882  0.568  0.86  0
edge_match: 
from 2 to 3 matchnode 1216

1216 1945 2  0.5782  0.7372  0.81  6.95131e-310
1216 2382 2  0.531  0.776  0.77  6.95131e-310
from 2 to 3 matchnode 2350

2350 1945 2  0.5488  0.5776  0.93  1.34736e-311
2350 2382 2  0.504  0.608  0.89  1.34736e-311
edge_match: 

pattern answer3:
vertex1: 节点个数 1
564 1 0.55
vertex2: 节点个数 2
1216 2 0.61
2350 2 0.97
vertex3: 节点个数 2
1945 3 0.82
2382 3 0.7
edge_match: 
from 1 to 2 matchnode 564

564 1216 2  0.7372  0.5994  0.72  3.03635e-312
564 2350 2  0.7178  0.7695  0.84  3.03635e-312
from 1 to 3 matchnode 564

564 1945 2  0.9506  0.6156  0.79  0
564 2382 2  0.873  0.648  0.75  0
edge_match: 
from 2 to 3 matchnode 1216

1216 1945 2  0.5782  0.7372  0.81  6.95131e-310
1216 2382 2  0.531  0.776  0.77  6.95131e-310
from 2 to 3 matchnode 2350

2350 1945 2  0.5488  0.5776  0.93  1.34736e-311
2350 2382 2  0.504  0.608  0.89  1.34736e-311
edge_match: 

pattern answer4:
vertex1: 节点个数 1
744 1 0.72
vertex2: 节点个数 2
1216 2 0.61
2350 2 0.97
vertex3: 节点个数 2
1945 3 0.82
2382 3 0.7
edge_match: 
from 1 to 2 matchnode 744

744 1216 2  0.5472  0.555  0.776667  0
744 2350 2  0.5328  0.7125  0.896667  0
from 1 to 3 matchnode 744

744 1945 2  0.7056  0.57  0.846667  0
744 2382 2  0.648  0.6  0.806667  0
edge_match: 
from 2 to 3 matchnode 1216

1216 1945 2  0.5782  0.7372  0.81  6.95131e-310
1216 2382 2  0.531  0.776  0.77  6.95131e-310
from 2 to 3 matchnode 2350

2350 1945 2  0.5488  0.5776  0.93  1.34736e-311
2350 2382 2  0.504  0.608  0.89  1.34736e-311
edge_match: 

pattern answer5:
vertex1: 节点个数 1
869 1 0.92
vertex2: 节点个数 2
1216 2 0.61
2350 2 0.97
vertex3: 节点个数 2
1945 3 0.82
2382 3 0.7
edge_match: 
from 1 to 2 matchnode 869

869 1216 2  0.5244  0.7252  0.843333  0
869 2350 2  0.5106  0.931  0.963333  0
from 1 to 3 matchnode 869

869 1945 2  0.6762  0.7448  0.913333  0
869 2382 2  0.621  0.784  0.873333  0
edge_match: 
from 2 to 3 matchnode 1216

1216 1945 2  0.5782  0.7372  0.81  6.95131e-310
1216 2382 2  0.531  0.776  0.77  6.95131e-310
from 2 to 3 matchnode 2350

2350 1945 2  0.5488  0.5776  0.93  1.34736e-311
2350 2382 2  0.504  0.608  0.89  1.34736e-311
edge_match: 

pattern answer6:
vertex1: 节点个数 1
1590 1 0.84
vertex2: 节点个数 2
1834 2 0.81
2386 2 0.79
vertex3: 节点个数 2
11209 3 0.71
26388 3 0.7
edge_match: 
from 1 to 2 matchnode 1590

1590 1834 2  0.6984  0.6699  0.876667  3.03635e-312
1590 2386 2  0.5832  0.696  0.87  3.03635e-312
from 1 to 3 matchnode 1590

1590 11209 2  0.5904  0.5307  0.843333  0
1590 26388 2  0.72  0.7569  0.84  0
edge_match: 
from 2 to 3 matchnode 1834

1834 11209 2  0.738  0.5917  0.833333  6.95131e-310
1834 26388 2  0.9  0.8439  0.83  6.95131e-310
from 2 to 3 matchnode 2386

2386 11209 2  0.7134  0.5917  0.826667  1.34733e-311
2386 26388 2  0.87  0.8439  0.823333  1.34733e-311
edge_match: 

pattern answer7:
vertex1: 节点个数 1
2146 1 0.58
vertex2: 节点个数 2
1834 2 0.81
2386 2 0.79
vertex3: 节点个数 2
1067 3 0.61
26388 3 0.7
edge_match: 
from 1 to 2 matchnode 2146

2146 1834 2  0.8633  0.5852  0.79  3.03635e-312
2146 2386 2  0.7209  0.608  0.783333  3.03635e-312
from 1 to 3 matchnode 2146

2146 1067 2  0.6141  0.7144  0.723333  0
2146 26388 2  0.89  0.6612  0.753333  0
edge_match: 
from 2 to 3 matchnode 1834

1834 1067 2  0.621  0.9118  0.8  6.95131e-310
1834 26388 2  0.9  0.8439  0.83  6.95131e-310
from 2 to 3 matchnode 2386

2386 1067 2  0.6003  0.9118  0.793333  1.34733e-311
2386 26388 2  0.87  0.8439  0.823333  1.34733e-311
edge_match: 

pattern answer8:
vertex1: 节点个数 1
5629 1 0.82
vertex2: 节点个数 2
2386 2 0.79
5203 2 0.88
vertex3: 节点个数 2
1971 3 0.6
2413 3 0.81
edge_match: 
from 1 to 2 matchnode 5629

5629 2386 2  0.5896  0.6174  0.806667  0
5629 5203 2  0.603  0.588  0.836667  0
from 1 to 3 matchnode 5629

5629 1971 2  0.67  0.5194  0.743333  0
5629 2413 1  0.67  0.98  0.815  0
edge_match: 
from 2 to 3 matchnode 2386

2386 1971 2  0.627  0.6314  0.52  1.34733e-311
2386 2413 2  0.5694  0.9506  0.783333  1.34733e-311
from 2 to 3 matchnode 5203

5203 1971 2  0.71  0.5035  0.763333  1.34733e-311
5203 2413 1  0.71  0.95  0.845  1.34733e-311
edge_match: 

pattern answer9:
vertex1: 节点个数 1
5831 1 0.69
vertex2: 节点个数 2
2346 2 0.93
2386 2 0.79
vertex3: 节点个数 2
2283 3 0.82
2413 3 0.81
edge_match: 
from 1 to 2 matchnode 5831

5831 2346 2  0.6864  0.5376  0.543333  0
5831 2386 1  0.66  0.67  0.74  0
from 1 to 3 matchnode 5831

5831 2283 2  0.8613  0.76  0.703333  0
5831 2413 2  0.5963  0.6006  0.516667  0
edge_match: 
from 2 to 3 matchnode 2346

2346 2283 2  0.92  0.6241  0.586667  6.95131e-310
2346 2413 2  0.6035  0.5795  0.873333  6.95131e-310
from 2 to 3 matchnode 2386

2386 2283 2  0.8514  0.6237  0.87  1.34733e-311
2386 2413 2  0.5694  0.9506  0.783333  1.34733e-311
edge_match: 

pattern answer10:
vertex1: 节点个数 1
5939 1 0.75
vertex2: 节点个数 2
2386 2 0.79
2850 2 0.9
vertex3: 节点个数 2
2283 3 0.82
2413 3 0.81
edge_match: 
from 1 to 2 matchnode 5939

5939 2386 2  0.7695  0.8415  0.526667  3.03635e-312
5939 2850 2  0.836  0.9306  0.563333  3.03635e-312
from 1 to 3 matchnode 5939

5939 2283 2  0.5605  0.9306  0.536667  0
5939 2413 2  0.6075  0.506  0.833333  0
edge_match: 
from 2 to 3 matchnode 2386

2386 2283 2  0.8514  0.6237  0.87  1.34733e-311
2386 2413 2  0.5694  0.9506  0.783333  1.34733e-311
from 2 to 3 matchnode 2850

2850 2283 2  0.5664  0.5264  0.586667  6.95131e-310
2850 2413 1  0.65  0.54  0.855  6.95131e-310
edge_match: 

pattern answer11:
vertex1: 节点个数 1
5971 1 0.87
vertex2: 节点个数 2
1834 2 0.81
5203 2 0.88
vertex3: 节点个数 2
286 3 0.64
1067 3 0.61
edge_match: 
from 1 to 2 matchnode 5971

5971 1834 2  0.712  0.6375  0.89  3.03635e-312
5971 5203 2  0.522  0.6111  0.583333  3.03635e-312
from 1 to 3 matchnode 5971

5971 286 2  0.7372  0.5504  0.753333  0
5971 1067 2  0.5928  0.8272  0.606667  0
edge_match: 
from 2 to 3 matchnode 1834

1834 286 2  0.6552  0.616  0.77  6.95131e-310
1834 1067 2  0.621  0.9118  0.8  6.95131e-310
from 2 to 3 matchnode 5203

5203 286 1  0.8  0.91  0.76  1.34733e-311
5203 1067 2  0.6408  0.6461  0.72  1.34733e-311
edge_match: 

pattern answer12:
vertex1: 节点个数 1
5992 1 0.9
vertex2: 节点个数 2
1834 2 0.81
5203 2 0.88
vertex3: 节点个数 2
154 3 0.64
1067 3 0.61
edge_match: 
from 1 to 2 matchnode 5992

5992 1834 2  0.578  0.7154  0.74  3.03635e-312
5992 5203 2  0.5236  0.5329  0.763333  3.03635e-312
from 1 to 3 matchnode 5992

5992 154 2  0.9016  0.5313  0.796667  0
5992 1067 1  0.88  0.65  0.755  0
edge_match: 
from 2 to 3 matchnode 1834

1834 154 2  0.6348  0.5346  0.513333  6.95131e-310
1834 1067 2  0.621  0.9118  0.8  6.95131e-310
from 2 to 3 matchnode 5203

5203 154 2  0.688  0.6188  0.72  1.34733e-311
5203 1067 2  0.6408  0.6461  0.72  1.34733e-311
edge_match: 

pattern answer13:
vertex1: 节点个数 1
6987 1 0.56
vertex2: 节点个数 2
2346 2 0.93
7074 2 0.95
vertex3: 节点个数 2
6689 3 0.8
6833 3 0.87
edge_match: 
from 1 to 2 matchnode 6987

6987 2346 2  0.63  0.561  0.71  3.03635e-312
6987 7074 2  0.679  0.5016  0.716667  3.03635e-312
from 1 to 3 matchnode 6987

6987 6689 2  0.8217  0.704  0.626667  0
6987 6833 2  0.581  0.632  0.65  0
edge_match: 
from 2 to 3 matchnode 2346

2346 6689 2  0.7425  0.572  0.75  6.95131e-310
2346 6833 2  0.525  0.5135  0.773333  6.95131e-310
from 2 to 3 matchnode 7074

7074 6689 2  0.8712  0.6336  0.756667  1.34733e-311
7074 6833 2  0.616  0.5688  0.78  1.34733e-311
edge_match: 

pattern answer14:
vertex1: 节点个数 1
7002 1 0.87
vertex2: 节点个数 2
2346 2 0.93
2419 2 0.62
vertex3: 节点个数 2
6689 3 0.8
6895 3 0.64
edge_match: 
from 1 to 2 matchnode 7002

7002 2346 2  0.603  0.7905  0.813333  3.03635e-312
7002 2419 2  0.5695  0.5859  0.71  3.03635e-312
from 1 to 3 matchnode 7002

7002 6689 2  0.6237  0.8008  0.73  0
7002 6895 2  0.5355  0.8554  0.676667  0
edge_match: 
from 2 to 3 matchnode 2346

2346 6689 2  0.7425  0.572  0.75  6.95131e-310
2346 6895 2  0.6375  0.611  0.696667  6.95131e-310
from 2 to 3 matchnode 2419

2419 6689 2  0.7821  0.8096  0.646667  1.34736e-311
2419 6895 2  0.6715  0.8648  0.593333  1.34736e-311
edge_match: 

pattern answer15:
vertex1: 节点个数 1
7311 1 0.6
vertex2: 节点个数 2
2386 2 0.79
2850 2 0.9
vertex3: 节点个数 2
2283 3 0.82
41474 3 0.54
edge_match: 
from 1 to 2 matchnode 7311

7311 2386 2  0.6072  0.5293  0.693333  0
7311 2850 2  0.8075  0.6106  0.783333  0
from 1 to 3 matchnode 7311

7311 2283 2  0.8064  0.7954  0.543333  0
7311 41474 2  0.7128  0.7308  0.583333  0
edge_match: 
from 2 to 3 matchnode 2386

2386 2283 2  0.8514  0.6237  0.87  1.34733e-311
2386 41474 2  0.6068  0.7719  0.626667  1.34733e-311
from 2 to 3 matchnode 2850

2850 2283 2  0.5664  0.5264  0.586667  6.95131e-310
2850 41474 2  0.8514  0.6216  0.683333  6.95131e-310
edge_match: 

pattern answer16:
vertex1: 节点个数 1
7553 1 0.51
vertex2: 节点个数 2
2346 2 0.93
2419 2 0.62
vertex3: 节点个数 2
6689 3 0.8
6833 3 0.87
edge_match: 
from 1 to 2 matchnode 7553

7553 2346 2  0.783  0.8075  0.693333  3.03635e-312
7553 2419 2  0.7395  0.5985  0.59  3.03635e-312
from 1 to 3 matchnode 7553

7553 6689 2  0.8118  0.616  0.61  0
7553 6833 2  0.574  0.553  0.633333  0
edge_match: 
from 2 to 3 matchnode 2346

2346 6689 2  0.7425  0.572  0.75  6.95131e-310
2346 6833 2  0.525  0.5135  0.773333  6.95131e-310
from 2 to 3 matchnode 2419

2419 6689 2  0.7821  0.8096  0.646667  1.34736e-311
2419 6833 2  0.553  0.7268  0.67  1.34736e-311
edge_match: 

pattern answer17:
vertex1: 节点个数 1
9012 1 0.87
vertex2: 节点个数 2
1652 2 0.57
2261 2 0.9
vertex3: 节点个数 2
3760 3 0.7
3865 3 0.57
edge_match: 
from 1 to 2 matchnode 9012

9012 1652 2  0.6853  0.747  0.71  3.03635e-312
9012 2261 2  0.5313  0.5063  0.82  3.03635e-312
from 1 to 3 matchnode 9012

9012 3760 2  0.6314  0.7055  0.753333  0
9012 3865 2  0.6006  0.7636  0.71  0
edge_match: 
from 2 to 3 matchnode 1652

1652 3760 2  0.5576  0.561  0.653333  6.95131e-310
1652 3865 2  0.5304  0.6072  0.61  6.95131e-310
from 2 to 3 matchnode 2261

2261 3760 2  0.6888  0.5355  0.763333  1.34736e-311
2261 3865 2  0.6552  0.5796  0.72  1.34736e-311
edge_match: 

pattern answer18:
vertex1: 节点个数 1
10011 1 0.94
vertex2: 节点个数 2
5611 2 0.96
5994 2 0.81
vertex3: 节点个数 2
154 3 0.64
8176 3 0.59
edge_match: 
from 1 to 2 matchnode 10011

10011 5611 2  0.6486  0.8245  0.65  3.03635e-312
10011 5994 2  0.528  0.6468  0.69  3.03635e-312
from 1 to 3 matchnode 10011

10011 154 2  0.6468  0.5775  0.533333  0
10011 8176 2  0.6699  0.7469  0.516667  0
edge_match: 
from 2 to 3 matchnode 5611

5611 154 2  0.7728  0.5925  0.54  6.95131e-310
5611 8176 2  0.8004  0.7663  0.523333  6.95131e-310
from 2 to 3 matchnode 5994

5994 154 2  0.644  0.5712  0.783333  6.95131e-310
5994 8176 2  0.5544  0.5538  0.683333  6.95131e-310
edge_match: 

pattern answer19:
vertex1: 节点个数 1
10594 1 0.73
vertex2: 节点个数 2
1652 2 0.57
2261 2 0.9
vertex3: 节点个数 2
3760 3 0.7
3865 3 0.57
edge_match: 
from 1 to 2 matchnode 10594

10594 1652 2  0.6586  0.882  0.663333  8.2214e-310
10594 2261 2  0.5106  0.5978  0.773333  8.2214e-310
from 1 to 3 matchnode 10594

10594 3760 2  0.6068  0.833  0.706667  0
10594 3865 2  0.5772  0.9016  0.663333  0
edge_match: 
from 2 to 3 matchnode 1652

1652 3760 2  0.5576  0.561  0.653333  6.95131e-310
1652 3865 2  0.5304  0.6072  0.61  6.95131e-310
from 2 to 3 matchnode 2261

2261 3760 2  0.6888  0.5355  0.763333  1.34736e-311
2261 3865 2  0.6552  0.5796  0.72  1.34736e-311
edge_match: 

pattern answer20:
vertex1: 节点个数 1
11035 1 0.55
vertex2: 节点个数 2
1652 2 0.57
7374 2 0.99
vertex3: 节点个数 2
12756 3 0.7
32373 3 0.63
edge_match: 
from 1 to 2 matchnode 11035

11035 1652 2  0.6319  0.738  0.603333  0
11035 7374 2  0.5467  0.6888  0.743333  0
from 1 to 3 matchnode 11035

11035 12756 2  0.6887  0.8118  0.646667  0
11035 32373 2  0.6248  0.697  0.623333  0
edge_match: 
from 2 to 3 matchnode 1652

1652 12756 2  0.6596  0.6534  0.653333  6.95131e-310
1652 32373 2  0.5984  0.561  0.63  6.95131e-310
from 2 to 3 matchnode 7374

7374 12756 2  0.5626  0.8514  0.793333  1.34736e-311
7374 32373 2  0.5104  0.731  0.77  1.34736e-311
edge_match: 

pattern answer21:
vertex1: 节点个数 1
11490 1 0.54
vertex2: 节点个数 2
14367 2 0.65
14420 2 0.64
vertex3: 节点个数 2
12534 3 0.74
13701 3 0.97
edge_match: 
from 1 to 2 matchnode 11490

11490 14367 2  0.5694  0.7885  0.546667  0
11490 14420 2  0.7488  0.5312  0.543333  0
from 1 to 3 matchnode 11490

11490 12534 2  0.585  0.747  0.576667  0
11490 13701 2  0.7566  0.7636  0.653333  0
edge_match: 
from 2 to 3 matchnode 14367

14367 12534 2  0.69  0.594  0.613333  1.34733e-311
14367 13701 2  0.8924  0.6072  0.69  1.34733e-311
from 2 to 3 matchnode 14420

14420 12534 2  0.5325  0.738  0.61  1.34733e-311
14420 13701 2  0.6887  0.7544  0.686667  1.34733e-311
edge_match: 

pattern answer22:
vertex1: 节点个数 1
11788 1 0.9
vertex2: 节点个数 2
2101 2 0.5
5641 2 0.8
vertex3: 节点个数 2
286 3 0.64
2413 3 0.81
edge_match: 
from 1 to 2 matchnode 11788

11788 2101 2  0.54  0.5985  0.713333  3.03635e-312
11788 5641 2  0.5244  0.7047  0.67  3.03635e-312
from 1 to 3 matchnode 11788

11788 286 2  0.5508  0.6348  0.716667  0
11788 2413 2  0.581  0.536  0.683333  0
edge_match: 
from 2 to 3 matchnode 2101

2101 286 1  0.73  0.85  0.57  1.34733e-311
2101 2413 2  0.7008  0.8918  0.686667  1.34733e-311
from 2 to 3 matchnode 5641

5641 286 2  0.69  0.5467  0.533333  1.34733e-311
5641 2413 2  0.6192  0.8051  0.706667  1.34733e-311
edge_match: 

pattern answer23:
vertex1: 节点个数 1
12828 1 0.84
vertex2: 节点个数 2
6351 2 0.94
14367 2 0.65
vertex3: 节点个数 2
96 3 0.69
1682 3 0.5
edge_match: 
from 1 to 2 matchnode 12828

12828 6351 2  0.5049  0.7812  0.743333  0
12828 14367 2  0.7227  0.798  0.646667  0
from 1 to 3 matchnode 12828

12828 96 2  0.6336  0.8316  0.66  0
12828 1682 2  0.7227  0.756  0.596667  0
edge_match: 
from 2 to 3 matchnode 6351

6351 96 2  0.5952  0.9306  0.693333  6.95131e-310
6351 1682 2  0.6789  0.846  0.63  6.95131e-310
from 2 to 3 matchnode 14367

14367 96 2  0.5888  0.6534  0.596667  1.34733e-311
14367 1682 2  0.6716  0.594  0.533333  1.34733e-311
edge_match: 

pattern answer24:
vertex1: 节点个数 1
14662 1 0.95
vertex2: 节点个数 2
6351 2 0.94
14367 2 0.65
vertex3: 节点个数 2
96 3 0.69
1682 3 0.5
edge_match: 
from 1 to 2 matchnode 14662

14662 6351 2  0.51  0.7998  0.78  3.03635e-312
14662 14367 2  0.73  0.817  0.683333  3.03635e-312
from 1 to 3 matchnode 14662

14662 96 2  0.64  0.8514  0.696667  0
14662 1682 2  0.73  0.774  0.633333  0
edge_match: 
from 2 to 3 matchnode 6351

6351 96 2  0.5952  0.9306  0.693333  6.95131e-310
6351 1682 2  0.6789  0.846  0.63  6.95131e-310
from 2 to 3 matchnode 14367

14367 96 2  0.5888  0.6534  0.596667  1.34733e-311
14367 1682 2  0.6716  0.594  0.533333  1.34733e-311
edge_match: 

pattern answer25:
vertex1: 节点个数 1
14748 1 0.63
vertex2: 节点个数 2
14367 2 0.65
14495 2 0.89
vertex3: 节点个数 2
96 3 0.69
1682 3 0.5
edge_match: 
from 1 to 2 matchnode 14748

14748 14367 2  0.7008  0.57  0.576667  0
14748 14495 2  0.7872  0.51  0.656667  0
from 1 to 3 matchnode 14748

14748 96 2  0.6144  0.594  0.59  0
14748 1682 2  0.7008  0.54  0.526667  0
edge_match: 
from 2 to 3 matchnode 14367

14367 96 2  0.5888  0.6534  0.596667  1.34733e-311
14367 1682 2  0.6716  0.594  0.533333  1.34733e-311
from 2 to 3 matchnode 14495

14495 96 2  0.64  0.5643  0.676667  1.34733e-311
14495 1682 2  0.73  0.513  0.613333  1.34733e-311
edge_match: 

pattern answer26:
vertex1: 节点个数 1
24237 1 0.97
vertex2: 节点个数 2
1652 2 0.57
7374 2 0.99
vertex3: 节点个数 2
12756 3 0.7
32373 3 0.63
edge_match: 
from 1 to 2 matchnode 24237

24237 1652 2  0.8722  0.657  0.743333  3.03635e-312
24237 7374 2  0.7546  0.6132  0.883333  3.03635e-312
from 1 to 3 matchnode 24237

24237 12756 2  0.9506  0.7227  0.786667  0
24237 32373 2  0.8624  0.6205  0.763333  0
edge_match: 
from 2 to 3 matchnode 1652

1652 12756 2  0.6596  0.6534  0.653333  6.95131e-310
1652 32373 2  0.5984  0.561  0.63  6.95131e-310
from 2 to 3 matchnode 7374

7374 12756 2  0.5626  0.8514  0.793333  1.34736e-311
7374 32373 2  0.5104  0.731  0.77  1.34736e-311
edge_match: 

pattern answer27:
vertex1: 节点个数 1
24763 1 0.88
vertex2: 节点个数 2
1216 2 0.61
2350 2 0.97
vertex3: 节点个数 2
1945 3 0.82
2382 3 0.7
edge_match: 
from 1 to 2 matchnode 24763

24763 1216 2  0.6916  0.5698  0.83  8.2214e-310
24763 2350 2  0.6734  0.7315  0.95  8.2214e-310
from 1 to 3 matchnode 24763

24763 1945 2  0.8918  0.5852  0.9  0
24763 2382 2  0.819  0.616  0.86  0
edge_match: 
from 2 to 3 matchnode 1216

1216 1945 2  0.5782  0.7372  0.81  6.95131e-310
1216 2382 2  0.531  0.776  0.77  6.95131e-310
from 2 to 3 matchnode 2350

2350 1945 2  0.5488  0.5776  0.93  1.34736e-311
2350 2382 2  0.504  0.608  0.89  1.34736e-311
edge_match: 

pattern answer28:
vertex1: 节点个数 1
32167 1 0.57
vertex2: 节点个数 2
1652 2 0.57
7374 2 0.99
vertex3: 节点个数 2
12756 3 0.7
32373 3 0.63
edge_match: 
from 1 to 2 matchnode 32167

32167 1652 2  0.7654  0.558  0.61  0
32167 7374 2  0.6622  0.5208  0.75  0
from 1 to 3 matchnode 32167

32167 12756 2  0.8342  0.6138  0.653333  0
32167 32373 2  0.7568  0.527  0.63  0
edge_match: 
from 2 to 3 matchnode 1652

1652 12756 2  0.6596  0.6534  0.653333  6.95131e-310
1652 32373 2  0.5984  0.561  0.63  6.95131e-310
from 2 to 3 matchnode 7374

7374 12756 2  0.5626  0.8514  0.793333  1.34736e-311
7374 32373 2  0.5104  0.731  0.77  1.34736e-311
edge_match: 

pattern answer29:
vertex1: 节点个数 1
32298 1 0.8
vertex2: 节点个数 2
1652 2 0.57
2261 2 0.9
vertex3: 节点个数 2
3760 3 0.7
3865 3 0.57
edge_match: 
from 1 to 2 matchnode 32298

32298 1652 2  0.6853  0.801  0.686667  3.03635e-312
32298 2261 2  0.5313  0.5429  0.796667  3.03635e-312
from 1 to 3 matchnode 32298

32298 3760 2  0.6314  0.7565  0.73  0
32298 3865 2  0.6006  0.8188  0.686667  0
edge_match: 
from 2 to 3 matchnode 1652

1652 3760 2  0.5576  0.561  0.653333  6.95131e-310
1652 3865 2  0.5304  0.6072  0.61  6.95131e-310
from 2 to 3 matchnode 2261

2261 3760 2  0.6888  0.5355  0.763333  1.34736e-311
2261 3865 2  0.6552  0.5796  0.72  1.34736e-311
edge_match: 

pattern answer30:
vertex1: 节点个数 1
76510 1 0.68
vertex2: 节点个数 2
1834 2 0.81
2386 2 0.79
vertex3: 节点个数 2
1837 3 0.96
2413 3 0.81
edge_match: 
from 1 to 2 matchnode 76510

76510 1834 2  0.784  0.8448  0.526667  8.2214e-310
76510 2386 2  0.637  0.7104  0.52  8.2214e-310
from 1 to 3 matchnode 76510

76510 1837 2  0.8918  0.8544  0.576667  0
76510 2413 2  0.8624  0.7776  0.526667  0
edge_match: 
from 2 to 3 matchnode 1834

1834 1837 2  0.8372  0.5874  0.62  6.95131e-310
1834 2413 2  0.5328  0.6984  0.71  6.95131e-310
from 2 to 3 matchnode 2386

2386 1837 2  0.7735  0.6052  0.613333  1.34733e-311
2386 2413 2  0.5694  0.9506  0.783333  1.34733e-311
edge_match: 

