pattern answer1:
vertex1: 节点个数 1
69 1 0.61
vertex2: 节点个数 2
3183 2 0.63
5641 2 0.8
vertex3: 节点个数 2
96 3 0.69
100 3 0.97
vertex4: 节点个数 2
1861 4 0.95
5538 4 0.75
edge_match: 
from 1 to 2 matchnode 69

69 3183 2  0.539  0.8148  0.713333  0
69 5641 2  0.4557  0.4268  0.626667  0
from 1 to 3 matchnode 69

69 96 2  0.504  0.6141  0.746667  1.34489e-311
69 100 2  0.5152  0.69  0.84  1.34489e-311
edge_match: 
from 2 to 1 matchnode 3183

3183 69 2  0.4536  0.4697  0.606667  0
from 2 to 3 matchnode 3183

3183 96 2  0.9801  0.7776  0.76  6.95145e-310
3183 100 2  0.4136  0.741  0.75  1.34489e-311
from 2 to 1 matchnode 5641

5641 69 2  0.646  0.4284  0.5  0
from 2 to 3 matchnode 5641

5641 96 1  0.55  0.78  0.745  6.95145e-310
5641 100 2  0.735  0.632  0.87  1.34489e-311
edge_match: 
from 3 to 2 matchnode 96

96 3183 1  1  0.55  0.66  0
96 5641 1  0.93  0.69  0.745  0
from 3 to 2 matchnode 100

100 3183 2  0.544  0.405  0.723333  1.34486e-311
100 5641 2  0.68  0.5056  0.623333  1.34486e-311
edge_match: 
from 4 to 3 matchnode 1861

1861 96 2  0.5115  0.4316  0.876667  1.34486e-311
1861 100 2  0.6097  0.4503  0.73  1.34486e-311
from 4 to 3 matchnode 5538

5538 96 2  0.84  0.5264  0.493333  1.34486e-311
5538 100 2  0.76  0.873  0.676667  1.34486e-311

pattern answer2:
vertex1: 节点个数 1
226 1 0.45
vertex2: 节点个数 2
3183 2 0.63
5505 2 0.83
vertex3: 节点个数 2
96 3 0.69
154 3 0.64
vertex4: 节点个数 2
82 4 0.9
118 4 0.84
edge_match: 
from 1 to 2 matchnode 226

226 3183 2  0.64  0.5445  0.59  0
226 5505 2  0.5032  0.5525  0.446667  0
from 1 to 3 matchnode 226

226 96 1  0.64  0.99  0.57  1.34489e-311
226 154 2  0.5963  0.8366  0.683333  1.34489e-311
edge_match: 
from 2 to 1 matchnode 3183

3183 226 2  0.4582  0.468  0.583333  1.34486e-311
from 2 to 3 matchnode 3183

3183 96 2  0.9801  0.7776  0.76  6.95145e-310
3183 154 2  0.5256  0.5655  0.513333  1.34489e-311
from 2 to 1 matchnode 5505

5505 226 2  0.6072  0.6636  0.43  1.34486e-311
from 2 to 3 matchnode 5505

5505 96 2  0.4512  0.54  0.81  6.95145e-310
5505 154 2  0.7396  0.5644  0.703333  1.34489e-311
edge_match: 
from 3 to 2 matchnode 96

96 3183 1  1  0.55  0.66  0
96 5505 2  0.4888  0.5312  0.81  0
from 3 to 2 matchnode 154

154 3183 2  0.5074  0.462  0.563333  1.34487e-311
154 5505 2  0.5917  0.8217  0.526667  1.34487e-311
edge_match: 
from 4 to 3 matchnode 82

82 96 2  0.4543  0.6408  0.68  1.34486e-311
82 154 2  0.4543  0.7654  0.663333  1.34489e-311
from 4 to 3 matchnode 118

118 96 2  0.7568  0.4312  0.84  1.34486e-311
118 154 2  0.5146  0.4752  0.75  1.34489e-311

pattern answer3:
vertex1: 节点个数 1
411 1 0.91
vertex2: 节点个数 2
2850 2 0.9
5203 2 0.88
vertex3: 节点个数 2
286 3 0.64
2413 3 0.81
vertex4: 节点个数 2
118 4 0.84
473 4 0.43
edge_match: 
from 1 to 2 matchnode 411

411 2850 2  0.6716  0.5106  0.786667  0
411 5203 2  0.4465  0.6642  0.75  0
from 1 to 3 matchnode 411

411 286 2  0.62  0.558  0.73  1.34486e-311
411 2413 2  0.4992  0.8004  0.616667  1.34486e-311
edge_match: 
from 2 to 1 matchnode 2850

2850 411 2  0.5917  0.776  0.786667  1.34488e-311
from 2 to 3 matchnode 2850

2850 286 2  0.92  0.7812  0.726667  6.95145e-310
2850 2413 1  0.65  0.54  0.855  6.95145e-310
from 2 to 1 matchnode 5203

5203 411 2  0.5472  0.5369  0.82  1.34488e-311
from 2 to 3 matchnode 5203

5203 286 1  0.8  0.91  0.76  6.95145e-310
5203 2413 1  0.71  0.95  0.845  6.95145e-310
edge_match: 
from 3 to 2 matchnode 286

286 2850 2  0.736  0.49  0.7  0
286 5203 1  0.78  0.82  0.76  0
from 3 to 2 matchnode 2413

2413 2850 2  0.6324  0.6232  0.866667  1.34487e-311
2413 5203 1  0.9  0.6  0.845  1.34487e-311
edge_match: 
from 4 to 3 matchnode 118

118 286 2  0.6696  0.765  0.67  1.34486e-311
118 2413 2  0.8118  0.6402  0.743333  1.34486e-311
from 4 to 3 matchnode 473

473 286 2  0.6  0.8184  0.57  1.34486e-311
473 2413 2  0.7728  0.4352  0.613333  1.34486e-311

pattern answer4:
vertex1: 节点个数 1
538 1 0.88
vertex2: 节点个数 2
5505 2 0.83
5611 2 0.96
vertex3: 节点个数 2
96 3 0.69
154 3 0.64
vertex4: 节点个数 2
82 4 0.9
118 4 0.84
edge_match: 
from 1 to 2 matchnode 538

538 5505 2  0.4757  0.6643  0.896667  0
538 5611 2  0.6762  0.4462  0.63  0
from 1 to 3 matchnode 538

538 96 2  0.4606  0.711  0.826667  1.34486e-311
538 154 2  0.9016  0.4118  0.84  1.34486e-311
edge_match: 
from 2 to 1 matchnode 5505

5505 538 2  0.6794  0.7387  0.783333  0
from 2 to 3 matchnode 5505

5505 96 2  0.4512  0.54  0.81  6.95145e-310
5505 154 2  0.7396  0.5644  0.703333  1.34489e-311
from 2 to 1 matchnode 5611

5611 538 2  0.4816  0.7821  0.616667  0
from 2 to 3 matchnode 5611

5611 96 1  0.99  0.81  0.825  6.95145e-310
5611 154 2  0.7728  0.5925  0.54  1.34489e-311
edge_match: 
from 3 to 2 matchnode 96

96 5505 2  0.4888  0.5312  0.81  0
96 5611 1  0.84  0.82  0.825  0
from 3 to 2 matchnode 154

154 5505 2  0.5917  0.8217  0.526667  1.34487e-311
154 5611 2  0.5676  0.665  0.673333  1.34487e-311
edge_match: 
from 4 to 3 matchnode 82

82 96 2  0.4543  0.6408  0.68  1.34486e-311
82 154 2  0.4543  0.7654  0.663333  1.34489e-311
from 4 to 3 matchnode 118

118 96 2  0.7568  0.4312  0.84  1.34486e-311
118 154 2  0.5146  0.4752  0.75  1.34489e-311

pattern answer5:
vertex1: 节点个数 1
748 1 0.82
vertex2: 节点个数 2
2850 2 0.9
5641 2 0.8
vertex3: 节点个数 2
96 3 0.69
2413 3 0.81
vertex4: 节点个数 2
118 4 0.84
511 4 0.74
edge_match: 
from 1 to 2 matchnode 748

748 2850 2  0.4416  0.6175  0.843333  0
748 5641 2  0.5568  0.5376  0.783333  0
from 1 to 3 matchnode 748

748 96 2  0.768  0.496  0.543333  1.34486e-311
748 2413 2  0.8544  0.494  0.813333  1.34486e-311
edge_match: 
from 2 to 1 matchnode 2850

2850 748 2  0.5518  0.8118  0.843333  1.34486e-311
from 2 to 3 matchnode 2850

2850 96 2  0.434  0.442  0.53  6.95145e-310
2850 2413 1  0.65  0.54  0.855  6.95145e-310
from 2 to 1 matchnode 5641

5641 748 2  0.629  0.4182  0.57  1.34486e-311
from 2 to 3 matchnode 5641

5641 96 1  0.55  0.78  0.745  6.95145e-310
5641 2413 2  0.6192  0.8051  0.706667  6.95145e-310
edge_match: 
from 3 to 2 matchnode 96

96 2850 2  0.4554  0.5785  0.8  0
96 5641 1  0.93  0.69  0.745  0
from 3 to 2 matchnode 2413

2413 2850 2  0.6324  0.6232  0.866667  1.34487e-311
2413 5641 2  0.6664  0.7392  0.866667  1.34487e-311
edge_match: 
from 4 to 3 matchnode 118

118 96 2  0.7568  0.4312  0.84  1.34486e-311
118 2413 2  0.8118  0.6402  0.743333  1.34486e-311
from 4 to 3 matchnode 511

511 96 2  0.4785  0.4628  0.806667  1.34486e-311
511 2413 2  0.8008  0.5184  0.546667  1.34486e-311

pattern answer6:
vertex1: 节点个数 1
2521 1 0.96
vertex2: 节点个数 2
5611 2 0.96
5641 2 0.8
vertex3: 节点个数 2
96 3 0.69
154 3 0.64
vertex4: 节点个数 2
82 4 0.9
118 4 0.84
edge_match: 
from 1 to 2 matchnode 2521

2521 5611 2  0.4324  0.6612  0.84  0
2521 5641 2  0.5292  0.7695  0.79  0
from 1 to 3 matchnode 2521

2521 96 2  0.7626  0.6762  0.703333  1.34489e-311
2521 154 2  0.5976  0.4095  0.623333  1.34489e-311
edge_match: 
from 2 to 1 matchnode 5611

5611 2521 2  0.8004  0.711  0.646667  1.34486e-311
from 2 to 3 matchnode 5611

5611 96 1  0.99  0.81  0.825  6.95145e-310
5611 154 2  0.7728  0.5925  0.54  1.34489e-311
from 2 to 1 matchnode 5641

5641 2521 2  0.5525  0.4556  0.68  1.34486e-311
from 2 to 3 matchnode 5641

5641 96 1  0.55  0.78  0.745  6.95145e-310
5641 154 2  0.5865  0.4131  0.51  1.34489e-311
edge_match: 
from 3 to 2 matchnode 96

96 5611 1  0.84  0.82  0.825  0
96 5641 1  0.93  0.69  0.745  0
from 3 to 2 matchnode 154

154 5611 2  0.5676  0.665  0.673333  1.34487e-311
154 5641 2  0.7161  0.7371  0.663333  1.34487e-311
edge_match: 
from 4 to 3 matchnode 82

82 96 2  0.4543  0.6408  0.68  1.34486e-311
82 154 2  0.4543  0.7654  0.663333  1.34489e-311
from 4 to 3 matchnode 118

118 96 2  0.7568  0.4312  0.84  1.34486e-311
118 154 2  0.5146  0.4752  0.75  1.34489e-311

pattern answer7:
vertex1: 节点个数 1
3645 1 0.66
vertex2: 节点个数 2
3836 2 0.62
4710 2 0.93
vertex3: 节点个数 2
3228 3 0.68
3760 3 0.7
vertex4: 节点个数 2
82 4 0.9
1928 4 0.44
edge_match: 
from 1 to 2 matchnode 3645

3645 3836 2  0.6972  0.7081  0.553333  0
3645 4710 2  0.6048  0.7372  0.656667  0
from 1 to 3 matchnode 3645

3645 3228 2  0.756  0.8148  0.573333  1.34486e-311
3645 3760 2  0.7476  0.7081  0.58  1.34486e-311
edge_match: 
from 2 to 1 matchnode 3836

3836 3645 2  0.4524  0.497  0.553333  2.8484e-312
from 2 to 3 matchnode 3836

3836 3228 2  0.468  0.5964  0.56  1.34486e-311
3836 3760 2  0.4628  0.5183  0.566667  1.34486e-311
from 2 to 1 matchnode 4710

4710 3645 2  0.7917  0.469  0.656667  2.8484e-312
from 2 to 3 matchnode 4710

4710 3228 2  0.819  0.5628  0.663333  1.34486e-311
4710 3760 2  0.8099  0.4891  0.67  1.34486e-311
edge_match: 
from 3 to 2 matchnode 3228

3228 3836 2  0.6723  0.438  0.56  0
3228 4710 2  0.5832  0.456  0.663333  0
from 3 to 2 matchnode 3760

3760 3836 2  0.5312  0.6716  0.566667  0
3760 4710 2  0.4608  0.6992  0.67  0
edge_match: 
from 4 to 3 matchnode 82

82 3228 2  0.468  0.5544  0.653333  1.34488e-311
82 3760 2  0.7052  0.7735  0.763333  1.34489e-311
from 4 to 3 matchnode 1928

1928 3228 2  0.45  0.5964  0.5  1.34488e-311
1928 3760 2  0.445  0.5183  0.506667  1.34489e-311

pattern answer8:
vertex1: 节点个数 1
5013 1 0.62
vertex2: 节点个数 2
1834 2 0.81
3183 2 0.63
vertex3: 节点个数 2
154 3 0.64
286 3 0.64
vertex4: 节点个数 2
88 4 0.42
118 4 0.84
edge_match: 
from 1 to 2 matchnode 5013

5013 1834 2  0.8624  0.4356  0.63  0
5013 3183 2  0.7425  0.5913  0.643333  0
from 1 to 3 matchnode 5013

5013 154 2  0.4389  0.7623  0.563333  1.34489e-311
5013 286 2  0.783  0.6237  0.543333  1.34489e-311
edge_match: 
from 2 to 1 matchnode 1834

1834 5013 2  0.5002  0.77  0.76  1.34486e-311
from 2 to 3 matchnode 1834

1834 154 2  0.6348  0.5346  0.513333  1.34489e-311
1834 286 2  0.6552  0.616  0.77  6.95145e-310
from 2 to 1 matchnode 3183

3183 5013 2  0.5451  0.6545  0.506667  1.34486e-311
from 2 to 3 matchnode 3183

3183 154 2  0.5256  0.5655  0.513333  1.34489e-311
3183 286 2  0.4059  0.7104  0.743333  6.95145e-310
edge_match: 
from 3 to 2 matchnode 154

154 1834 2  0.48  0.4047  0.646667  1.34487e-311
154 3183 2  0.5074  0.462  0.563333  1.34487e-311
from 3 to 2 matchnode 286

286 1834 2  0.4  0.7802  0.726667  0
286 3183 2  0.532  0.5796  0.43  0
edge_match: 
from 4 to 3 matchnode 88

88 154 1  0.9  0.52  0.53  1.34489e-311
88 286 2  0.9  0.4836  0.566667  1.34486e-311
from 4 to 3 matchnode 118

118 154 2  0.5146  0.4752  0.75  1.34489e-311
118 286 2  0.6696  0.765  0.67  1.34486e-311

pattern answer9:
vertex1: 节点个数 1
5290 1 0.42
vertex2: 节点个数 2
2850 2 0.9
5145 2 0.89
vertex3: 节点个数 2
96 3 0.69
286 3 0.64
vertex4: 节点个数 2
118 4 0.84
511 4 0.74
edge_match: 
from 1 to 2 matchnode 5290

5290 2850 2  0.5846  0.8428  0.613333  0
5290 5145 2  0.6696  0.5355  0.44  0
from 1 to 3 matchnode 5290

5290 96 2  0.4672  0.9207  0.52  1.34488e-311
5290 286 2  0.873  0.448  0.523333  1.34488e-311
edge_match: 
from 2 to 1 matchnode 2850

2850 5290 2  0.711  0.646  0.713333  1.34489e-311
from 2 to 3 matchnode 2850

2850 96 2  0.434  0.442  0.53  6.95145e-310
2850 286 2  0.92  0.7812  0.726667  6.95145e-310
from 2 to 1 matchnode 5145

5145 5290 2  0.8008  0.465  0.7  1.34489e-311
from 2 to 3 matchnode 5145

5145 96 2  0.504  0.4836  0.526667  6.95145e-310
5145 286 2  0.9306  0.6603  0.806667  6.95145e-310
edge_match: 
from 3 to 2 matchnode 96

96 2850 2  0.4554  0.5785  0.8  0
96 5145 2  0.7047  0.423  0.73  0
from 3 to 2 matchnode 286

286 2850 2  0.736  0.49  0.7  0
286 5145 2  0.474  0.4628  0.803333  0
edge_match: 
from 4 to 3 matchnode 118

118 96 2  0.7568  0.4312  0.84  1.34486e-311
118 286 2  0.6696  0.765  0.67  1.34486e-311
from 4 to 3 matchnode 511

511 96 2  0.4785  0.4628  0.806667  1.34486e-311
511 286 2  0.776  0.4947  0.776667  1.34486e-311

pattern answer10:
vertex1: 节点个数 1
5629 1 0.82
vertex2: 节点个数 2
2101 2 0.5
5203 2 0.88
vertex3: 节点个数 2
1971 3 0.6
2413 3 0.81
vertex4: 节点个数 2
118 4 0.84
511 4 0.74
edge_match: 
from 1 to 2 matchnode 5629

5629 2101 2  0.4756  0.6188  0.54  0
5629 5203 2  0.603  0.588  0.836667  0
from 1 to 3 matchnode 5629

5629 1971 2  0.67  0.5194  0.743333  1.34486e-311
5629 2413 1  0.67  0.98  0.815  1.34486e-311
edge_match: 
from 2 to 1 matchnode 2101

2101 5629 2  0.465  0.69  0.54  0
from 2 to 3 matchnode 2101

2101 1971 2  0.5106  0.7776  0.643333  1.34486e-311
2101 2413 2  0.7008  0.8918  0.686667  6.95145e-310
from 2 to 1 matchnode 5203

5203 5629 2  0.7372  0.697  0.57  0
from 2 to 3 matchnode 5203

5203 1971 2  0.71  0.5035  0.763333  1.34486e-311
5203 2413 1  0.71  0.95  0.845  6.95145e-310
edge_match: 
from 3 to 2 matchnode 1971

1971 2101 2  0.5074  0.546  0.6  0
1971 5203 1  0.63  0.55  0.74  0
from 3 to 2 matchnode 2413

2413 2101 2  0.624  0.6279  0.746667  1.34487e-311
2413 5203 1  0.9  0.6  0.845  1.34487e-311
edge_match: 
from 4 to 3 matchnode 118

118 1971 2  0.4824  0.612  0.656667  1.34486e-311
118 2413 2  0.8118  0.6402  0.743333  1.34486e-311
from 4 to 3 matchnode 511

511 1971 2  0.5187  0.49  0.78  1.34486e-311
511 2413 2  0.8008  0.5184  0.546667  1.34486e-311

pattern answer11:
vertex1: 节点个数 1
5831 1 0.69
vertex2: 节点个数 2
2346 2 0.93
2850 2 0.9
vertex3: 节点个数 2
286 3 0.64
1971 3 0.6
vertex4: 节点个数 2
118 4 0.84
511 4 0.74
edge_match: 
from 1 to 2 matchnode 5831

5831 2346 2  0.6864  0.5376  0.543333  0
5831 2850 2  0.414  0.427  0.716667  0
from 1 to 3 matchnode 5831

5831 286 2  0.4092  0.8245  0.62  1.34489e-311
5831 1971 2  0.6231  0.6534  0.446667  1.34489e-311
edge_match: 
from 2 to 1 matchnode 2346

2346 5831 2  0.426  0.4725  0.716667  1.34486e-311
from 2 to 3 matchnode 2346

2346 286 2  0.68  0.5551  0.816667  6.95145e-310
2346 1971 2  0.93  0.4582  0.513333  1.34486e-311
from 2 to 1 matchnode 2850

2850 5831 2  0.4968  0.6241  0.73  1.34486e-311
from 2 to 3 matchnode 2850

2850 286 2  0.92  0.7812  0.726667  6.95145e-310
2850 1971 2  0.8245  0.4268  0.683333  1.34486e-311
edge_match: 
from 3 to 2 matchnode 286

286 2346 2  0.47  0.42  0.56  0
286 2850 2  0.736  0.49  0.7  0
from 3 to 2 matchnode 1971

1971 2346 2  0.7998  0.4386  0.803333  0
1971 2850 2  0.8464  0.553  0.686667  0
edge_match: 
from 4 to 3 matchnode 118

118 286 2  0.6696  0.765  0.67  1.34486e-311
118 1971 2  0.4824  0.612  0.656667  1.34486e-311
from 4 to 3 matchnode 511

511 286 2  0.776  0.4947  0.776667  1.34486e-311
511 1971 2  0.5187  0.49  0.78  1.34486e-311

pattern answer12:
vertex1: 节点个数 1
5971 1 0.87
vertex2: 节点个数 2
3183 2 0.63
5966 2 0.69
vertex3: 节点个数 2
154 3 0.64
286 3 0.64
vertex4: 节点个数 2
88 4 0.42
118 4 0.84
edge_match: 
from 1 to 2 matchnode 5971

5971 3183 2  0.57  0.6536  0.75  0
5971 5966 2  0.801  0.6402  0.606667  0
from 1 to 3 matchnode 5971

5971 154 2  0.4248  0.468  0.593333  1.34489e-311
5971 286 2  0.7372  0.5504  0.753333  1.34489e-311
edge_match: 
from 2 to 1 matchnode 3183

3183 5971 2  0.6059  0.8352  0.59  2.8484e-312
from 2 to 3 matchnode 3183

3183 154 2  0.5256  0.5655  0.513333  1.34489e-311
3183 286 2  0.4059  0.7104  0.743333  6.95145e-310
from 2 to 1 matchnode 5966

5966 5971 2  0.4158  0.8272  0.833333  2.8484e-312
from 2 to 3 matchnode 5966

5966 154 2  0.7546  0.4275  0.573333  1.34489e-311
5966 286 2  0.504  0.5184  0.616667  6.95145e-310
edge_match: 
from 3 to 2 matchnode 154

154 3183 2  0.5074  0.462  0.563333  1.34487e-311
154 5966 2  0.4386  0.57  0.63  1.34487e-311
from 3 to 2 matchnode 286

286 3183 2  0.532  0.5796  0.43  0
286 5966 2  0.4606  0.7372  0.593333  0
edge_match: 
from 4 to 3 matchnode 88

88 154 1  0.9  0.52  0.53  1.34489e-311
88 286 2  0.9  0.4836  0.566667  1.34486e-311
from 4 to 3 matchnode 118

118 154 2  0.5146  0.4752  0.75  1.34489e-311
118 286 2  0.6696  0.765  0.67  1.34486e-311

pattern answer13:
vertex1: 节点个数 1
6746 1 0.71
vertex2: 节点个数 2
2346 2 0.93
7074 2 0.95
vertex3: 节点个数 2
5189 3 0.53
6674 3 0.82
vertex4: 节点个数 2
2583 4 0.71
7417 4 0.83
edge_match: 
from 1 to 2 matchnode 6746

6746 2346 2  0.423  0.5695  0.76  0
6746 7074 2  0.4559  0.5092  0.766667  0
from 1 to 3 matchnode 6746

6746 5189 2  0.624  0.6336  0.586667  1.34489e-311
6746 6674 2  0.8256  0.4608  0.683333  1.34489e-311
edge_match: 
from 2 to 1 matchnode 2346

2346 6746 2  0.6675  0.546  0.72  2.8484e-312
from 2 to 3 matchnode 2346

2346 5189 2  0.4875  0.572  0.66  1.34486e-311
2346 6674 2  0.645  0.416  0.756667  1.34486e-311
from 2 to 1 matchnode 7074

7074 6746 2  0.7832  0.6048  0.726667  2.8484e-312
from 2 to 3 matchnode 7074

7074 5189 2  0.572  0.6336  0.666667  1.34486e-311
7074 6674 2  0.7568  0.4608  0.763333  1.34486e-311
edge_match: 
from 3 to 2 matchnode 5189

5189 2346 2  0.432  0.8075  0.7  0
5189 7074 2  0.4656  0.722  0.706667  0
from 3 to 2 matchnode 6674

6674 2346 2  0.558  0.731  0.796667  1.34489e-311
6674 7074 2  0.6014  0.6536  0.803333  1.34489e-311
edge_match: 
from 4 to 3 matchnode 2583

2583 5189 2  0.6435  0.7128  0.586667  1.34489e-311
2583 6674 2  0.8514  0.5184  0.683333  1.34489e-311
from 4 to 3 matchnode 7417

7417 5189 2  0.4745  0.7656  0.626667  1.34489e-311
7417 6674 2  0.6278  0.5568  0.723333  1.34489e-311

pattern answer14:
vertex1: 节点个数 1
7064 1 0.46
vertex2: 节点个数 2
1221 2 0.98
2386 2 0.79
vertex3: 节点个数 2
533 3 0.99
2283 3 0.82
vertex4: 节点个数 2
821 4 0.83
1283 4 0.52
edge_match: 
from 1 to 2 matchnode 7064

7064 1221 2  0.7387  0.6083  0.81  0
7064 2386 2  0.4758  0.8372  0.503333  0
from 1 to 3 matchnode 7064

7064 533 1  0.89  0.79  0.725  1.34489e-311
7064 2283 2  0.4161  0.8118  0.57  1.34489e-311
edge_match: 
from 2 to 1 matchnode 1221

1221 7064 1  0.42  0.71  0.72  2.8484e-312
from 2 to 3 matchnode 1221

1221 533 2  0.5616  0.9408  0.953333  1.34486e-311
1221 2283 2  0.4816  0.4059  0.933333  1.34486e-311
from 2 to 1 matchnode 2386

2386 7064 2  0.6141  0.6375  0.566667  2.8484e-312
from 2 to 3 matchnode 2386

2386 533 2  0.6768  0.4608  0.86  1.34486e-311
2386 2283 2  0.8514  0.6237  0.87  1.34486e-311
edge_match: 
from 3 to 2 matchnode 533

533 1221 1  0.83  0.77  0.985  0
533 2386 2  0.4875  0.4366  0.623333  0
from 3 to 2 matchnode 2283

2283 1221 2  0.5751  0.9212  0.863333  0
2283 2386 2  0.782  0.4774  0.653333  0
edge_match: 
from 4 to 3 matchnode 821

821 533 2  0.4836  0.5475  0.656667  1.34486e-311
821 2283 2  0.7998  0.6237  0.883333  1.34486e-311
from 4 to 3 matchnode 1283

1283 533 2  0.4784  0.5632  0.666667  1.34486e-311
1283 2283 2  0.4928  0.5312  0.516667  1.34486e-311

pattern answer15:
vertex1: 节点个数 1
7311 1 0.6
vertex2: 节点个数 2
2386 2 0.79
2850 2 0.9
vertex3: 节点个数 2
96 3 0.69
1971 3 0.6
vertex4: 节点个数 2
118 4 0.84
511 4 0.74
edge_match: 
from 1 to 2 matchnode 7311

7311 2386 2  0.6072  0.5293  0.693333  0
7311 2850 2  0.8075  0.6106  0.783333  0
from 1 to 3 matchnode 7311

7311 96 2  0.4653  0.7047  0.75  1.34489e-311
7311 1971 2  0.665  0.5664  0.436667  1.34489e-311
edge_match: 
from 2 to 1 matchnode 2386

2386 7311 2  0.6072  0.5852  0.783333  1.34489e-311
from 2 to 3 matchnode 2386

2386 96 2  0.7326  0.6156  0.813333  6.95145e-310
2386 1971 2  0.5859  0.891  0.48  1.34486e-311
from 2 to 1 matchnode 2850

2850 7311 1  0.54  0.79  0.75  1.34489e-311
from 2 to 3 matchnode 2850

2850 96 2  0.434  0.442  0.53  6.95145e-310
2850 1971 2  0.8245  0.4268  0.683333  1.34486e-311
edge_match: 
from 3 to 2 matchnode 96

96 2386 2  0.5796  0.4428  0.813333  0
96 2850 2  0.4554  0.5785  0.8  0
from 3 to 2 matchnode 1971

1971 2386 2  0.5538  0.7728  0.55  0
1971 2850 2  0.8464  0.553  0.686667  0
edge_match: 
from 4 to 3 matchnode 118

118 96 2  0.7568  0.4312  0.84  1.34486e-311
118 1971 2  0.4824  0.612  0.656667  1.34486e-311
from 4 to 3 matchnode 511

511 96 2  0.4785  0.4628  0.806667  1.34486e-311
511 1971 2  0.5187  0.49  0.78  1.34486e-311

pattern answer16:
vertex1: 节点个数 1
7553 1 0.51
vertex2: 节点个数 2
2346 2 0.93
2419 2 0.62
vertex3: 节点个数 2
5189 3 0.53
6674 3 0.82
vertex4: 节点个数 2
2583 4 0.71
7417 4 0.83
edge_match: 
from 1 to 2 matchnode 7553

7553 2346 2  0.783  0.8075  0.693333  0
7553 2419 2  0.7395  0.5985  0.59  0
from 1 to 3 matchnode 7553

7553 5189 2  0.533  0.616  0.52  1.34489e-311
7553 6674 2  0.7052  0.448  0.616667  1.34489e-311
edge_match: 
from 2 to 1 matchnode 2346

2346 7553 2  0.6225  0.6305  0.653333  2.8484e-312
from 2 to 3 matchnode 2346

2346 5189 2  0.4875  0.572  0.66  1.34486e-311
2346 6674 2  0.645  0.416  0.756667  1.34486e-311
from 2 to 1 matchnode 2419

2419 7553 2  0.6557  0.8924  0.55  2.8484e-312
from 2 to 3 matchnode 2419

2419 5189 2  0.5135  0.8096  0.556667  1.34486e-311
2419 6674 2  0.6794  0.5888  0.653333  1.34486e-311
edge_match: 
from 3 to 2 matchnode 5189

5189 2346 2  0.432  0.8075  0.7  0
5189 2419 2  0.408  0.5985  0.596667  0
from 3 to 2 matchnode 6674

6674 2346 2  0.558  0.731  0.796667  1.34489e-311
6674 2419 2  0.527  0.5418  0.693333  1.34489e-311
edge_match: 
from 4 to 3 matchnode 2583

2583 5189 2  0.6435  0.7128  0.586667  1.34489e-311
2583 6674 2  0.8514  0.5184  0.683333  1.34489e-311
from 4 to 3 matchnode 7417

7417 5189 2  0.4745  0.7656  0.626667  1.34489e-311
7417 6674 2  0.6278  0.5568  0.723333  1.34489e-311

pattern answer17:
vertex1: 节点个数 1
10011 1 0.94
vertex2: 节点个数 2
2386 2 0.79
5611 2 0.96
vertex3: 节点个数 2
2283 3 0.82
2413 3 0.81
vertex4: 节点个数 2
473 4 0.43
511 4 0.74
edge_match: 
from 1 to 2 matchnode 10011

10011 2386 2  0.69  0.4559  0.713333  0
10011 5611 2  0.6486  0.8245  0.65  0
from 1 to 3 matchnode 10011

10011 2283 2  0.4218  0.546  0.883333  1.34489e-311
10011 2413 1  0.53  0.46  0.875  1.34489e-311
edge_match: 
from 2 to 1 matchnode 2386

2386 10011 2  0.4524  0.703  0.806667  2.8484e-312
from 2 to 3 matchnode 2386

2386 2283 2  0.8514  0.6237  0.87  1.34486e-311
2386 2413 2  0.5694  0.9506  0.783333  6.95145e-310
from 2 to 1 matchnode 5611

5611 10011 2  0.8924  0.6794  0.64  2.8484e-312
from 2 to 3 matchnode 5611

5611 2283 2  0.7227  0.6072  0.676667  1.34486e-311
5611 2413 2  0.6942  0.6734  0.606667  6.95145e-310
edge_match: 
from 3 to 2 matchnode 2283

2283 2386 2  0.782  0.4774  0.653333  0
2283 5611 2  0.6138  0.792  0.923333  0
from 3 to 2 matchnode 2413

2413 2386 1  0.88  0.63  0.8  1.34487e-311
2413 5611 1  0.47  0.9  0.885  1.34487e-311
edge_match: 
from 4 to 3 matchnode 473

473 2283 2  0.7308  0.696  0.616667  1.34486e-311
473 2413 2  0.7728  0.4352  0.613333  1.34486e-311
from 4 to 3 matchnode 511

511 2283 2  0.4902  0.99  0.853333  1.34486e-311
511 2413 2  0.8008  0.5184  0.546667  1.34486e-311

pattern answer18:
vertex1: 节点个数 1
11490 1 0.54
vertex2: 节点个数 2
3063 2 0.42
4323 2 0.94
vertex3: 节点个数 2
1067 3 0.61
6065 3 0.6
vertex4: 节点个数 2
88 4 0.42
3037 4 0.69
edge_match: 
from 1 to 2 matchnode 11490

11490 3063 2  0.4704  0.83  0.546667  0
11490 4323 2  0.5452  0.7029  0.82  0
from 1 to 3 matchnode 11490

11490 1067 2  0.4002  0.9306  0.71  1.34489e-311
11490 6065 2  0.801  0.5325  0.593333  1.34489e-311
edge_match: 
from 2 to 1 matchnode 3063

3063 11490 2  0.728  0.656  0.553333  0
from 2 to 3 matchnode 3063

3063 1067 2  0.574  0.774  0.426667  6.95145e-310
3063 6065 2  0.4356  0.41  0.533333  6.95145e-310
from 2 to 1 matchnode 4323

4323 11490 2  0.4116  0.846  0.75  0
from 2 to 3 matchnode 4323

4323 1067 2  0.4836  0.5808  0.63  6.95145e-310
4323 6065 2  0.679  0.4272  0.623333  6.95145e-310
edge_match: 
from 3 to 2 matchnode 1067

1067 3063 2  0.5226  0.7663  0.43  0
1067 4323 2  0.603  0.7857  0.603333  0
from 3 to 2 matchnode 6065

6065 3063 2  0.4992  0.7189  0.426667  1.34489e-311
6065 4323 2  0.576  0.7371  0.6  1.34489e-311
edge_match: 
from 4 to 3 matchnode 88

88 1067 2  0.6035  0.4576  0.526667  1.34489e-311
88 6065 2  0.5044  0.5293  0.646667  1.34486e-311
from 4 to 3 matchnode 3037

3037 1067 2  0.4092  0.4452  0.683333  1.34489e-311
3037 6065 2  0.4081  0.6534  0.453333  1.34486e-311

pattern answer19:
vertex1: 节点个数 1
12050 1 0.97
vertex2: 节点个数 2
2850 2 0.9
5203 2 0.88
vertex3: 节点个数 2
1971 3 0.6
2283 3 0.82
vertex4: 节点个数 2
511 4 0.74
850 4 0.51
edge_match: 
from 1 to 2 matchnode 12050

12050 2850 1  0.72  0.49  0.935  0
12050 5203 2  0.5922  0.7826  0.713333  0
from 1 to 3 matchnode 12050

12050 1971 2  0.4736  0.731  0.82  1.34489e-311
12050 2283 2  0.6912  0.4371  0.763333  1.34489e-311
edge_match: 
from 2 to 1 matchnode 2850

2850 12050 1  0.97  0.87  0.935  0
from 2 to 3 matchnode 2850

2850 1971 2  0.8245  0.4268  0.683333  1.34486e-311
2850 2283 2  0.5664  0.5264  0.586667  1.34486e-311
from 2 to 1 matchnode 5203

5203 12050 2  0.54  0.8463  0.783333  0
from 2 to 3 matchnode 5203

5203 1971 2  0.71  0.5035  0.763333  1.34486e-311
5203 2283 2  0.738  0.7568  0.683333  1.34486e-311
edge_match: 
from 3 to 2 matchnode 1971

1971 2850 2  0.8464  0.553  0.686667  0
1971 5203 1  0.63  0.55  0.74  0
from 3 to 2 matchnode 2283

2283 2850 2  0.4488  0.6688  0.87  0
2283 5203 2  0.448  0.8649  0.796667  0
edge_match: 
from 4 to 3 matchnode 511

511 1971 2  0.5187  0.49  0.78  1.34486e-311
511 2283 2  0.4902  0.99  0.853333  1.34486e-311
from 4 to 3 matchnode 850

850 1971 2  0.637  0.4557  0.703333  1.34486e-311
850 2283 2  0.602  0.9207  0.776667  1.34486e-311

pattern answer20:
vertex1: 节点个数 1
13325 1 0.71
vertex2: 节点个数 2
2850 2 0.9
5203 2 0.88
vertex3: 节点个数 2
286 3 0.64
2413 3 0.81
vertex4: 节点个数 2
118 4 0.84
473 4 0.43
edge_match: 
from 1 to 2 matchnode 13325

13325 2850 2  0.4704  0.5445  0.82  0
13325 5203 1  0.59  0.66  0.795  0
from 1 to 3 matchnode 13325

13325 286 2  0.472  0.6006  0.743333  1.34489e-311
13325 2413 2  0.4189  0.627  0.8  1.34489e-311
edge_match: 
from 2 to 1 matchnode 2850

2850 13325 2  0.6048  0.4324  0.666667  2.8484e-312
from 2 to 3 matchnode 2850

2850 286 2  0.92  0.7812  0.726667  6.95145e-310
2850 2413 1  0.65  0.54  0.855  6.95145e-310
from 2 to 1 matchnode 5203

5203 13325 1  0.76  0.49  0.795  2.8484e-312
from 2 to 3 matchnode 5203

5203 286 1  0.8  0.91  0.76  6.95145e-310
5203 2413 1  0.71  0.95  0.845  6.95145e-310
edge_match: 
from 3 to 2 matchnode 286

286 2850 2  0.736  0.49  0.7  0
286 5203 1  0.78  0.82  0.76  0
from 3 to 2 matchnode 2413

2413 2850 2  0.6324  0.6232  0.866667  1.34487e-311
2413 5203 1  0.9  0.6  0.845  1.34487e-311
edge_match: 
from 4 to 3 matchnode 118

118 286 2  0.6696  0.765  0.67  1.34486e-311
118 2413 2  0.8118  0.6402  0.743333  1.34486e-311
from 4 to 3 matchnode 473

473 286 2  0.6  0.8184  0.57  1.34486e-311
473 2413 2  0.7728  0.4352  0.613333  1.34486e-311

