pattern answer1:
vertex1: 节点个数 1
30 1 0.47
vertex2: 节点个数 2
63 2 0.52
101 2 0.35
vertex3: 节点个数 2
49 3 0.97
74 3 0.81
vertex4: 节点个数 2
21 4 0.45
38 4 0.42
edge_match: 
from 1 to 2 matchnode 30

30 63 2  0.8316  0.5452  0.38  0
30 101 2  0.5576  0.6603  0.57  0
from 1 to 3 matchnode 30

30 49 2  0.7553  0.5162  0.726667  8.36742e-312
30 74 2  0.598  0.7626  0.746667  8.36742e-312
edge_match: 
from 2 to 1 matchnode 63

63 30 2  0.534  0.7533  0.5  0
from 2 to 3 matchnode 63

63 49 2  0.6622  0.48  0.646667  6.95151e-310
63 74 2  0.779  0.5544  0.606667  8.3674e-312
from 2 to 1 matchnode 101

101 30 1  0.98  0.85  0.41  0
from 2 to 3 matchnode 101

101 49 2  0.5916  0.6035  0.45  6.95151e-310
101 74 2  0.7708  0.741  0.563333  8.3674e-312
edge_match: 
from 3 to 2 matchnode 49

49 63 2  0.3362  0.6417  0.726667  0
49 101 2  0.598  0.588  0.58  0
from 3 to 2 matchnode 74

74 63 2  0.7905  0.8134  0.6  0
74 101 2  0.4845  0.9114  0.543333  0
edge_match: 
from 4 to 3 matchnode 21

21 49 2  0.3492  0.8928  0.633333  0
21 74 2  0.9405  0.4536  0.483333  8.36723e-312
from 4 to 3 matchnode 38

38 49 2  0.5016  0.5073  0.733333  0
38 74 2  0.585  0.6975  0.73  8.36723e-312

pattern answer2:
vertex1: 节点个数 1
31 1 0.42
vertex2: 节点个数 2
63 2 0.52
101 2 0.35
vertex3: 节点个数 2
49 3 0.97
74 3 0.81
vertex4: 节点个数 2
21 4 0.45
38 4 0.42
edge_match: 
from 1 to 2 matchnode 31

31 63 2  0.8649  0.7968  0.47  0
31 101 2  0.9216  0.42  0.546667  0
from 1 to 3 matchnode 31

31 49 2  0.7857  0.5952  0.623333  8.36742e-312
31 74 2  0.8556  0.7968  0.566667  8.36742e-312
edge_match: 
from 2 to 1 matchnode 63

63 31 2  0.8455  0.7998  0.483333  6.95335e-310
from 2 to 3 matchnode 63

63 49 2  0.6622  0.48  0.646667  6.95151e-310
63 74 2  0.779  0.5544  0.606667  8.3674e-312
from 2 to 1 matchnode 101

101 31 2  0.6958  0.4902  0.543333  6.95335e-310
from 2 to 3 matchnode 101

101 49 2  0.5916  0.6035  0.45  6.95151e-310
101 74 2  0.7708  0.741  0.563333  8.3674e-312
edge_match: 
from 3 to 2 matchnode 49

49 63 2  0.3362  0.6417  0.726667  0
49 101 2  0.598  0.588  0.58  0
from 3 to 2 matchnode 74

74 63 2  0.7905  0.8134  0.6  0
74 101 2  0.4845  0.9114  0.543333  0
edge_match: 
from 4 to 3 matchnode 21

21 49 2  0.3492  0.8928  0.633333  0
21 74 2  0.9405  0.4536  0.483333  8.36723e-312
from 4 to 3 matchnode 38

38 49 2  0.5016  0.5073  0.733333  0
38 74 2  0.585  0.6975  0.73  8.36723e-312

pattern answer3:
vertex1: 节点个数 1
41 1 0.57
vertex2: 节点个数 2
63 2 0.52
101 2 0.35
vertex3: 节点个数 2
49 3 0.97
74 3 0.81
vertex4: 节点个数 2
21 4 0.45
38 4 0.42
edge_match: 
from 1 to 2 matchnode 41

41 63 2  0.4464  0.5568  0.653333  0
41 101 2  0.5952  0.609  0.596667  0
from 1 to 3 matchnode 41

41 49 2  0.434  0.6177  0.803333  8.36742e-312
41 74 1  0.97  0.65  0.69  8.36742e-312
edge_match: 
from 2 to 1 matchnode 63

63 41 2  0.7252  0.63  0.443333  6.95335e-310
from 2 to 3 matchnode 63

63 49 2  0.6622  0.48  0.646667  6.95151e-310
63 74 2  0.779  0.5544  0.606667  8.3674e-312
from 2 to 1 matchnode 101

101 41 2  0.3596  0.3315  0.52  6.95335e-310
from 2 to 3 matchnode 101

101 49 2  0.5916  0.6035  0.45  6.95151e-310
101 74 2  0.7708  0.741  0.563333  8.3674e-312
edge_match: 
from 3 to 2 matchnode 49

49 63 2  0.3362  0.6417  0.726667  0
49 101 2  0.598  0.588  0.58  0
from 3 to 2 matchnode 74

74 63 2  0.7905  0.8134  0.6  0
74 101 2  0.4845  0.9114  0.543333  0
edge_match: 
from 4 to 3 matchnode 21

21 49 2  0.3492  0.8928  0.633333  0
21 74 2  0.9405  0.4536  0.483333  8.36723e-312
from 4 to 3 matchnode 38

38 49 2  0.5016  0.5073  0.733333  0
38 74 2  0.585  0.6975  0.73  8.36723e-312

pattern answer4:
vertex1: 节点个数 1
44 1 0.9
vertex2: 节点个数 2
63 2 0.52
101 2 0.35
vertex3: 节点个数 2
49 3 0.97
74 3 0.81
vertex4: 节点个数 2
21 4 0.45
38 4 0.42
edge_match: 
from 1 to 2 matchnode 44

44 63 2  0.8649  0.581  0.63  0
44 101 2  0.836  0.4484  0.63  0
from 1 to 3 matchnode 44

44 49 1  0.53  0.83  0.935  8.36728e-312
44 74 1  0.97  0.5  0.855  8.36728e-312
edge_match: 
from 2 to 1 matchnode 63

63 44 2  0.7938  0.6039  0.806667  6.95335e-310
from 2 to 3 matchnode 63

63 49 2  0.6622  0.48  0.646667  6.95151e-310
63 74 2  0.779  0.5544  0.606667  8.3674e-312
from 2 to 1 matchnode 101

101 44 2  0.7553  0.3542  0.646667  6.95335e-310
from 2 to 3 matchnode 101

101 49 2  0.5916  0.6035  0.45  6.95151e-310
101 74 2  0.7708  0.741  0.563333  8.3674e-312
edge_match: 
from 3 to 2 matchnode 49

49 63 2  0.3362  0.6417  0.726667  0
49 101 2  0.598  0.588  0.58  0
from 3 to 2 matchnode 74

74 63 2  0.7905  0.8134  0.6  0
74 101 2  0.4845  0.9114  0.543333  0
edge_match: 
from 4 to 3 matchnode 21

21 49 2  0.3492  0.8928  0.633333  0
21 74 2  0.9405  0.4536  0.483333  8.36723e-312
from 4 to 3 matchnode 38

38 49 2  0.5016  0.5073  0.733333  0
38 74 2  0.585  0.6975  0.73  8.36723e-312

pattern answer5:
vertex1: 节点个数 1
46 1 0.8
vertex2: 节点个数 2
101 2 0.35
719 2 0.98
vertex3: 节点个数 2
49 3 0.97
74 3 0.81
vertex4: 节点个数 2
21 4 0.45
38 4 0.42
edge_match: 
from 1 to 2 matchnode 46

46 101 2  0.6688  0.6816  0.49  0
46 719 1  0.95  0.67  0.89  0
from 1 to 3 matchnode 46

46 49 1  0.59  0.63  0.885  8.36723e-312
46 74 2  0.8514  0.363  0.633333  8.36723e-312
edge_match: 
from 2 to 1 matchnode 101

101 46 2  0.5551  0.5852  0.613333  6.95335e-310
from 2 to 3 matchnode 101

101 49 2  0.5916  0.6035  0.45  6.95151e-310
101 74 2  0.7708  0.741  0.563333  8.3674e-312
from 2 to 1 matchnode 719

719 46 2  0.4026  0.7524  0.823333  6.95335e-310
from 2 to 3 matchnode 719

719 49 2  0.392  0.8316  0.723333  6.95151e-310
719 74 2  0.481  0.7068  0.916667  8.3674e-312
edge_match: 
from 3 to 2 matchnode 49

49 101 2  0.598  0.588  0.58  0
49 719 2  0.456  0.6164  0.916667  0
from 3 to 2 matchnode 74

74 101 2  0.4845  0.9114  0.543333  0
74 719 2  0.7238  0.738  0.783333  0
edge_match: 
from 4 to 3 matchnode 21

21 49 2  0.3492  0.8928  0.633333  0
21 74 2  0.9405  0.4536  0.483333  8.36723e-312
from 4 to 3 matchnode 38

38 49 2  0.5016  0.5073  0.733333  0
38 74 2  0.585  0.6975  0.73  8.36723e-312

pattern answer6:
vertex1: 节点个数 1
62 1 0.39
vertex2: 节点个数 2
724 2 0.42
5845 2 0.83
vertex3: 节点个数 2
848 3 0.35
1613 3 0.68
vertex4: 节点个数 2
21 4 0.45
32 4 0.54
edge_match: 
from 1 to 2 matchnode 62

62 724 2  0.507  0.6318  0.386667  0
62 5845 2  0.7098  0.7722  0.523333  0
from 1 to 3 matchnode 62

62 848 1  0.78  0.78  0.37  8.36732e-312
62 1613 2  0.8272  0.4623  0.413333  8.36732e-312
edge_match: 
from 2 to 1 matchnode 724

724 62 2  0.6975  0.5016  0.386667  6.95335e-310
from 2 to 3 matchnode 724

724 848 1  0.93  0.66  0.385  6.95151e-310
724 1613 2  0.5251  0.5082  0.41  8.36741e-312
from 2 to 1 matchnode 5845

5845 62 2  0.51  0.304  0.523333  6.95335e-310
from 2 to 3 matchnode 5845

5845 848 1  0.68  0.4  0.59  6.95151e-310
5845 1613 2  0.4828  0.4779  0.813333  8.36741e-312
edge_match: 
from 3 to 2 matchnode 848

848 724 1  0.65  0.81  0.385  0
848 5845 1  0.91  0.99  0.59  0
from 3 to 2 matchnode 1613

1613 724 2  0.5727  0.3705  0.443333  8.3674e-312
1613 5845 2  0.5096  0.3762  0.62  8.3674e-312
edge_match: 
from 4 to 3 matchnode 21

21 848 2  0.38  0.4012  0.433333  8.36741e-312
21 1613 2  0.4473  0.798  0.493333  8.36742e-312
from 4 to 3 matchnode 32

32 848 2  0.4418  0.94  0.383333  8.36741e-312
32 1613 2  0.4794  0.342  0.64  8.36742e-312

pattern answer7:
vertex1: 节点个数 1
83 1 0.86
vertex2: 节点个数 2
63 2 0.52
101 2 0.35
vertex3: 节点个数 2
49 3 0.97
74 3 0.81
vertex4: 节点个数 2
21 4 0.45
38 4 0.42
edge_match: 
from 1 to 2 matchnode 83

83 63 2  0.6984  0.5016  0.743333  0
83 101 1  0.85  0.72  0.605  0
from 1 to 3 matchnode 83

83 49 2  0.9504  0.462  0.93  8.36742e-312
83 74 1  0.45  0.73  0.835  8.36742e-312
edge_match: 
from 2 to 1 matchnode 63

63 83 2  0.7663  0.4088  0.73  6.95335e-310
from 2 to 3 matchnode 63

63 49 2  0.6622  0.48  0.646667  6.95151e-310
63 74 2  0.779  0.5544  0.606667  8.3674e-312
from 2 to 1 matchnode 101

101 83 1  0.98  0.86  0.605  6.95335e-310
from 2 to 3 matchnode 101

101 49 2  0.5916  0.6035  0.45  6.95151e-310
101 74 2  0.7708  0.741  0.563333  8.3674e-312
edge_match: 
from 3 to 2 matchnode 49

49 63 2  0.3362  0.6417  0.726667  0
49 101 2  0.598  0.588  0.58  0
from 3 to 2 matchnode 74

74 63 2  0.7905  0.8134  0.6  0
74 101 2  0.4845  0.9114  0.543333  0
edge_match: 
from 4 to 3 matchnode 21

21 49 2  0.3492  0.8928  0.633333  0
21 74 2  0.9405  0.4536  0.483333  8.36723e-312
from 4 to 3 matchnode 38

38 49 2  0.5016  0.5073  0.733333  0
38 74 2  0.585  0.6975  0.73  8.36723e-312

pattern answer8:
vertex1: 节点个数 1
203 1 0.97
vertex2: 节点个数 2
101 2 0.35
918 2 0.6
vertex3: 节点个数 2
49 3 0.97
74 3 0.81
vertex4: 节点个数 2
21 4 0.45
38 4 0.42
edge_match: 
from 1 to 2 matchnode 203

203 101 2  0.9306  0.3534  0.45  0
203 918 2  0.623  0.4712  0.683333  0
from 1 to 3 matchnode 203

203 49 2  0.3608  0.8544  0.916667  8.3674e-312
203 74 2  0.6351  0.5551  0.86  8.3674e-312
edge_match: 
from 2 to 1 matchnode 101

101 203 2  0.756  0.4418  0.686667  6.95335e-310
from 2 to 3 matchnode 101

101 49 2  0.5916  0.6035  0.45  6.95151e-310
101 74 2  0.7708  0.741  0.563333  8.3674e-312
from 2 to 1 matchnode 918

918 203 2  0.714  0.6768  0.77  6.95335e-310
from 2 to 3 matchnode 918

918 49 2  0.729  0.4929  0.696667  6.95151e-310
918 74 2  0.7553  0.304  0.663333  8.3674e-312
edge_match: 
from 3 to 2 matchnode 49

49 101 2  0.598  0.588  0.58  0
49 918 2  0.5084  0.6417  0.806667  0
from 3 to 2 matchnode 74

74 101 2  0.4845  0.9114  0.543333  0
74 918 2  0.8455  0.6804  0.76  0
edge_match: 
from 4 to 3 matchnode 21

21 49 2  0.3492  0.8928  0.633333  0
21 74 2  0.9405  0.4536  0.483333  8.36723e-312
from 4 to 3 matchnode 38

38 49 2  0.5016  0.5073  0.733333  0
38 74 2  0.585  0.6975  0.73  8.36723e-312

pattern answer9:
vertex1: 节点个数 1
228 1 0.7
vertex2: 节点个数 2
42 2 0.51
1285 2 0.4
vertex3: 节点个数 2
175 3 0.72
2034 3 0.74
vertex4: 节点个数 2
75 4 0.54
210 4 0.82
edge_match: 
from 1 to 2 matchnode 228

228 42 2  0.8008  0.7568  0.566667  0
228 1285 2  0.3104  0.5632  0.61  0
from 1 to 3 matchnode 228

228 175 2  0.3397  0.5822  0.633333  8.36742e-312
228 2034 2  0.4745  0.336  0.77  8.36742e-312
edge_match: 
from 2 to 1 matchnode 42

42 228 2  0.6468  0.4366  0.453333  6.95335e-310
from 2 to 3 matchnode 42

42 175 2  0.5546  0.536  0.7  6.95151e-310
42 2034 2  0.6862  0.469  0.706667  8.36725e-312
from 2 to 1 matchnode 1285

1285 228 2  0.6552  0.4988  0.593333  6.95335e-310
from 2 to 3 matchnode 1285

1285 175 2  0.6474  0.4851  0.7  6.95151e-310
1285 2034 2  0.6552  0.568  0.5  8.36725e-312
edge_match: 
from 3 to 2 matchnode 175

175 42 2  0.3526  0.5244  0.49  0
175 1285 2  0.7954  0.352  0.663333  0
from 3 to 2 matchnode 2034

2034 42 2  0.6958  0.45  0.453333  8.36725e-312
2034 1285 2  0.4118  0.51  0.416667  8.36725e-312
edge_match: 
from 4 to 3 matchnode 75

75 175 2  0.553  0.3362  0.58  8.36728e-312
75 2034 2  0.5915  0.5467  0.546667  8.36725e-312
from 4 to 3 matchnode 210

210 175 2  0.4248  0.76  0.803333  8.36728e-312
210 2034 2  0.5256  0.665  0.81  8.36725e-312

pattern answer10:
vertex1: 节点个数 1
335 1 0.44
vertex2: 节点个数 2
63 2 0.52
101 2 0.35
vertex3: 节点个数 2
49 3 0.97
74 3 0.81
vertex4: 节点个数 2
21 4 0.45
38 4 0.42
edge_match: 
from 1 to 2 matchnode 335

335 63 2  0.5548  0.3234  0.383333  0
335 101 2  0.442  0.4248  0.55  0
from 1 to 3 matchnode 335

335 49 2  0.9207  0.645  0.54  8.36723e-312
335 74 2  0.7007  0.4845  0.503333  8.36723e-312
edge_match: 
from 2 to 1 matchnode 63

63 335 2  0.3465  0.7735  0.56  6.95335e-310
from 2 to 3 matchnode 63

63 49 2  0.6622  0.48  0.646667  6.95151e-310
63 74 2  0.779  0.5544  0.606667  8.3674e-312
from 2 to 1 matchnode 101

101 335 2  0.8554  0.6314  0.493333  6.95335e-310
from 2 to 3 matchnode 101

101 49 2  0.5916  0.6035  0.45  6.95151e-310
101 74 2  0.7708  0.741  0.563333  8.3674e-312
edge_match: 
from 3 to 2 matchnode 49

49 63 2  0.3362  0.6417  0.726667  0
49 101 2  0.598  0.588  0.58  0
from 3 to 2 matchnode 74

74 63 2  0.7905  0.8134  0.6  0
74 101 2  0.4845  0.9114  0.543333  0
edge_match: 
from 4 to 3 matchnode 21

21 49 2  0.3492  0.8928  0.633333  0
21 74 2  0.9405  0.4536  0.483333  8.36723e-312
from 4 to 3 matchnode 38

38 49 2  0.5016  0.5073  0.733333  0
38 74 2  0.585  0.6975  0.73  8.36723e-312

pattern answer11:
vertex1: 节点个数 1
367 1 0.31
vertex2: 节点个数 2
63 2 0.52
101 2 0.35
vertex3: 节点个数 2
49 3 0.97
74 3 0.81
vertex4: 节点个数 2
21 4 0.45
38 4 0.42
edge_match: 
from 1 to 2 matchnode 367

367 63 2  0.6048  0.6016  0.566667  0
367 101 2  0.8064  0.658  0.51  0
from 1 to 3 matchnode 367

367 49 2  0.588  0.6674  0.716667  8.36742e-312
367 74 2  0.6552  0.7426  0.663333  8.36742e-312
edge_match: 
from 2 to 1 matchnode 63

63 367 2  0.3267  0.6468  0.61  6.95335e-310
from 2 to 3 matchnode 63

63 49 2  0.6622  0.48  0.646667  6.95151e-310
63 74 2  0.779  0.5544  0.606667  8.3674e-312
from 2 to 1 matchnode 101

101 367 2  0.735  0.7395  0.376667  6.95335e-310
from 2 to 3 matchnode 101

101 49 2  0.5916  0.6035  0.45  6.95151e-310
101 74 2  0.7708  0.741  0.563333  8.3674e-312
edge_match: 
from 3 to 2 matchnode 49

49 63 2  0.3362  0.6417  0.726667  0
49 101 2  0.598  0.588  0.58  0
from 3 to 2 matchnode 74

74 63 2  0.7905  0.8134  0.6  0
74 101 2  0.4845  0.9114  0.543333  0
edge_match: 
from 4 to 3 matchnode 21

21 49 2  0.3492  0.8928  0.633333  0
21 74 2  0.9405  0.4536  0.483333  8.36723e-312
from 4 to 3 matchnode 38

38 49 2  0.5016  0.5073  0.733333  0
38 74 2  0.585  0.6975  0.73  8.36723e-312

pattern answer12:
vertex1: 节点个数 1
416 1 0.55
vertex2: 节点个数 2
101 2 0.35
137 2 0.75
vertex3: 节点个数 2
49 3 0.97
74 3 0.81
vertex4: 节点个数 2
21 4 0.45
38 4 0.42
edge_match: 
from 1 to 2 matchnode 416

416 101 2  0.855  0.4536  0.546667  0
416 137 2  0.828  0.3564  0.68  0
from 1 to 3 matchnode 416

416 49 2  0.301  0.3481  0.776667  8.36742e-312
416 74 2  0.855  0.3618  0.74  8.36742e-312
edge_match: 
from 2 to 1 matchnode 101

101 416 2  0.391  0.3575  0.36  9.17379e-313
from 2 to 3 matchnode 101

101 49 2  0.5916  0.6035  0.45  6.95151e-310
101 74 2  0.7708  0.741  0.563333  8.3674e-312
from 2 to 1 matchnode 137

137 416 2  0.5859  0.609  0.76  9.17379e-313
from 2 to 3 matchnode 137

137 49 2  0.3542  0.648  0.723333  6.95151e-310
137 74 2  0.8455  0.54  0.806667  8.3674e-312
edge_match: 
from 3 to 2 matchnode 49

49 101 2  0.598  0.588  0.58  0
49 137 2  0.3953  0.4524  0.9  0
from 3 to 2 matchnode 74

74 101 2  0.4845  0.9114  0.543333  0
74 137 2  0.3311  0.5607  0.706667  0
edge_match: 
from 4 to 3 matchnode 21

21 49 2  0.3492  0.8928  0.633333  0
21 74 2  0.9405  0.4536  0.483333  8.36723e-312
from 4 to 3 matchnode 38

38 49 2  0.5016  0.5073  0.733333  0
38 74 2  0.585  0.6975  0.73  8.36723e-312

pattern answer13:
vertex1: 节点个数 1
443 1 0.87
vertex2: 节点个数 2
63 2 0.52
101 2 0.35
vertex3: 节点个数 2
49 3 0.97
74 3 0.81
vertex4: 节点个数 2
21 4 0.45
38 4 0.42
edge_match: 
from 1 to 2 matchnode 443

443 63 2  0.485  0.8624  0.746667  0
443 101 2  0.95  0.544  0.573333  0
from 1 to 3 matchnode 443

443 49 2  0.5332  0.551  0.86  8.36742e-312
443 74 2  0.4641  0.7298  0.806667  8.36742e-312
edge_match: 
from 2 to 1 matchnode 63

63 443 1  0.87  0.34  0.695  6.95335e-310
from 2 to 3 matchnode 63

63 49 2  0.6622  0.48  0.646667  6.95151e-310
63 74 2  0.779  0.5544  0.606667  8.3674e-312
from 2 to 1 matchnode 101

101 443 2  0.5684  0.612  0.563333  6.95335e-310
from 2 to 3 matchnode 101

101 49 2  0.5916  0.6035  0.45  6.95151e-310
101 74 2  0.7708  0.741  0.563333  8.3674e-312
edge_match: 
from 3 to 2 matchnode 49

49 63 2  0.3362  0.6417  0.726667  0
49 101 2  0.598  0.588  0.58  0
from 3 to 2 matchnode 74

74 63 2  0.7905  0.8134  0.6  0
74 101 2  0.4845  0.9114  0.543333  0
edge_match: 
from 4 to 3 matchnode 21

21 49 2  0.3492  0.8928  0.633333  0
21 74 2  0.9405  0.4536  0.483333  8.36723e-312
from 4 to 3 matchnode 38

38 49 2  0.5016  0.5073  0.733333  0
38 74 2  0.585  0.6975  0.73  8.36723e-312

pattern answer14:
vertex1: 节点个数 1
444 1 0.54
vertex2: 节点个数 2
120 2 0.42
137 2 0.75
vertex3: 节点个数 2
74 3 0.81
128 3 0.3
vertex4: 节点个数 2
21 4 0.45
67 4 0.78
edge_match: 
from 1 to 2 matchnode 444

444 120 2  0.3108  0.36  0.49  0
444 137 2  0.3068  0.5307  0.756667  0
from 1 to 3 matchnode 444

444 74 2  0.414  0.7544  0.69  8.36726e-312
444 128 2  0.819  0.7224  0.57  8.36726e-312
edge_match: 
from 2 to 1 matchnode 120

120 444 2  0.621  0.4048  0.616667  6.95335e-310
from 2 to 3 matchnode 120

120 74 2  0.8277  0.6586  0.733333  8.3674e-312
120 128 2  0.45  0.5236  0.403333  6.95151e-310
from 2 to 1 matchnode 137

137 444 2  0.3999  0.87  0.756667  6.95335e-310
from 2 to 3 matchnode 137

137 74 2  0.8455  0.54  0.806667  8.3674e-312
137 128 2  0.7488  0.8245  0.426667  6.95151e-310
edge_match: 
from 3 to 2 matchnode 74

74 120 2  0.697  0.8036  0.566667  0
74 137 2  0.3311  0.5607  0.706667  0
from 3 to 2 matchnode 128

128 120 2  0.3034  0.3822  0.353333  0
128 137 2  0.7371  0.37  0.636667  0
edge_match: 
from 4 to 3 matchnode 21

21 74 2  0.9405  0.4536  0.483333  8.36723e-312
21 128 2  0.5727  0.37  0.406667  8.36741e-312
from 4 to 3 matchnode 67

67 74 2  0.549  0.3999  0.786667  8.36723e-312
67 128 2  0.6916  0.756  0.65  8.36741e-312

pattern answer15:
vertex1: 节点个数 1
541 1 0.47
vertex2: 节点个数 2
100 2 0.89
558 2 0.42
vertex3: 节点个数 2
74 3 0.81
175 3 0.72
vertex4: 节点个数 2
21 4 0.45
38 4 0.42
edge_match: 
from 1 to 2 matchnode 541

541 100 2  0.4977  0.7425  0.61  0
541 558 2  0.4929  0.3264  0.576667  0
from 1 to 3 matchnode 541

541 74 2  0.8633  0.3648  0.553333  8.3674e-312
541 175 2  0.4154  0.3245  0.66  8.3674e-312
edge_match: 
from 2 to 1 matchnode 100

100 541 2  0.4416  0.6141  0.636667  9.17379e-313
from 2 to 3 matchnode 100

100 74 2  0.836  0.8036  0.893333  8.3674e-312
100 175 2  0.395  0.7462  0.696667  6.95151e-310
from 2 to 1 matchnode 558

558 541 2  0.3395  0.6336  0.586667  9.17379e-313
from 2 to 3 matchnode 558

558 74 2  0.5544  0.469  0.423333  8.3674e-312
558 175 2  0.3871  0.8036  0.54  6.95151e-310
edge_match: 
from 3 to 2 matchnode 74

74 100 2  0.7347  0.5325  0.723333  0
74 558 2  0.6499  0.3627  0.7  0
from 3 to 2 matchnode 175

175 100 2  0.7392  0.6208  0.566667  0
175 558 2  0.621  0.4526  0.65  0
edge_match: 
from 4 to 3 matchnode 21

21 74 2  0.9405  0.4536  0.483333  8.36723e-312
21 175 2  0.498  0.5103  0.716667  8.36728e-312
from 4 to 3 matchnode 38

38 74 2  0.585  0.6975  0.73  8.36723e-312
38 175 2  0.8134  0.42  0.433333  8.36728e-312

pattern answer16:
vertex1: 节点个数 1
549 1 0.53
vertex2: 节点个数 2
63 2 0.52
101 2 0.35
vertex3: 节点个数 2
49 3 0.97
74 3 0.81
vertex4: 节点个数 2
21 4 0.45
38 4 0.42
edge_match: 
from 1 to 2 matchnode 549

549 63 2  0.4453  0.5621  0.413333  0
549 101 1  0.85  0.66  0.44  0
from 1 to 3 matchnode 549

549 49 1  0.98  0.8  0.75  8.36742e-312
549 74 1  1  0.78  0.67  8.36742e-312
edge_match: 
from 2 to 1 matchnode 63

63 549 2  0.4256  0.6853  0.553333  8.36723e-312
from 2 to 3 matchnode 63

63 49 2  0.6622  0.48  0.646667  6.95151e-310
63 74 2  0.779  0.5544  0.606667  8.3674e-312
from 2 to 1 matchnode 101

101 549 2  0.365  0.6624  0.576667  8.36723e-312
from 2 to 3 matchnode 101

101 49 2  0.5916  0.6035  0.45  6.95151e-310
101 74 2  0.7708  0.741  0.563333  8.3674e-312
edge_match: 
from 3 to 2 matchnode 49

49 63 2  0.3362  0.6417  0.726667  0
49 101 2  0.598  0.588  0.58  0
from 3 to 2 matchnode 74

74 63 2  0.7905  0.8134  0.6  0
74 101 2  0.4845  0.9114  0.543333  0
edge_match: 
from 4 to 3 matchnode 21

21 49 2  0.3492  0.8928  0.633333  0
21 74 2  0.9405  0.4536  0.483333  8.36723e-312
from 4 to 3 matchnode 38

38 49 2  0.5016  0.5073  0.733333  0
38 74 2  0.585  0.6975  0.73  8.36723e-312

pattern answer17:
vertex1: 节点个数 1
618 1 0.39
vertex2: 节点个数 2
63 2 0.52
101 2 0.35
vertex3: 节点个数 2
49 3 0.97
74 3 0.81
vertex4: 节点个数 2
21 4 0.45
38 4 0.42
edge_match: 
from 1 to 2 matchnode 618

618 63 2  0.3233  0.4418  0.543333  0
618 101 2  0.4941  0.4802  0.376667  0
from 1 to 3 matchnode 618

618 49 2  0.612  0.363  0.656667  8.36742e-312
618 74 2  0.5394  0.8415  0.57  8.36742e-312
edge_match: 
from 2 to 1 matchnode 63

63 618 1  0.42  0.37  0.455  1.8605e-310
from 2 to 3 matchnode 63

63 49 2  0.6622  0.48  0.646667  6.95151e-310
63 74 2  0.779  0.5544  0.606667  8.3674e-312
from 2 to 1 matchnode 101

101 618 2  0.6794  0.3744  0.516667  1.8605e-310
from 2 to 3 matchnode 101

101 49 2  0.5916  0.6035  0.45  6.95151e-310
101 74 2  0.7708  0.741  0.563333  8.3674e-312
edge_match: 
from 3 to 2 matchnode 49

49 63 2  0.3362  0.6417  0.726667  0
49 101 2  0.598  0.588  0.58  0
from 3 to 2 matchnode 74

74 63 2  0.7905  0.8134  0.6  0
74 101 2  0.4845  0.9114  0.543333  0
edge_match: 
from 4 to 3 matchnode 21

21 49 2  0.3492  0.8928  0.633333  0
21 74 2  0.9405  0.4536  0.483333  8.36723e-312
from 4 to 3 matchnode 38

38 49 2  0.5016  0.5073  0.733333  0
38 74 2  0.585  0.6975  0.73  8.36723e-312

pattern answer18:
vertex1: 节点个数 1
665 1 0.71
vertex2: 节点个数 2
100 2 0.89
120 2 0.42
vertex3: 节点个数 2
74 3 0.81
653 3 0.8
vertex4: 节点个数 2
21 4 0.45
38 4 0.42
edge_match: 
from 1 to 2 matchnode 665

665 100 2  0.602  0.4466  0.63  0
665 120 2  0.4472  0.3795  0.393333  0
from 1 to 3 matchnode 665

665 74 2  0.6536  0.5336  0.603333  8.36742e-312
665 653 2  0.3591  0.3008  0.743333  8.36742e-312
edge_match: 
from 2 to 1 matchnode 100

100 665 2  0.3534  0.4928  0.69  0
from 2 to 3 matchnode 100

100 74 2  0.836  0.8036  0.893333  8.3674e-312
100 653 2  0.9405  0.782  0.793333  8.36725e-312
from 2 to 1 matchnode 120

120 665 2  0.4484  0.4225  0.666667  0
from 2 to 3 matchnode 120

120 74 2  0.8277  0.6586  0.733333  8.3674e-312
120 653 1  0.66  0.8  0.61  8.36725e-312
edge_match: 
from 3 to 2 matchnode 74

74 100 2  0.7347  0.5325  0.723333  0
74 120 2  0.697  0.8036  0.566667  0
from 3 to 2 matchnode 653

653 100 2  0.837  0.4784  0.703333  8.36742e-312
653 120 2  0.782  0.5504  0.733333  8.36742e-312
edge_match: 
from 4 to 3 matchnode 21

21 74 2  0.9405  0.4536  0.483333  8.36723e-312
21 653 2  0.3741  0.4171  0.706667  8.36742e-312
from 4 to 3 matchnode 38

38 74 2  0.585  0.6975  0.73  8.36723e-312
38 653 2  0.3115  0.3483  0.58  8.36742e-312

pattern answer19:
vertex1: 节点个数 1
745 1 0.67
vertex2: 节点个数 2
100 2 0.89
429 2 0.51
vertex3: 节点个数 2
74 3 0.81
380 3 0.91
vertex4: 节点个数 2
21 4 0.45
75 4 0.54
edge_match: 
from 1 to 2 matchnode 745

745 100 2  0.305  0.51  0.7  0
745 429 2  0.784  0.3618  0.68  0
from 1 to 3 matchnode 745

745 74 2  0.76  0.3618  0.78  8.36742e-312
745 380 2  0.4752  0.3784  0.666667  8.36742e-312
edge_match: 
from 2 to 1 matchnode 100

100 745 2  0.3042  0.5688  0.81  6.95335e-310
from 2 to 3 matchnode 100

100 74 2  0.836  0.8036  0.893333  8.3674e-312
100 380 2  0.5  0.7189  0.76  8.36725e-312
from 2 to 1 matchnode 429

429 745 2  0.3822  0.6192  0.683333  6.95335e-310
from 2 to 3 matchnode 429

429 74 2  0.83  0.567  0.52  8.3674e-312
429 380 2  0.3969  0.5828  0.72  8.36725e-312
edge_match: 
from 3 to 2 matchnode 74

74 100 2  0.7347  0.5325  0.723333  0
74 429 2  0.5415  0.874  0.74  0
from 3 to 2 matchnode 380

380 100 2  0.3686  0.3486  0.74  8.36742e-312
380 429 2  0.7912  0.5175  0.783333  8.36742e-312
edge_match: 
from 4 to 3 matchnode 21

21 74 2  0.9405  0.4536  0.483333  8.36723e-312
21 380 2  0.36  0.7584  0.613333  8.36742e-312
from 4 to 3 matchnode 75

75 74 2  0.9021  0.5655  0.64  8.36723e-312
75 380 2  0.5481  0.589  0.73  8.36742e-312

pattern answer20:
vertex1: 节点个数 1
768 1 0.96
vertex2: 节点个数 2
101 2 0.35
1903 2 1
vertex3: 节点个数 2
696 3 0.35
848 3 0.35
vertex4: 节点个数 2
67 4 0.78
75 4 0.54
edge_match: 
from 1 to 2 matchnode 768

768 101 2  0.408  0.3588  0.46  0
768 1903 2  0.5544  0.864  0.733333  0
from 1 to 3 matchnode 768

768 696 2  0.522  0.418  0.666667  8.3674e-312
768 848 2  0.6336  0.738  0.516667  8.3674e-312
edge_match: 
from 2 to 1 matchnode 101

101 768 2  0.3658  0.4234  0.666667  6.95335e-310
from 2 to 3 matchnode 101

101 696 2  0.7917  0.5852  0.463333  6.95151e-310
101 848 2  0.882  0.6715  0.39  6.95151e-310
from 2 to 1 matchnode 1903

1903 768 2  0.3172  0.6075  0.9  6.95335e-310
from 2 to 3 matchnode 1903

1903 696 2  0.684  0.6237  0.63  6.95151e-310
1903 848 2  0.342  0.8217  0.63  6.95151e-310
edge_match: 
from 3 to 2 matchnode 696

696 101 2  0.8836  0.354  0.31  0
696 1903 2  0.365  0.7298  0.536667  0
from 3 to 2 matchnode 848

848 101 2  0.306  0.4092  0.41  0
848 1903 2  0.5963  0.7176  0.776667  0
edge_match: 
from 4 to 3 matchnode 67

67 696 2  0.4656  0.3417  0.706667  8.36742e-312
67 848 2  0.6391  0.4876  0.453333  8.36741e-312
from 4 to 3 matchnode 75

75 696 2  0.352  0.4176  0.586667  8.36742e-312
75 848 2  0.6351  0.51  0.38  8.36741e-312

pattern answer21:
vertex1: 节点个数 1
789 1 0.87
vertex2: 节点个数 2
101 2 0.35
137 2 0.75
vertex3: 节点个数 2
49 3 0.97
74 3 0.81
vertex4: 节点个数 2
21 4 0.45
38 4 0.42
edge_match: 
from 1 to 2 matchnode 789

789 101 2  0.73  0.5236  0.573333  0
789 137 2  0.4617  0.3589  0.826667  0
from 1 to 3 matchnode 789

789 49 2  0.4606  0.6916  0.833333  8.36742e-312
789 74 2  0.8736  0.5607  0.806667  8.36742e-312
edge_match: 
from 2 to 1 matchnode 101

101 789 2  0.4902  0.8455  0.553333  8.36742e-312
from 2 to 3 matchnode 101

101 49 2  0.5916  0.6035  0.45  6.95151e-310
101 74 2  0.7708  0.741  0.563333  8.3674e-312
from 2 to 1 matchnode 137

137 789 2  0.4465  0.4425  0.84  8.36742e-312
from 2 to 3 matchnode 137

137 49 2  0.3542  0.648  0.723333  6.95151e-310
137 74 2  0.8455  0.54  0.806667  8.3674e-312
edge_match: 
from 3 to 2 matchnode 49

49 101 2  0.598  0.588  0.58  0
49 137 2  0.3953  0.4524  0.9  0
from 3 to 2 matchnode 74

74 101 2  0.4845  0.9114  0.543333  0
74 137 2  0.3311  0.5607  0.706667  0
edge_match: 
from 4 to 3 matchnode 21

21 49 2  0.3492  0.8928  0.633333  0
21 74 2  0.9405  0.4536  0.483333  8.36723e-312
from 4 to 3 matchnode 38

38 49 2  0.5016  0.5073  0.733333  0
38 74 2  0.585  0.6975  0.73  8.36723e-312

pattern answer22:
vertex1: 节点个数 1
846 1 0.89
vertex2: 节点个数 2
918 2 0.6
1903 2 1
vertex3: 节点个数 2
74 3 0.81
128 3 0.3
vertex4: 节点个数 2
21 4 0.45
67 4 0.78
edge_match: 
from 1 to 2 matchnode 846

846 918 2  0.6351  0.6068  0.82  0
846 1903 2  0.6882  0.402  0.743333  0
from 1 to 3 matchnode 846

846 74 2  0.45  0.646  0.813333  8.36742e-312
846 128 2  0.3577  0.8624  0.41  8.36742e-312
edge_match: 
from 2 to 1 matchnode 918

918 846 2  0.8272  0.594  0.66  8.36723e-312
from 2 to 3 matchnode 918

918 74 2  0.7553  0.304  0.663333  8.3674e-312
918 128 2  0.5733  0.3192  0.59  6.95151e-310
from 2 to 1 matchnode 1903

1903 846 2  0.4606  0.392  0.8  8.36723e-312
from 2 to 3 matchnode 1903

1903 74 2  0.7885  0.4428  0.89  8.3674e-312
1903 128 2  0.7626  0.7488  0.483333  6.95151e-310
edge_match: 
from 3 to 2 matchnode 74

74 918 2  0.8455  0.6804  0.76  0
74 1903 2  0.3612  0.8633  0.79  0
from 3 to 2 matchnode 128

128 918 2  0.7189  0.6076  0.56  0
128 1903 1  0.35  0.9  0.65  0
edge_match: 
from 4 to 3 matchnode 21

21 74 2  0.9405  0.4536  0.483333  8.36723e-312
21 128 2  0.5727  0.37  0.406667  8.36741e-312
from 4 to 3 matchnode 67

67 74 2  0.549  0.3999  0.786667  8.36723e-312
67 128 2  0.6916  0.756  0.65  8.36741e-312

pattern answer23:
vertex1: 节点个数 1
998 1 0.48
vertex2: 节点个数 2
719 2 0.98
1164 2 0.44
vertex3: 节点个数 2
49 3 0.97
717 3 0.31
vertex4: 节点个数 2
21 4 0.45
32 4 0.54
edge_match: 
from 1 to 2 matchnode 998

998 719 2  0.5133  0.5628  0.646667  0
998 1164 2  0.4536  0.4806  0.313333  0
from 1 to 3 matchnode 998

998 49 2  0.6478  0.4712  0.733333  8.36742e-312
998 717 2  0.546  0.4608  0.436667  8.36742e-312
edge_match: 
from 2 to 1 matchnode 719

719 998 2  0.5402  0.4428  0.82  0
from 2 to 3 matchnode 719

719 49 2  0.392  0.8316  0.723333  6.95151e-310
719 717 2  0.89  0.5135  0.57  6.95151e-310
from 2 to 1 matchnode 1164

1164 998 2  0.629  0.5986  0.64  0
from 2 to 3 matchnode 1164

1164 49 2  0.4544  0.6768  0.626667  6.95151e-310
1164 717 2  0.6958  0.3008  0.406667  6.95151e-310
edge_match: 
from 3 to 2 matchnode 49

49 719 2  0.456  0.6164  0.916667  0
49 1164 2  0.48  0.364  0.61  0
from 3 to 2 matchnode 717

717 719 1  0.67  0.67  0.645  0
717 1164 1  0.45  0.59  0.375  0
edge_match: 
from 4 to 3 matchnode 21

21 49 2  0.3492  0.8928  0.633333  0
21 717 2  0.5395  0.91  0.41  8.3674e-312
from 4 to 3 matchnode 32

32 49 2  0.7708  0.57  0.736667  0
32 717 2  0.3922  0.4959  0.48  8.3674e-312

pattern answer24:
vertex1: 节点个数 1
1167 1 0.91
vertex2: 节点个数 2
101 2 0.35
137 2 0.75
vertex3: 节点个数 2
49 3 0.97
74 3 0.81
vertex4: 节点个数 2
21 4 0.45
38 4 0.42
edge_match: 
from 1 to 2 matchnode 1167

1167 101 2  0.476  0.6396  0.57  0
1167 137 2  0.4071  0.4524  0.88  0
from 1 to 3 matchnode 1167

1167 49 2  0.7275  0.5022  0.786667  8.36742e-312
1167 74 2  0.6975  0.6586  0.886667  8.36742e-312
edge_match: 
from 2 to 1 matchnode 101

101 1167 2  0.752  0.5472  0.733333  8.36723e-312
from 2 to 3 matchnode 101

101 49 2  0.5916  0.6035  0.45  6.95151e-310
101 74 2  0.7708  0.741  0.563333  8.3674e-312
from 2 to 1 matchnode 137

137 1167 2  0.4268  0.3698  0.723333  8.36723e-312
from 2 to 3 matchnode 137

137 49 2  0.3542  0.648  0.723333  6.95151e-310
137 74 2  0.8455  0.54  0.806667  8.3674e-312
edge_match: 
from 3 to 2 matchnode 49

49 101 2  0.598  0.588  0.58  0
49 137 2  0.3953  0.4524  0.9  0
from 3 to 2 matchnode 74

74 101 2  0.4845  0.9114  0.543333  0
74 137 2  0.3311  0.5607  0.706667  0
edge_match: 
from 4 to 3 matchnode 21

21 49 2  0.3492  0.8928  0.633333  0
21 74 2  0.9405  0.4536  0.483333  8.36723e-312
from 4 to 3 matchnode 38

38 49 2  0.5016  0.5073  0.733333  0
38 74 2  0.585  0.6975  0.73  8.36723e-312

pattern answer25:
vertex1: 节点个数 1
1272 1 0.97
vertex2: 节点个数 2
101 2 0.35
719 2 0.98
vertex3: 节点个数 2
49 3 0.97
74 3 0.81
vertex4: 节点个数 2
21 4 0.45
38 4 0.42
edge_match: 
from 1 to 2 matchnode 1272

1272 101 2  0.3128  0.391  0.58  0
1272 719 2  0.3283  0.3886  0.753333  0
from 1 to 3 matchnode 1272

1272 49 2  0.8019  0.5673  0.82  8.36742e-312
1272 74 2  0.432  0.342  0.84  8.36742e-312
edge_match: 
from 2 to 1 matchnode 101

101 1272 2  0.7308  0.5478  0.526667  8.36742e-312
from 2 to 3 matchnode 101

101 49 2  0.5916  0.6035  0.45  6.95151e-310
101 74 2  0.7708  0.741  0.563333  8.3674e-312
from 2 to 1 matchnode 719

719 1272 2  0.5767  0.3234  0.87  8.36742e-312
from 2 to 3 matchnode 719

719 49 2  0.392  0.8316  0.723333  6.95151e-310
719 74 2  0.481  0.7068  0.916667  8.3674e-312
edge_match: 
from 3 to 2 matchnode 49

49 101 2  0.598  0.588  0.58  0
49 719 2  0.456  0.6164  0.916667  0
from 3 to 2 matchnode 74

74 101 2  0.4845  0.9114  0.543333  0
74 719 2  0.7238  0.738  0.783333  0
edge_match: 
from 4 to 3 matchnode 21

21 49 2  0.3492  0.8928  0.633333  0
21 74 2  0.9405  0.4536  0.483333  8.36723e-312
from 4 to 3 matchnode 38

38 49 2  0.5016  0.5073  0.733333  0
38 74 2  0.585  0.6975  0.73  8.36723e-312

pattern answer26:
vertex1: 节点个数 1
1296 1 0.44
vertex2: 节点个数 2
719 2 0.98
1164 2 0.44
vertex3: 节点个数 2
49 3 0.97
74 3 0.81
vertex4: 节点个数 2
21 4 0.45
38 4 0.42
edge_match: 
from 1 to 2 matchnode 1296

1296 719 2  0.4656  0.3705  0.76  0
1296 1164 2  0.87  0.304  0.563333  0
from 1 to 3 matchnode 1296

1296 49 2  0.67  0.3515  0.74  8.36742e-312
1296 74 1  1  0.95  0.625  8.36742e-312
edge_match: 
from 2 to 1 matchnode 719

719 1296 2  0.7872  0.4214  0.49  6.95335e-310
from 2 to 3 matchnode 719

719 49 2  0.392  0.8316  0.723333  6.95151e-310
719 74 2  0.481  0.7068  0.916667  8.3674e-312
from 2 to 1 matchnode 1164

1164 1296 2  0.4606  0.7084  0.433333  6.95335e-310
from 2 to 3 matchnode 1164

1164 49 2  0.4544  0.6768  0.626667  6.95151e-310
1164 74 2  0.782  0.438  0.75  8.3674e-312
edge_match: 
from 3 to 2 matchnode 49

49 719 2  0.456  0.6164  0.916667  0
49 1164 2  0.48  0.364  0.61  0
from 3 to 2 matchnode 74

74 719 2  0.7238  0.738  0.783333  0
74 1164 2  0.5605  0.7125  0.573333  0
edge_match: 
from 4 to 3 matchnode 21

21 49 2  0.3492  0.8928  0.633333  0
21 74 2  0.9405  0.4536  0.483333  8.36723e-312
from 4 to 3 matchnode 38

38 49 2  0.5016  0.5073  0.733333  0
38 74 2  0.585  0.6975  0.73  8.36723e-312

pattern answer27:
vertex1: 节点个数 1
1400 1 0.64
vertex2: 节点个数 2
137 2 0.75
719 2 0.98
vertex3: 节点个数 2
49 3 0.97
74 3 0.81
vertex4: 节点个数 2
21 4 0.45
38 4 0.42
edge_match: 
from 1 to 2 matchnode 1400

1400 137 2  0.5785  0.366  0.623333  0
1400 719 1  0.57  0.92  0.81  0
from 1 to 3 matchnode 1400

1400 49 1  0.75  0.43  0.805  8.36742e-312
1400 74 2  0.315  0.5022  0.77  8.36742e-312
edge_match: 
from 2 to 1 matchnode 137

137 1400 2  0.665  0.8342  0.476667  8.36723e-312
from 2 to 3 matchnode 137

137 49 2  0.3542  0.648  0.723333  6.95151e-310
137 74 2  0.8455  0.54  0.806667  8.3674e-312
from 2 to 1 matchnode 719

719 1400 2  0.672  0.7719  0.78  8.36723e-312
from 2 to 3 matchnode 719

719 49 2  0.392  0.8316  0.723333  6.95151e-310
719 74 2  0.481  0.7068  0.916667  8.3674e-312
edge_match: 
from 3 to 2 matchnode 49

49 137 2  0.3953  0.4524  0.9  0
49 719 2  0.456  0.6164  0.916667  0
from 3 to 2 matchnode 74

74 137 2  0.3311  0.5607  0.706667  0
74 719 2  0.7238  0.738  0.783333  0
edge_match: 
from 4 to 3 matchnode 21

21 49 2  0.3492  0.8928  0.633333  0
21 74 2  0.9405  0.4536  0.483333  8.36723e-312
from 4 to 3 matchnode 38

38 49 2  0.5016  0.5073  0.733333  0
38 74 2  0.585  0.6975  0.73  8.36723e-312

pattern answer28:
vertex1: 节点个数 1
1428 1 0.61
vertex2: 节点个数 2
187 2 0.54
918 2 0.6
vertex3: 节点个数 2
74 3 0.81
128 3 0.3
vertex4: 节点个数 2
21 4 0.45
67 4 0.78
edge_match: 
from 1 to 2 matchnode 1428

1428 187 2  0.4136  0.4182  0.613333  0
1428 918 2  0.792  0.7221  0.663333  0
from 1 to 3 matchnode 1428

1428 74 2  0.9603  0.3696  0.57  8.36725e-312
1428 128 2  0.504  0.477  0.633333  8.36725e-312
edge_match: 
from 2 to 1 matchnode 187

187 1428 2  0.8148  0.3245  0.576667  9.17379e-313
from 2 to 3 matchnode 187

187 74 2  0.4307  0.646  0.453333  8.3674e-312
187 128 2  0.4753  0.4189  0.473333  6.95151e-310
from 2 to 1 matchnode 918

918 1428 2  0.4424  0.4608  0.703333  9.17379e-313
from 2 to 3 matchnode 918

918 74 2  0.7553  0.304  0.663333  8.3674e-312
918 128 2  0.5733  0.3192  0.59  6.95151e-310
edge_match: 
from 3 to 2 matchnode 74

74 187 2  0.3776  0.585  0.593333  0
74 918 2  0.8455  0.6804  0.76  0
from 3 to 2 matchnode 128

128 187 2  0.336  0.3192  0.39  0
128 918 2  0.7189  0.6076  0.56  0
edge_match: 
from 4 to 3 matchnode 21

21 74 2  0.9405  0.4536  0.483333  8.36723e-312
21 128 2  0.5727  0.37  0.406667  8.36741e-312
from 4 to 3 matchnode 67

67 74 2  0.549  0.3999  0.786667  8.36723e-312
67 128 2  0.6916  0.756  0.65  8.36741e-312

pattern answer29:
vertex1: 节点个数 1
1483 1 0.6
vertex2: 节点个数 2
63 2 0.52
2514 2 0.7
vertex3: 节点个数 2
49 3 0.97
584 3 0.78
vertex4: 节点个数 2
21 4 0.45
75 4 0.54
edge_match: 
from 1 to 2 matchnode 1483

1483 63 2  0.3995  0.5238  0.53  0
1483 2514 2  0.4284  0.7938  0.76  0
from 1 to 3 matchnode 1483

1483 49 2  0.7644  0.608  0.743333  8.36742e-312
1483 584 2  0.4725  0.3888  0.786667  8.36742e-312
edge_match: 
from 2 to 1 matchnode 63

63 1483 1  0.54  0.94  0.56  8.36723e-312
from 2 to 3 matchnode 63

63 49 2  0.6622  0.48  0.646667  6.95151e-310
63 584 2  0.43  0.48  0.583333  8.3674e-312
from 2 to 1 matchnode 2514

2514 1483 2  0.615  0.4692  0.65  8.36723e-312
from 2 to 3 matchnode 2514

2514 49 2  0.6557  0.4757  0.88  6.95151e-310
2514 584 2  0.4875  0.36  0.82  8.3674e-312
edge_match: 
from 3 to 2 matchnode 49

49 63 2  0.3362  0.6417  0.726667  0
49 2514 2  0.4556  0.5096  0.883333  0
from 3 to 2 matchnode 584

584 63 2  0.6768  0.6208  0.723333  8.3674e-312
584 2514 2  0.6664  0.882  0.82  8.3674e-312
edge_match: 
from 4 to 3 matchnode 21

21 49 2  0.3492  0.8928  0.633333  0
21 584 2  0.45  0.3888  0.736667  8.36742e-312
from 4 to 3 matchnode 75

75 49 1  0.8  0.39  0.755  0
75 584 2  0.3686  0.527  0.583333  8.36742e-312

pattern answer30:
vertex1: 节点个数 1
1507 1 0.83
vertex2: 节点个数 2
63 2 0.52
101 2 0.35
vertex3: 节点个数 2
49 3 0.97
74 3 0.81
vertex4: 节点个数 2
21 4 0.45
38 4 0.42
edge_match: 
from 1 to 2 matchnode 1507

1507 63 2  0.783  0.475  0.53  0
1507 101 2  0.3198  0.376  0.57  0
from 1 to 3 matchnode 1507

1507 49 2  0.4074  0.5022  0.76  8.36723e-312
1507 74 2  0.747  0.855  0.626667  8.36723e-312
edge_match: 
from 2 to 1 matchnode 63

63 1507 2  0.8051  0.3094  0.52  6.95335e-310
from 2 to 3 matchnode 63

63 49 2  0.6622  0.48  0.646667  6.95151e-310
63 74 2  0.779  0.5544  0.606667  8.3674e-312
from 2 to 1 matchnode 101

101 1507 2  0.3445  0.3149  0.536667  6.95335e-310
from 2 to 3 matchnode 101

101 49 2  0.5916  0.6035  0.45  6.95151e-310
101 74 2  0.7708  0.741  0.563333  8.3674e-312
edge_match: 
from 3 to 2 matchnode 49

49 63 2  0.3362  0.6417  0.726667  0
49 101 2  0.598  0.588  0.58  0
from 3 to 2 matchnode 74

74 63 2  0.7905  0.8134  0.6  0
74 101 2  0.4845  0.9114  0.543333  0
edge_match: 
from 4 to 3 matchnode 21

21 49 2  0.3492  0.8928  0.633333  0
21 74 2  0.9405  0.4536  0.483333  8.36723e-312
from 4 to 3 matchnode 38

38 49 2  0.5016  0.5073  0.733333  0
38 74 2  0.585  0.6975  0.73  8.36723e-312

pattern answer31:
vertex1: 节点个数 1
1754 1 0.84
vertex2: 节点个数 2
101 2 0.35
446 2 0.67
vertex3: 节点个数 2
49 3 0.97
74 3 0.81
vertex4: 节点个数 2
21 4 0.45
38 4 0.42
edge_match: 
from 1 to 2 matchnode 1754

1754 101 2  0.4462  0.8256  0.553333  0
1754 446 2  0.3784  0.3723  0.69  0
from 1 to 3 matchnode 1754

1754 49 2  0.8134  0.64  0.78  8.36743e-312
1754 74 2  0.83  0.624  0.726667  8.36743e-312
edge_match: 
from 2 to 1 matchnode 101

101 1754 2  0.5452  0.798  0.49  8.36723e-312
from 2 to 3 matchnode 101

101 49 2  0.5916  0.6035  0.45  6.95151e-310
101 74 2  0.7708  0.741  0.563333  8.3674e-312
from 2 to 1 matchnode 446

446 1754 1  0.47  0.64  0.755  8.36723e-312
from 2 to 3 matchnode 446

446 49 2  0.6715  0.5022  0.556667  6.95151e-310
446 74 2  0.3696  0.4209  0.72  8.3674e-312
edge_match: 
from 3 to 2 matchnode 49

49 101 2  0.598  0.588  0.58  0
49 446 2  0.6424  0.7081  0.733333  0
from 3 to 2 matchnode 74

74 101 2  0.4845  0.9114  0.543333  0
74 446 2  0.9702  0.4416  0.65  0
edge_match: 
from 4 to 3 matchnode 21

21 49 2  0.3492  0.8928  0.633333  0
21 74 2  0.9405  0.4536  0.483333  8.36723e-312
from 4 to 3 matchnode 38

38 49 2  0.5016  0.5073  0.733333  0
38 74 2  0.585  0.6975  0.73  8.36723e-312

pattern answer32:
vertex1: 节点个数 1
2043 1 0.54
vertex2: 节点个数 2
101 2 0.35
558 2 0.42
vertex3: 节点个数 2
49 3 0.97
74 3 0.81
vertex4: 节点个数 2
21 4 0.45
38 4 0.42
edge_match: 
from 1 to 2 matchnode 2043

2043 101 2  0.4002  0.39  0.323333  0
2043 558 2  0.304  0.9009  0.466667  0
from 1 to 3 matchnode 2043

2043 49 2  0.7656  0.5518  0.773333  8.36743e-312
2043 74 2  0.6351  0.4331  0.716667  8.36743e-312
edge_match: 
from 2 to 1 matchnode 101

101 2043 2  0.4588  0.6035  0.51  8.36723e-312
from 2 to 3 matchnode 101

101 49 2  0.5916  0.6035  0.45  6.95151e-310
101 74 2  0.7708  0.741  0.563333  8.3674e-312
from 2 to 1 matchnode 558

558 2043 2  0.308  0.6336  0.61  8.36723e-312
from 2 to 3 matchnode 558

558 49 2  0.4753  0.9114  0.623333  6.95151e-310
558 74 2  0.5544  0.469  0.423333  8.3674e-312
edge_match: 
from 3 to 2 matchnode 49

49 101 2  0.598  0.588  0.58  0
49 558 2  0.3696  0.783  0.733333  0
from 3 to 2 matchnode 74

74 101 2  0.4845  0.9114  0.543333  0
74 558 2  0.6499  0.3627  0.7  0
edge_match: 
from 4 to 3 matchnode 21

21 49 2  0.3492  0.8928  0.633333  0
21 74 2  0.9405  0.4536  0.483333  8.36723e-312
from 4 to 3 matchnode 38

38 49 2  0.5016  0.5073  0.733333  0
38 74 2  0.585  0.6975  0.73  8.36723e-312

pattern answer33:
vertex1: 节点个数 1
2075 1 0.89
vertex2: 节点个数 2
101 2 0.35
558 2 0.42
vertex3: 节点个数 2
49 3 0.97
74 3 0.81
vertex4: 节点个数 2
21 4 0.45
38 4 0.42
edge_match: 
from 1 to 2 matchnode 2075

2075 101 2  0.7128  0.816  0.6  0
2075 558 2  0.6014  0.4557  0.726667  0
from 1 to 3 matchnode 2075

2075 49 2  0.4134  0.7304  0.92  8.36742e-312
2075 74 2  0.7566  0.44  0.866667  8.36742e-312
edge_match: 
from 2 to 1 matchnode 101

101 2075 2  0.5104  0.882  0.703333  9.17379e-313
from 2 to 3 matchnode 101

101 49 2  0.5916  0.6035  0.45  6.95151e-310
101 74 2  0.7708  0.741  0.563333  8.3674e-312
from 2 to 1 matchnode 558

558 2075 2  0.5104  0.738  0.726667  9.17379e-313
from 2 to 3 matchnode 558

558 49 2  0.4753  0.9114  0.623333  6.95151e-310
558 74 2  0.5544  0.469  0.423333  8.3674e-312
edge_match: 
from 3 to 2 matchnode 49

49 101 2  0.598  0.588  0.58  0
49 558 2  0.3696  0.783  0.733333  0
from 3 to 2 matchnode 74

74 101 2  0.4845  0.9114  0.543333  0
74 558 2  0.6499  0.3627  0.7  0
edge_match: 
from 4 to 3 matchnode 21

21 49 2  0.3492  0.8928  0.633333  0
21 74 2  0.9405  0.4536  0.483333  8.36723e-312
from 4 to 3 matchnode 38

38 49 2  0.5016  0.5073  0.733333  0
38 74 2  0.585  0.6975  0.73  8.36723e-312

pattern answer34:
vertex1: 节点个数 1
2215 1 0.43
vertex2: 节点个数 2
120 2 0.42
429 2 0.51
vertex3: 节点个数 2
128 3 0.3
717 3 0.31
vertex4: 节点个数 2
21 4 0.45
67 4 0.78
edge_match: 
from 1 to 2 matchnode 2215

2215 120 2  0.9118  0.3094  0.446667  0
2215 429 2  0.792  0.3283  0.46  0
from 1 to 3 matchnode 2215

2215 128 2  0.675  0.343  0.39  8.36743e-312
2215 717 2  0.624  0.3234  0.533333  8.36743e-312
edge_match: 
from 2 to 1 matchnode 120

120 2215 2  0.4047  0.3348  0.566667  9.17379e-313
from 2 to 3 matchnode 120

120 128 2  0.45  0.5236  0.403333  6.95151e-310
120 717 2  0.96  0.429  0.383333  6.95151e-310
from 2 to 1 matchnode 429

429 2215 2  0.483  0.517  0.6  9.17379e-313
from 2 to 3 matchnode 429

429 128 2  0.5859  0.891  0.6  6.95151e-310
429 717 2  0.4672  0.6314  0.56  6.95151e-310
edge_match: 
from 3 to 2 matchnode 128

128 120 2  0.3034  0.3822  0.353333  0
128 429 2  0.361  0.7125  0.57  0
from 3 to 2 matchnode 717

717 120 2  0.6216  0.34  0.413333  0
717 429 2  0.736  0.3381  0.583333  0
edge_match: 
from 4 to 3 matchnode 21

21 128 2  0.5727  0.37  0.406667  8.36741e-312
21 717 2  0.5395  0.91  0.41  8.3674e-312
from 4 to 3 matchnode 67

67 128 2  0.6916  0.756  0.65  8.36741e-312
67 717 2  0.4256  0.477  0.653333  8.3674e-312

pattern answer35:
vertex1: 节点个数 1
2218 1 0.73
vertex2: 节点个数 2
719 2 0.98
918 2 0.6
vertex3: 节点个数 2
128 3 0.3
717 3 0.31
vertex4: 节点个数 2
21 4 0.45
67 4 0.78
edge_match: 
from 1 to 2 matchnode 2218

2218 719 2  0.36  0.4085  0.776667  0
2218 918 2  0.9025  0.567  0.733333  0
from 1 to 3 matchnode 2218

2218 128 2  0.3822  0.6237  0.383333  8.36743e-312
2218 717 2  0.6106  0.5329  0.35  8.36743e-312
edge_match: 
from 2 to 1 matchnode 719

719 2218 2  0.799  0.6975  0.78  9.17379e-313
from 2 to 3 matchnode 719

719 128 2  0.555  0.9702  0.5  6.95151e-310
719 717 2  0.89  0.5135  0.57  6.95151e-310
from 2 to 1 matchnode 918

918 2218 2  0.7372  0.6097  0.59  9.17379e-313
from 2 to 3 matchnode 918

918 128 2  0.5733  0.3192  0.59  6.95151e-310
918 717 2  0.5475  0.6636  0.486667  6.95151e-310
edge_match: 
from 3 to 2 matchnode 128

128 719 2  0.5698  0.3528  0.45  0
128 918 2  0.7189  0.6076  0.56  0
from 3 to 2 matchnode 717

717 719 1  0.67  0.67  0.645  0
717 918 1  0.79  0.86  0.455  0
edge_match: 
from 4 to 3 matchnode 21

21 128 2  0.5727  0.37  0.406667  8.36741e-312
21 717 2  0.5395  0.91  0.41  8.3674e-312
from 4 to 3 matchnode 67

67 128 2  0.6916  0.756  0.65  8.36741e-312
67 717 2  0.4256  0.477  0.653333  8.3674e-312

pattern answer36:
vertex1: 节点个数 1
2274 1 0.86
vertex2: 节点个数 2
547 2 0.39
2514 2 0.7
vertex3: 节点个数 2
49 3 0.97
3505 3 0.61
vertex4: 节点个数 2
21 4 0.45
32 4 0.54
edge_match: 
from 1 to 2 matchnode 2274

2274 547 2  0.6958  0.8281  0.47  0
2274 2514 2  0.516  0.5002  0.556667  0
from 1 to 3 matchnode 2274

2274 49 2  0.5785  0.322  0.92  8.36742e-312
2274 3505 2  0.9408  0.4536  0.63  8.36742e-312
edge_match: 
from 2 to 1 matchnode 547

547 2274 2  0.5621  0.345  0.516667  8.36723e-312
from 2 to 3 matchnode 547

547 49 2  0.374  0.6351  0.526667  6.95151e-310
547 3505 2  0.855  0.344  0.41  6.95151e-310
from 2 to 1 matchnode 2514

2514 2274 2  0.574  0.4692  0.736667  8.36723e-312
from 2 to 3 matchnode 2514

2514 49 2  0.6557  0.4757  0.88  6.95151e-310
2514 3505 2  0.5915  0.4425  0.763333  6.95151e-310
edge_match: 
from 3 to 2 matchnode 49

49 547 2  0.5037  0.3479  0.55  0
49 2514 2  0.4556  0.5096  0.883333  0
from 3 to 2 matchnode 3505

3505 547 2  0.4662  0.4958  0.503333  0
3505 2514 2  0.5168  0.882  0.763333  0
edge_match: 
from 4 to 3 matchnode 21

21 49 2  0.3492  0.8928  0.633333  0
21 3505 2  0.546  0.4779  0.68  8.3674e-312
from 4 to 3 matchnode 32

32 49 2  0.7708  0.57  0.736667  0
32 3505 2  0.3795  0.4032  0.71  8.3674e-312

pattern answer37:
vertex1: 节点个数 1
2285 1 0.6
vertex2: 节点个数 2
63 2 0.52
137 2 0.75
vertex3: 节点个数 2
49 3 0.97
74 3 0.81
vertex4: 节点个数 2
21 4 0.45
38 4 0.42
edge_match: 
from 1 to 2 matchnode 2285

2285 63 2  0.451  0.4662  0.396667  0
2285 137 2  0.6237  0.3589  0.736667  0
from 1 to 3 matchnode 2285

2285 49 2  0.5896  0.37  0.793333  8.36743e-312
2285 74 1  0.88  1  0.705  8.36743e-312
edge_match: 
from 2 to 1 matchnode 63

63 2285 2  0.5475  0.7623  0.513333  9.17379e-313
from 2 to 3 matchnode 63

63 49 2  0.6622  0.48  0.646667  6.95151e-310
63 74 2  0.779  0.5544  0.606667  8.3674e-312
from 2 to 1 matchnode 137

137 2285 2  0.4875  0.39  0.493333  9.17379e-313
from 2 to 3 matchnode 137

137 49 2  0.3542  0.648  0.723333  6.95151e-310
137 74 2  0.8455  0.54  0.806667  8.3674e-312
edge_match: 
from 3 to 2 matchnode 49

49 63 2  0.3362  0.6417  0.726667  0
49 137 2  0.3953  0.4524  0.9  0
from 3 to 2 matchnode 74

74 63 2  0.7905  0.8134  0.6  0
74 137 2  0.3311  0.5607  0.706667  0
edge_match: 
from 4 to 3 matchnode 21

21 49 2  0.3492  0.8928  0.633333  0
21 74 2  0.9405  0.4536  0.483333  8.36723e-312
from 4 to 3 matchnode 38

38 49 2  0.5016  0.5073  0.733333  0
38 74 2  0.585  0.6975  0.73  8.36723e-312

pattern answer38:
vertex1: 节点个数 1
2446 1 0.3
vertex2: 节点个数 2
101 2 0.35
918 2 0.6
vertex3: 节点个数 2
49 3 0.97
2034 3 0.74
vertex4: 节点个数 2
75 4 0.54
89 4 0.77
edge_match: 
from 1 to 2 matchnode 2446

2446 101 2  0.376  0.6084  0.533333  0
2446 918 2  0.76  0.3888  0.59  0
from 1 to 3 matchnode 2446

2446 49 2  0.679  0.5952  0.583333  8.36742e-312
2446 2034 2  0.448  0.3584  0.506667  8.36742e-312
edge_match: 
from 2 to 1 matchnode 101

101 2446 2  0.5074  0.3886  0.446667  0
from 2 to 3 matchnode 101

101 49 2  0.5916  0.6035  0.45  6.95151e-310
101 2034 2  0.5673  0.5432  0.4  8.36725e-312
from 2 to 1 matchnode 918

918 2446 2  0.3344  0.6164  0.446667  0
from 2 to 3 matchnode 918

918 49 2  0.729  0.4929  0.696667  6.95151e-310
918 2034 2  0.6499  0.722  0.5  8.36725e-312
edge_match: 
from 3 to 2 matchnode 49

49 101 2  0.598  0.588  0.58  0
49 918 2  0.5084  0.6417  0.806667  0
from 3 to 2 matchnode 2034

2034 101 2  0.8648  0.665  0.503333  8.36725e-312
2034 918 2  0.7568  0.5544  0.776667  8.36725e-312
edge_match: 
from 4 to 3 matchnode 75

75 49 1  0.8  0.39  0.755  0
75 2034 2  0.5915  0.5467  0.546667  8.36725e-312
from 4 to 3 matchnode 89

89 49 2  0.396  0.4539  0.85  0
89 2034 2  0.91  0.3416  0.643333  8.36725e-312

pattern answer39:
vertex1: 节点个数 1
2561 1 0.4
vertex2: 节点个数 2
63 2 0.52
101 2 0.35
vertex3: 节点个数 2
49 3 0.97
74 3 0.81
vertex4: 节点个数 2
21 4 0.45
38 4 0.42
edge_match: 
from 1 to 2 matchnode 2561

2561 63 2  0.7954  0.8712  0.59  0
2561 101 1  0.94  0.68  0.375  0
from 1 to 3 matchnode 2561

2561 49 2  0.56  0.6106  0.746667  8.36743e-312
2561 74 2  0.624  0.6794  0.693333  8.36743e-312
edge_match: 
from 2 to 1 matchnode 63

63 2561 2  0.592  0.86  0.5  9.17379e-313
from 2 to 3 matchnode 63

63 49 2  0.6622  0.48  0.646667  6.95151e-310
63 74 2  0.779  0.5544  0.606667  8.3674e-312
from 2 to 1 matchnode 101

101 2561 2  0.792  0.324  0.51  9.17379e-313
from 2 to 3 matchnode 101

101 49 2  0.5916  0.6035  0.45  6.95151e-310
101 74 2  0.7708  0.741  0.563333  8.3674e-312
edge_match: 
from 3 to 2 matchnode 49

49 63 2  0.3362  0.6417  0.726667  0
49 101 2  0.598  0.588  0.58  0
from 3 to 2 matchnode 74

74 63 2  0.7905  0.8134  0.6  0
74 101 2  0.4845  0.9114  0.543333  0
edge_match: 
from 4 to 3 matchnode 21

21 49 2  0.3492  0.8928  0.633333  0
21 74 2  0.9405  0.4536  0.483333  8.36723e-312
from 4 to 3 matchnode 38

38 49 2  0.5016  0.5073  0.733333  0
38 74 2  0.585  0.6975  0.73  8.36723e-312

pattern answer40:
vertex1: 节点个数 1
2655 1 1
vertex2: 节点个数 2
719 2 0.98
1472 2 0.88
vertex3: 节点个数 2
49 3 0.97
128 3 0.3
vertex4: 节点个数 2
21 4 0.45
67 4 0.78
edge_match: 
from 1 to 2 matchnode 2655

2655 719 2  0.338  0.3483  0.99  0
2655 1472 2  0.37  0.41  0.913333  0
from 1 to 3 matchnode 2655

2655 49 2  0.576  0.3168  0.813333  8.36742e-312
2655 128 2  0.3276  0.729  0.763333  8.36742e-312
edge_match: 
from 2 to 1 matchnode 719

719 2655 2  0.5772  0.5704  0.95  0
from 2 to 3 matchnode 719

719 49 2  0.392  0.8316  0.723333  6.95151e-310
719 128 2  0.555  0.9702  0.5  6.95151e-310
from 2 to 1 matchnode 1472

1472 2655 2  0.3354  0.4452  0.686667  0
from 2 to 3 matchnode 1472

1472 49 2  0.8099  0.623  0.863333  6.95151e-310
1472 128 2  0.6048  0.738  0.723333  6.95151e-310
edge_match: 
from 3 to 2 matchnode 49

49 719 2  0.456  0.6164  0.916667  0
49 1472 2  0.5002  0.4761  0.9  0
from 3 to 2 matchnode 128

128 719 2  0.5698  0.3528  0.45  0
128 1472 2  0.6734  1  0.68  0
edge_match: 
from 4 to 3 matchnode 21

21 49 2  0.3492  0.8928  0.633333  0
21 128 2  0.5727  0.37  0.406667  8.36741e-312
from 4 to 3 matchnode 67

67 49 2  0.3355  0.8091  0.84  0
67 128 2  0.6916  0.756  0.65  8.36741e-312

pattern answer41:
vertex1: 节点个数 1
2960 1 0.86
vertex2: 节点个数 2
101 2 0.35
2694 2 0.59
vertex3: 节点个数 2
49 3 0.97
74 3 0.81
vertex4: 节点个数 2
21 4 0.45
38 4 0.42
edge_match: 
from 1 to 2 matchnode 2960

2960 101 2  0.592  0.348  0.416667  0
2960 2694 2  0.3717  0.4455  0.783333  0
from 1 to 3 matchnode 2960

2960 49 2  0.3339  0.4565  0.91  8.36742e-312
2960 74 2  0.6174  0.5766  0.843333  8.36742e-312
edge_match: 
from 2 to 1 matchnode 101

101 2960 2  0.7742  0.3237  0.673333  0
from 2 to 3 matchnode 101

101 49 2  0.5916  0.6035  0.45  6.95151e-310
101 74 2  0.7708  0.741  0.563333  8.3674e-312
from 2 to 1 matchnode 2694

2694 2960 2  0.344  0.592  0.77  0
from 2 to 3 matchnode 2694

2694 49 2  0.6664  0.7372  0.74  6.95151e-310
2694 74 2  0.3075  0.598  0.54  8.3674e-312
edge_match: 
from 3 to 2 matchnode 49

49 101 2  0.598  0.588  0.58  0
49 2694 2  0.6348  0.3234  0.616667  0
from 3 to 2 matchnode 74

74 101 2  0.4845  0.9114  0.543333  0
74 2694 2  0.3363  0.7452  0.766667  0
edge_match: 
from 4 to 3 matchnode 21

21 49 2  0.3492  0.8928  0.633333  0
21 74 2  0.9405  0.4536  0.483333  8.36723e-312
from 4 to 3 matchnode 38

38 49 2  0.5016  0.5073  0.733333  0
38 74 2  0.585  0.6975  0.73  8.36723e-312

pattern answer42:
vertex1: 节点个数 1
2991 1 0.36
vertex2: 节点个数 2
918 2 0.6
1164 2 0.44
vertex3: 节点个数 2
49 3 0.97
717 3 0.31
vertex4: 节点个数 2
21 4 0.45
32 4 0.54
edge_match: 
from 1 to 2 matchnode 2991

2991 918 2  0.6486  0.6715  0.533333  0
2991 1164 2  0.552  0.3445  0.406667  0
from 1 to 3 matchnode 2991

2991 49 2  0.5175  0.3397  0.656667  8.36742e-312
2991 717 2  0.69  0.3445  0.363333  8.36742e-312
edge_match: 
from 2 to 1 matchnode 918

918 2991 2  0.6499  0.3724  0.373333  6.95335e-310
from 2 to 3 matchnode 918

918 49 2  0.729  0.4929  0.696667  6.95151e-310
918 717 2  0.5475  0.6636  0.486667  6.95151e-310
from 2 to 1 matchnode 1164

1164 2991 2  0.4272  0.5382  0.453333  6.95335e-310
from 2 to 3 matchnode 1164

1164 49 2  0.4544  0.6768  0.626667  6.95151e-310
1164 717 2  0.6958  0.3008  0.406667  6.95151e-310
edge_match: 
from 3 to 2 matchnode 49

49 918 2  0.5084  0.6417  0.806667  0
49 1164 2  0.48  0.364  0.61  0
from 3 to 2 matchnode 717

717 918 1  0.79  0.86  0.455  0
717 1164 1  0.45  0.59  0.375  0
edge_match: 
from 4 to 3 matchnode 21

21 49 2  0.3492  0.8928  0.633333  0
21 717 2  0.5395  0.91  0.41  8.3674e-312
from 4 to 3 matchnode 32

32 49 2  0.7708  0.57  0.736667  0
32 717 2  0.3922  0.4959  0.48  8.3674e-312

pattern answer43:
vertex1: 节点个数 1
3106 1 0.74
vertex2: 节点个数 2
719 2 0.98
724 2 0.42
vertex3: 节点个数 2
74 3 0.81
717 3 0.31
vertex4: 节点个数 2
21 4 0.45
67 4 0.78
edge_match: 
from 1 to 2 matchnode 3106

3106 719 2  0.8134  0.369  0.676667  0
3106 724 2  0.7885  0.351  0.49  0
from 1 to 3 matchnode 3106

3106 74 2  0.4355  0.5859  0.836667  8.36742e-312
3106 717 2  0.3108  0.836  0.363333  8.36742e-312
edge_match: 
from 2 to 1 matchnode 719

719 3106 2  0.555  0.76  0.893333  8.36723e-312
from 2 to 3 matchnode 719

719 74 2  0.481  0.7068  0.916667  8.3674e-312
719 717 2  0.89  0.5135  0.57  6.95151e-310
from 2 to 1 matchnode 724

724 3106 2  0.6216  0.4505  0.4  8.36723e-312
from 2 to 3 matchnode 724

724 74 2  0.3663  0.5929  0.566667  8.3674e-312
724 717 2  0.6039  0.7546  0.4  6.95151e-310
edge_match: 
from 3 to 2 matchnode 74

74 719 2  0.7238  0.738  0.783333  0
74 724 2  0.7998  0.6887  0.566667  0
from 3 to 2 matchnode 717

717 719 1  0.67  0.67  0.645  0
717 724 2  0.6586  0.6392  0.413333  0
edge_match: 
from 4 to 3 matchnode 21

21 74 2  0.9405  0.4536  0.483333  8.36723e-312
21 717 2  0.5395  0.91  0.41  8.3674e-312
from 4 to 3 matchnode 67

67 74 2  0.549  0.3999  0.786667  8.36723e-312
67 717 2  0.4256  0.477  0.653333  8.3674e-312

pattern answer44:
vertex1: 节点个数 1
3152 1 0.64
vertex2: 节点个数 2
101 2 0.35
120 2 0.42
vertex3: 节点个数 2
74 3 0.81
942 3 0.58
vertex4: 节点个数 2
38 4 0.42
67 4 0.78
edge_match: 
from 1 to 2 matchnode 3152

3152 101 2  0.5508  0.374  0.47  0
3152 120 2  0.451  0.492  0.51  0
from 1 to 3 matchnode 3152

3152 74 2  0.8008  0.748  0.57  8.36742e-312
3152 942 2  0.3268  0.8232  0.72  8.36742e-312
edge_match: 
from 2 to 1 matchnode 101

101 3152 2  0.473  0.3672  0.526667  9.17379e-313
from 2 to 3 matchnode 101

101 74 2  0.7708  0.741  0.563333  8.3674e-312
101 942 2  0.5035  0.846  0.376667  6.95151e-310
from 2 to 1 matchnode 120

120 3152 2  0.5073  0.4092  0.636667  9.17379e-313
from 2 to 3 matchnode 120

120 74 2  0.8277  0.6586  0.733333  8.3674e-312
120 942 2  0.5073  0.5394  0.616667  6.95151e-310
edge_match: 
from 3 to 2 matchnode 74

74 101 2  0.4845  0.9114  0.543333  0
74 120 2  0.697  0.8036  0.566667  0
from 3 to 2 matchnode 942

942 101 2  0.7128  0.5546  0.523333  8.36725e-312
942 120 1  0.72  0.41  0.5  8.36725e-312
edge_match: 
from 4 to 3 matchnode 38

38 74 2  0.585  0.6975  0.73  8.36723e-312
38 942 2  0.4655  0.6956  0.4  8.36742e-312
from 4 to 3 matchnode 67

67 74 2  0.549  0.3999  0.786667  8.36723e-312
67 942 2  0.488  0.372  0.71  8.36742e-312

pattern answer45:
vertex1: 节点个数 1
3180 1 0.6
vertex2: 节点个数 2
63 2 0.52
724 2 0.42
vertex3: 节点个数 2
74 3 0.81
848 3 0.35
vertex4: 节点个数 2
21 4 0.45
38 4 0.42
edge_match: 
from 1 to 2 matchnode 3180

3180 63 2  0.3915  0.405  0.453333  0
3180 724 2  0.6364  0.3783  0.496667  0
from 1 to 3 matchnode 3180

3180 74 2  0.3735  0.729  0.55  8.36742e-312
3180 848 2  0.666  0.3081  0.473333  8.36742e-312
edge_match: 
from 2 to 1 matchnode 63

63 3180 2  0.3465  0.6364  0.46  9.17379e-313
from 2 to 3 matchnode 63

63 74 2  0.779  0.5544  0.606667  8.3674e-312
63 848 2  0.3952  0.5372  0.456667  6.95151e-310
from 2 to 1 matchnode 724

724 3180 2  0.4292  0.6208  0.523333  9.17379e-313
from 2 to 3 matchnode 724

724 74 2  0.3663  0.5929  0.566667  8.3674e-312
724 848 1  0.93  0.66  0.385  6.95151e-310
edge_match: 
from 3 to 2 matchnode 74

74 63 2  0.7905  0.8134  0.6  0
74 724 2  0.7998  0.6887  0.566667  0
from 3 to 2 matchnode 848

848 63 2  0.7524  0.4292  0.34  0
848 724 1  0.65  0.81  0.385  0
edge_match: 
from 4 to 3 matchnode 21

21 74 2  0.9405  0.4536  0.483333  8.36723e-312
21 848 2  0.38  0.4012  0.433333  8.36741e-312
from 4 to 3 matchnode 38

38 74 2  0.585  0.6975  0.73  8.36723e-312
38 848 2  0.729  0.7742  0.413333  8.36741e-312

pattern answer46:
vertex1: 节点个数 1
3277 1 0.71
vertex2: 节点个数 2
63 2 0.52
719 2 0.98
vertex3: 节点个数 2
49 3 0.97
74 3 0.81
vertex4: 节点个数 2
21 4 0.45
38 4 0.42
edge_match: 
from 1 to 2 matchnode 3277

3277 63 2  0.369  0.3007  0.68  0
3277 719 2  0.3876  0.4914  0.72  0
from 1 to 3 matchnode 3277

3277 49 2  0.4352  0.4536  0.716667  8.36742e-312
3277 74 2  0.6138  0.4554  0.603333  8.36742e-312
edge_match: 
from 2 to 1 matchnode 63

63 3277 2  0.3741  0.559  0.63  9.17379e-313
from 2 to 3 matchnode 63

63 49 2  0.6622  0.48  0.646667  6.95151e-310
63 74 2  0.779  0.5544  0.606667  8.3674e-312
from 2 to 1 matchnode 719

719 3277 2  0.3354  0.3136  0.7  9.17379e-313
from 2 to 3 matchnode 719

719 49 2  0.392  0.8316  0.723333  6.95151e-310
719 74 2  0.481  0.7068  0.916667  8.3674e-312
edge_match: 
from 3 to 2 matchnode 49

49 63 2  0.3362  0.6417  0.726667  0
49 719 2  0.456  0.6164  0.916667  0
from 3 to 2 matchnode 74

74 63 2  0.7905  0.8134  0.6  0
74 719 2  0.7238  0.738  0.783333  0
edge_match: 
from 4 to 3 matchnode 21

21 49 2  0.3492  0.8928  0.633333  0
21 74 2  0.9405  0.4536  0.483333  8.36723e-312
from 4 to 3 matchnode 38

38 49 2  0.5016  0.5073  0.733333  0
38 74 2  0.585  0.6975  0.73  8.36723e-312

pattern answer47:
vertex1: 节点个数 1
3281 1 0.71
vertex2: 节点个数 2
187 2 0.54
429 2 0.51
vertex3: 节点个数 2
74 3 0.81
1396 3 0.32
vertex4: 节点个数 2
21 4 0.45
122 4 1
edge_match: 
from 1 to 2 matchnode 3281

3281 187 2  0.3344  0.7544  0.646667  0
3281 429 2  0.8178  0.52  0.696667  0
from 1 to 3 matchnode 3281

3281 74 2  0.364  0.6664  0.81  8.36743e-312
3281 1396 2  0.882  0.3283  0.4  8.36743e-312
edge_match: 
from 2 to 1 matchnode 187

187 3281 2  0.4081  0.496  0.553333  9.17379e-313
from 2 to 3 matchnode 187

187 74 2  0.4307  0.646  0.453333  8.3674e-312
187 1396 2  0.459  0.3225  0.39  6.95151e-310
from 2 to 1 matchnode 429

429 3281 2  0.3795  0.9118  0.693333  9.17379e-313
from 2 to 3 matchnode 429

429 74 2  0.83  0.567  0.52  8.3674e-312
429 1396 2  0.4256  0.3608  0.543333  6.95151e-310
edge_match: 
from 3 to 2 matchnode 74

74 187 2  0.3776  0.585  0.593333  0
74 429 2  0.5415  0.874  0.74  0
from 3 to 2 matchnode 1396

1396 187 2  0.816  0.3234  0.4  8.36742e-312
1396 429 2  0.9306  0.688  0.566667  8.36742e-312
edge_match: 
from 4 to 3 matchnode 21

21 74 2  0.9405  0.4536  0.483333  8.36723e-312
21 1396 2  0.6889  0.6435  0.443333  8.3674e-312
from 4 to 3 matchnode 122

122 74 1  0.76  0.8  0.905  8.36723e-312
122 1396 2  0.5336  0.5472  0.74  8.3674e-312

pattern answer48:
vertex1: 节点个数 1
3774 1 0.78
vertex2: 节点个数 2
100 2 0.89
5952 2 0.98
vertex3: 节点个数 2
849 3 0.35
71403 3 0.74
vertex4: 节点个数 2
32 4 0.54
89 4 0.77
edge_match: 
from 1 to 2 matchnode 3774

3774 100 2  0.4095  0.5162  0.663333  0
3774 5952 2  0.6256  0.747  0.616667  0
from 1 to 3 matchnode 3774

3774 849 2  0.5776  0.3168  0.586667  8.36723e-312
3774 71403 2  0.3626  0.3528  0.61  8.36723e-312
edge_match: 
from 2 to 1 matchnode 100

100 3774 2  0.335  0.6643  0.716667  1.8605e-310
from 2 to 3 matchnode 100

100 849 2  0.6975  0.392  0.51  8.36725e-312
100 71403 1  0.82  0.85  0.815  8.36742e-312
from 2 to 1 matchnode 5952

5952 3774 2  0.4704  0.5146  0.763333  1.8605e-310
from 2 to 3 matchnode 5952

5952 849 2  0.7776  0.3744  0.553333  8.36725e-312
5952 71403 2  0.833  0.7268  0.633333  8.36742e-312
edge_match: 
from 3 to 2 matchnode 849

849 100 2  0.4158  0.5376  0.603333  0
849 5952 2  0.396  0.4608  0.483333  0
from 3 to 2 matchnode 71403

71403 100 1  0.34  0.45  0.815  8.36743e-312
71403 5952 2  0.6478  0.5782  0.8  8.36743e-312
edge_match: 
from 4 to 3 matchnode 32

32 849 2  0.8178  0.6935  0.53  8.3674e-312
32 71403 2  0.3572  0.4275  0.66  8.36742e-312
from 4 to 3 matchnode 89

89 849 2  0.3045  0.5346  0.443333  8.3674e-312
89 71403 2  0.656  0.3315  0.8  8.36742e-312

pattern answer49:
vertex1: 节点个数 1
4062 1 0.51
vertex2: 节点个数 2
918 2 0.6
1390 2 0.3
vertex3: 节点个数 2
849 3 0.35
1396 3 0.32
vertex4: 节点个数 2
21 4 0.45
354 4 0.99
edge_match: 
from 1 to 2 matchnode 4062

4062 918 2  0.6351  0.4428  0.693333  0
4062 1390 1  0.63  0.55  0.405  0
from 1 to 3 matchnode 4062

4062 849 2  0.558  0.6966  0.503333  8.36742e-312
4062 1396 2  0.572  0.4508  0.353333  8.36742e-312
edge_match: 
from 2 to 1 matchnode 918

918 4062 2  0.3034  0.6111  0.58  8.36742e-312
from 2 to 3 matchnode 918

918 849 2  0.6525  0.7644  0.5  8.36725e-312
918 1396 2  0.5152  0.4864  0.606667  6.95151e-310
from 2 to 1 matchnode 1390

1390 4062 2  0.6674  0.6045  0.346667  8.36742e-312
from 2 to 3 matchnode 1390

1390 849 2  0.3975  0.9306  0.306667  8.36725e-312
1390 1396 2  0.7905  0.6432  0.516667  6.95151e-310
edge_match: 
from 3 to 2 matchnode 849

849 918 1  0.9  0.84  0.475  0
849 1390 2  0.3724  0.6512  0.53  0
from 3 to 2 matchnode 1396

1396 918 2  0.792  0.7568  0.49  8.36742e-312
1396 1390 2  0.6052  0.9405  0.34  8.36742e-312
edge_match: 
from 4 to 3 matchnode 21

21 849 1  0.71  0.95  0.4  8.3674e-312
21 1396 2  0.6889  0.6435  0.443333  8.3674e-312
from 4 to 3 matchnode 354

354 849 1  0.68  0.85  0.67  8.3674e-312
354 1396 2  0.3782  0.3953  0.603333  8.3674e-312

pattern answer50:
vertex1: 节点个数 1
4345 1 0.86
vertex2: 节点个数 2
100 2 0.89
101 2 0.35
vertex3: 节点个数 2
74 3 0.81
653 3 0.8
vertex4: 节点个数 2
21 4 0.45
38 4 0.42
edge_match: 
from 1 to 2 matchnode 4345

4345 100 2  0.4416  0.3738  0.83  0
4345 101 2  0.513  0.5673  0.56  0
from 1 to 3 matchnode 4345

4345 74 2  0.828  0.5063  0.713333  8.36723e-312
4345 653 2  0.6612  0.5104  0.853333  8.36723e-312
edge_match: 
from 2 to 1 matchnode 100

100 4345 2  0.5415  0.3526  0.873333  8.36723e-312
from 2 to 3 matchnode 100

100 74 2  0.836  0.8036  0.893333  8.3674e-312
100 653 2  0.9405  0.782  0.793333  8.36725e-312
from 2 to 1 matchnode 101

101 4345 2  0.361  0.8342  0.693333  8.36723e-312
from 2 to 3 matchnode 101

101 74 2  0.7708  0.741  0.563333  8.3674e-312
101 653 2  0.5841  0.493  0.613333  8.36725e-312
edge_match: 
from 3 to 2 matchnode 74

74 100 2  0.7347  0.5325  0.723333  0
74 101 2  0.4845  0.9114  0.543333  0
from 3 to 2 matchnode 653

653 100 2  0.837  0.4784  0.703333  8.36742e-312
653 101 2  0.6545  0.5808  0.56  8.36742e-312
edge_match: 
from 4 to 3 matchnode 21

21 74 2  0.9405  0.4536  0.483333  8.36723e-312
21 653 2  0.3741  0.4171  0.706667  8.36742e-312
from 4 to 3 matchnode 38

38 74 2  0.585  0.6975  0.73  8.36723e-312
38 653 2  0.3115  0.3483  0.58  8.36742e-312

pattern answer51:
vertex1: 节点个数 1
4564 1 0.72
vertex2: 节点个数 2
63 2 0.52
918 2 0.6
vertex3: 节点个数 2
49 3 0.97
74 3 0.81
vertex4: 节点个数 2
21 4 0.45
38 4 0.42
edge_match: 
from 1 to 2 matchnode 4564

4564 63 2  0.396  0.3087  0.436667  0
4564 918 2  0.3713  0.6958  0.7  0
from 1 to 3 matchnode 4564

4564 49 2  0.5278  0.5607  0.81  8.36728e-312
4564 74 2  0.7476  0.4366  0.646667  8.36728e-312
edge_match: 
from 2 to 1 matchnode 63

63 4564 2  0.4131  0.7154  0.746667  1.8605e-310
from 2 to 3 matchnode 63

63 49 2  0.6622  0.48  0.646667  6.95151e-310
63 74 2  0.779  0.5544  0.606667  8.3674e-312
from 2 to 1 matchnode 918

918 4564 1  0.51  0.42  0.66  1.8605e-310
from 2 to 3 matchnode 918

918 49 2  0.729  0.4929  0.696667  6.95151e-310
918 74 2  0.7553  0.304  0.663333  8.3674e-312
edge_match: 
from 3 to 2 matchnode 49

49 63 2  0.3362  0.6417  0.726667  0
49 918 2  0.5084  0.6417  0.806667  0
from 3 to 2 matchnode 74

74 63 2  0.7905  0.8134  0.6  0
74 918 2  0.8455  0.6804  0.76  0
edge_match: 
from 4 to 3 matchnode 21

21 49 2  0.3492  0.8928  0.633333  0
21 74 2  0.9405  0.4536  0.483333  8.36723e-312
from 4 to 3 matchnode 38

38 49 2  0.5016  0.5073  0.733333  0
38 74 2  0.585  0.6975  0.73  8.36723e-312

pattern answer52:
vertex1: 节点个数 1
4770 1 0.85
vertex2: 节点个数 2
724 2 0.42
1164 2 0.44
vertex3: 节点个数 2
74 3 0.81
717 3 0.31
vertex4: 节点个数 2
21 4 0.45
67 4 0.78
edge_match: 
from 1 to 2 matchnode 4770

4770 724 2  0.405  0.6806  0.593333  0
4770 1164 2  0.8835  0.4425  0.586667  0
from 1 to 3 matchnode 4770

4770 74 2  0.3441  0.4543  0.71  8.36743e-312
4770 717 2  0.5673  0.5782  0.543333  8.36743e-312
edge_match: 
from 2 to 1 matchnode 724

724 4770 2  0.4214  0.6675  0.513333  8.36723e-312
from 2 to 3 matchnode 724

724 74 2  0.3663  0.5929  0.566667  8.3674e-312
724 717 2  0.6039  0.7546  0.4  6.95151e-310
from 2 to 1 matchnode 1164

1164 4770 2  0.729  0.4828  0.703333  8.36723e-312
from 2 to 3 matchnode 1164

1164 74 2  0.782  0.438  0.75  8.3674e-312
1164 717 2  0.6958  0.3008  0.406667  6.95151e-310
edge_match: 
from 3 to 2 matchnode 74

74 724 2  0.7998  0.6887  0.566667  0
74 1164 2  0.5605  0.7125  0.573333  0
from 3 to 2 matchnode 717

717 724 2  0.6586  0.6392  0.413333  0
717 1164 1  0.45  0.59  0.375  0
edge_match: 
from 4 to 3 matchnode 21

21 74 2  0.9405  0.4536  0.483333  8.36723e-312
21 717 2  0.5395  0.91  0.41  8.3674e-312
from 4 to 3 matchnode 67

67 74 2  0.549  0.3999  0.786667  8.36723e-312
67 717 2  0.4256  0.477  0.653333  8.3674e-312

pattern answer53:
vertex1: 节点个数 1
5415 1 0.54
vertex2: 节点个数 2
101 2 0.35
719 2 0.98
vertex3: 节点个数 2
49 3 0.97
74 3 0.81
vertex4: 节点个数 2
21 4 0.45
38 4 0.42
edge_match: 
from 1 to 2 matchnode 5415

5415 101 2  0.4556  0.5695  0.436667  0
5415 719 2  0.496  0.3901  0.833333  0
from 1 to 3 matchnode 5415

5415 49 2  0.3038  0.672  0.68  8.36743e-312
5415 74 2  0.616  0.5063  0.776667  8.36743e-312
edge_match: 
from 2 to 1 matchnode 101

101 5415 2  0.57  0.3136  0.45  1.8605e-310
from 2 to 3 matchnode 101

101 49 2  0.5916  0.6035  0.45  6.95151e-310
101 74 2  0.7708  0.741  0.563333  8.3674e-312
from 2 to 1 matchnode 719

719 5415 2  0.6318  0.5084  0.796667  1.8605e-310
from 2 to 3 matchnode 719

719 49 2  0.392  0.8316  0.723333  6.95151e-310
719 74 2  0.481  0.7068  0.916667  8.3674e-312
edge_match: 
from 3 to 2 matchnode 49

49 101 2  0.598  0.588  0.58  0
49 719 2  0.456  0.6164  0.916667  0
from 3 to 2 matchnode 74

74 101 2  0.4845  0.9114  0.543333  0
74 719 2  0.7238  0.738  0.783333  0
edge_match: 
from 4 to 3 matchnode 21

21 49 2  0.3492  0.8928  0.633333  0
21 74 2  0.9405  0.4536  0.483333  8.36723e-312
from 4 to 3 matchnode 38

38 49 2  0.5016  0.5073  0.733333  0
38 74 2  0.585  0.6975  0.73  8.36723e-312

pattern answer54:
vertex1: 节点个数 1
6084 1 0.54
vertex2: 节点个数 2
63 2 0.52
297 2 0.43
vertex3: 节点个数 2
74 3 0.81
696 3 0.35
vertex4: 节点个数 2
67 4 0.78
75 4 0.54
edge_match: 
from 1 to 2 matchnode 6084

6084 63 2  0.5225  0.6174  0.376667  0
6084 297 2  0.8742  0.3569  0.58  0
from 1 to 3 matchnode 6084

6084 74 2  0.5985  0.5684  0.473333  8.36743e-312
6084 696 1  0.72  0.63  0.445  8.36743e-312
edge_match: 
from 2 to 1 matchnode 63

63 6084 2  0.3135  0.6534  0.686667  1.8605e-310
from 2 to 3 matchnode 63

63 74 2  0.779  0.5544  0.606667  8.3674e-312
63 696 2  0.3348  0.6984  0.523333  6.95151e-310
from 2 to 1 matchnode 297

297 6084 2  0.5146  0.3886  0.43  1.8605e-310
from 2 to 3 matchnode 297

297 74 2  0.9306  0.874  0.59  8.3674e-312
297 696 2  0.3312  0.3876  0.59  6.95151e-310
edge_match: 
from 3 to 2 matchnode 74

74 63 2  0.7905  0.8134  0.6  0
74 297 1  0.59  0.9  0.62  0
from 3 to 2 matchnode 696

696 63 2  0.3762  0.819  0.35  0
696 297 2  0.8019  0.5487  0.486667  0
edge_match: 
from 4 to 3 matchnode 67

67 74 2  0.549  0.3999  0.786667  8.36723e-312
67 696 2  0.4656  0.3417  0.706667  8.36742e-312
from 4 to 3 matchnode 75

75 74 2  0.9021  0.5655  0.64  8.36723e-312
75 696 2  0.352  0.4176  0.586667  8.36742e-312

pattern answer55:
vertex1: 节点个数 1
6340 1 0.56
vertex2: 节点个数 2
101 2 0.35
297 2 0.43
vertex3: 节点个数 2
74 3 0.81
696 3 0.35
vertex4: 节点个数 2
67 4 0.78
75 4 0.54
edge_match: 
from 1 to 2 matchnode 6340

6340 101 2  0.7885  0.6804  0.55  0
6340 297 2  0.5846  0.4757  0.433333  0
from 1 to 3 matchnode 6340

6340 74 2  0.7802  0.76  0.633333  8.36743e-312
6340 696 2  0.3115  0.442  0.356667  8.36743e-312
edge_match: 
from 2 to 1 matchnode 101

101 6340 2  0.656  0.741  0.48  1.8605e-310
from 2 to 3 matchnode 101

101 74 2  0.7708  0.741  0.563333  8.3674e-312
101 696 2  0.7917  0.5852  0.463333  6.95151e-310
from 2 to 1 matchnode 297

297 6340 2  0.792  0.874  0.506667  1.8605e-310
from 2 to 3 matchnode 297

297 74 2  0.9306  0.874  0.59  8.3674e-312
297 696 2  0.3312  0.3876  0.59  6.95151e-310
edge_match: 
from 3 to 2 matchnode 74

74 101 2  0.4845  0.9114  0.543333  0
74 297 1  0.59  0.9  0.62  0
from 3 to 2 matchnode 696

696 101 2  0.8836  0.354  0.31  0
696 297 2  0.8019  0.5487  0.486667  0
edge_match: 
from 4 to 3 matchnode 67

67 74 2  0.549  0.3999  0.786667  8.36723e-312
67 696 2  0.4656  0.3417  0.706667  8.36742e-312
from 4 to 3 matchnode 75

75 74 2  0.9021  0.5655  0.64  8.36723e-312
75 696 2  0.352  0.4176  0.586667  8.36742e-312

pattern answer56:
vertex1: 节点个数 1
6624 1 0.47
vertex2: 节点个数 2
63 2 0.52
446 2 0.67
vertex3: 节点个数 2
49 3 0.97
74 3 0.81
vertex4: 节点个数 2
21 4 0.45
38 4 0.42
edge_match: 
from 1 to 2 matchnode 6624

6624 63 2  0.527  0.8924  0.486667  0
6624 446 2  0.5481  0.5451  0.593333  0
from 1 to 3 matchnode 6624

6624 49 2  0.6264  0.4524  0.6  8.36743e-312
6624 74 2  0.4656  0.38  0.726667  8.36743e-312
edge_match: 
from 2 to 1 matchnode 63

63 6624 2  0.4158  0.4418  0.486667  9.17379e-313
from 2 to 3 matchnode 63

63 49 2  0.6622  0.48  0.646667  6.95151e-310
63 74 2  0.779  0.5544  0.606667  8.3674e-312
from 2 to 1 matchnode 446

446 6624 2  0.5092  0.6956  0.496667  9.17379e-313
from 2 to 3 matchnode 446

446 49 2  0.6715  0.5022  0.556667  6.95151e-310
446 74 2  0.3696  0.4209  0.72  8.3674e-312
edge_match: 
from 3 to 2 matchnode 49

49 63 2  0.3362  0.6417  0.726667  0
49 446 2  0.6424  0.7081  0.733333  0
from 3 to 2 matchnode 74

74 63 2  0.7905  0.8134  0.6  0
74 446 2  0.9702  0.4416  0.65  0
edge_match: 
from 4 to 3 matchnode 21

21 49 2  0.3492  0.8928  0.633333  0
21 74 2  0.9405  0.4536  0.483333  8.36723e-312
from 4 to 3 matchnode 38

38 49 2  0.5016  0.5073  0.733333  0
38 74 2  0.585  0.6975  0.73  8.36723e-312

pattern answer57:
vertex1: 节点个数 1
6652 1 0.62
vertex2: 节点个数 2
918 2 0.6
1472 2 0.88
vertex3: 节点个数 2
1613 3 0.68
1640 3 0.35
vertex4: 节点个数 2
21 4 0.45
210 4 0.82
edge_match: 
from 1 to 2 matchnode 6652

6652 918 2  0.4788  0.3036  0.483333  0
6652 1472 2  0.5544  0.6204  0.576667  0
from 1 to 3 matchnode 6652

6652 1613 2  0.3024  0.6468  0.51  8.36728e-312
6652 1640 2  0.4095  0.4818  0.4  8.36728e-312
edge_match: 
from 2 to 1 matchnode 918

918 6652 2  0.9604  0.5194  0.483333  8.36723e-312
from 2 to 3 matchnode 918

918 1613 2  0.4704  0.9604  0.503333  8.36741e-312
918 1640 2  0.637  0.7154  0.393333  6.95151e-310
from 2 to 1 matchnode 1472

1472 6652 2  0.8428  0.4346  0.576667  8.36723e-312
from 2 to 3 matchnode 1472

1472 1613 2  0.4128  0.8036  0.596667  8.36741e-312
1472 1640 2  0.6786  0.8415  0.53  6.95151e-310
edge_match: 
from 3 to 2 matchnode 1613

1613 918 2  0.9306  0.5775  0.553333  8.3674e-312
1613 1472 2  0.7832  0.752  0.596667  8.3674e-312
from 3 to 2 matchnode 1640

1640 918 2  0.7128  0.7425  0.443333  0
1640 1472 2  0.5238  0.3358  0.443333  0
edge_match: 
from 4 to 3 matchnode 21

21 1613 2  0.4473  0.798  0.493333  8.36742e-312
21 1640 2  0.48  0.518  0.516667  8.36742e-312
from 4 to 3 matchnode 210

210 1613 2  0.4608  0.703  0.79  8.36742e-312
210 1640 2  0.4485  0.4672  0.466667  8.36742e-312

pattern answer58:
vertex1: 节点个数 1
6951 1 0.57
vertex2: 节点个数 2
1283 2 0.59
1518 2 0.48
vertex3: 节点个数 2
1396 3 0.32
4357 3 0.45
vertex4: 节点个数 2
354 4 0.99
420 4 0.71
edge_match: 
from 1 to 2 matchnode 6951

6951 1283 1  0.92  0.72  0.58  0
6951 1518 2  0.4704  0.494  0.363333  0
from 1 to 3 matchnode 6951

6951 1396 2  0.315  0.7553  0.586667  8.36743e-312
6951 4357 2  0.3128  0.5616  0.536667  8.36743e-312
edge_match: 
from 2 to 1 matchnode 1283

1283 6951 1  0.54  0.36  0.58  9.17379e-313
from 2 to 3 matchnode 1283

1283 1396 2  0.5865  0.8832  0.613333  6.95151e-310
1283 4357 1  0.34  0.78  0.52  6.95151e-310
from 2 to 1 matchnode 1518

1518 6951 2  0.3162  0.4235  0.466667  9.17379e-313
from 2 to 3 matchnode 1518

1518 1396 2  0.6308  0.3362  0.533333  6.95151e-310
1518 4357 2  0.657  0.3  0.476667  6.95151e-310
edge_match: 
from 3 to 2 matchnode 1396

1396 1283 2  0.6555  0.8342  0.553333  8.36742e-312
1396 1518 2  0.3082  0.7138  0.59  8.36742e-312
from 3 to 2 matchnode 4357

4357 1283 2  0.4018  0.4189  0.57  0
4357 1518 2  0.6642  0.582  0.46  0
edge_match: 
from 4 to 3 matchnode 354

354 1396 2  0.3782  0.3953  0.603333  8.3674e-312
354 4357 2  0.348  0.4503  0.613333  8.36742e-312
from 4 to 3 matchnode 420

420 1396 2  0.7098  0.4539  0.403333  8.3674e-312
420 4357 2  0.75  0.465  0.486667  8.36742e-312

pattern answer59:
vertex1: 节点个数 1
8274 1 0.36
vertex2: 节点个数 2
8270 2 0.97
9174 2 0.55
vertex3: 节点个数 2
2985 3 0.66
5103 3 0.49
vertex4: 节点个数 2
833 4 0.83
1520 4 0.59
edge_match: 
from 1 to 2 matchnode 8274

8274 8270 2  0.6468  0.4914  0.703333  0
8274 9174 1  0.68  0.79  0.455  0
from 1 to 3 matchnode 8274

8274 2985 2  0.6528  0.4661  0.523333  8.36743e-312
8274 5103 1  0.53  0.86  0.425  8.36743e-312
edge_match: 
from 2 to 1 matchnode 8270

8270 8274 2  0.475  0.6853  0.663333  8.36723e-312
from 2 to 3 matchnode 8270

8270 2985 1  0.95  0.77  0.815  8.36723e-312
8270 5103 2  0.8184  0.4628  0.713333  6.95151e-310
from 2 to 1 matchnode 9174

9174 8274 2  0.48  0.5251  0.523333  8.36723e-312
from 2 to 3 matchnode 9174

9174 2985 1  0.96  0.59  0.605  8.36723e-312
9174 5103 2  0.4165  0.442  0.666667  6.95151e-310
edge_match: 
from 3 to 2 matchnode 2985

2985 8270 1  0.79  0.67  0.815  0
2985 9174 2  0.34  0.7031  0.523333  0
from 3 to 2 matchnode 5103

5103 8270 2  0.6794  0.3082  0.706667  8.36723e-312
5103 9174 2  0.475  0.3534  0.666667  8.36723e-312
edge_match: 
from 4 to 3 matchnode 833

833 2985 2  0.4558  0.4232  0.66  8.36743e-312
833 5103 1  0.53  0.92  0.66  8.36743e-312
from 4 to 3 matchnode 1520

1520 2985 2  0.5418  0.4002  0.58  8.36743e-312
1520 5103 1  0.63  0.87  0.54  8.36743e-312

pattern answer60:
vertex1: 节点个数 1
9087 1 0.53
vertex2: 节点个数 2
137 2 0.75
1472 2 0.88
vertex3: 节点个数 2
49 3 0.97
128 3 0.3
vertex4: 节点个数 2
21 4 0.45
67 4 0.78
edge_match: 
from 1 to 2 matchnode 9087

9087 137 2  0.6435  0.7138  0.74  0
9087 1472 2  0.83  0.5445  0.676667  0
from 1 to 3 matchnode 9087

9087 49 2  0.6272  0.68  0.676667  8.36743e-312
9087 128 2  0.5632  0.765  0.453333  8.36743e-312
edge_match: 
from 2 to 1 matchnode 137

137 9087 2  0.3654  0.7134  0.5  8.36723e-312
from 2 to 3 matchnode 137

137 49 2  0.3542  0.648  0.723333  6.95151e-310
137 128 2  0.7488  0.8245  0.426667  6.95151e-310
from 2 to 1 matchnode 1472

1472 9087 2  0.3584  0.5037  0.583333  8.36723e-312
from 2 to 3 matchnode 1472

1472 49 2  0.8099  0.623  0.863333  6.95151e-310
1472 128 2  0.6048  0.738  0.723333  6.95151e-310
edge_match: 
from 3 to 2 matchnode 49

49 137 2  0.3953  0.4524  0.9  0
49 1472 2  0.5002  0.4761  0.9  0
from 3 to 2 matchnode 128

128 137 2  0.7371  0.37  0.636667  0
128 1472 2  0.6734  1  0.68  0
edge_match: 
from 4 to 3 matchnode 21

21 49 2  0.3492  0.8928  0.633333  0
21 128 2  0.5727  0.37  0.406667  8.36741e-312
from 4 to 3 matchnode 67

67 49 2  0.3355  0.8091  0.84  0
67 128 2  0.6916  0.756  0.65  8.36741e-312

pattern answer61:
vertex1: 节点个数 1
9179 1 0.98
vertex2: 节点个数 2
8270 2 0.97
9174 2 0.55
vertex3: 节点个数 2
2985 3 0.66
5103 3 0.49
vertex4: 节点个数 2
833 4 0.83
1520 4 0.59
edge_match: 
from 1 to 2 matchnode 9179

9179 8270 2  0.4752  0.5546  0.96  0
9179 9174 2  0.3145  0.4896  0.84  0
from 1 to 3 matchnode 9179

9179 2985 2  0.6106  0.3496  0.71  8.36743e-312
9179 5103 1  0.71  0.76  0.735  8.36743e-312
edge_match: 
from 2 to 1 matchnode 8270

8270 9179 1  0.53  0.91  0.975  8.36723e-312
from 2 to 3 matchnode 8270

8270 2985 1  0.95  0.77  0.815  8.36723e-312
8270 5103 2  0.8184  0.4628  0.713333  6.95151e-310
from 2 to 1 matchnode 9174

9174 9179 2  0.7872  0.4012  0.73  8.36723e-312
from 2 to 3 matchnode 9174

9174 2985 1  0.96  0.59  0.605  8.36723e-312
9174 5103 2  0.4165  0.442  0.666667  6.95151e-310
edge_match: 
from 3 to 2 matchnode 2985

2985 8270 1  0.79  0.67  0.815  0
2985 9174 2  0.34  0.7031  0.523333  0
from 3 to 2 matchnode 5103

5103 8270 2  0.6794  0.3082  0.706667  8.36723e-312
5103 9174 2  0.475  0.3534  0.666667  8.36723e-312
edge_match: 
from 4 to 3 matchnode 833

833 2985 2  0.4558  0.4232  0.66  8.36743e-312
833 5103 1  0.53  0.92  0.66  8.36743e-312
from 4 to 3 matchnode 1520

1520 2985 2  0.5418  0.4002  0.58  8.36743e-312
1520 5103 1  0.63  0.87  0.54  8.36743e-312

pattern answer62:
vertex1: 节点个数 1
9398 1 0.75
vertex2: 节点个数 2
558 2 0.42
71400 2 0.35
vertex3: 节点个数 2
49 3 0.97
74 3 0.81
vertex4: 节点个数 2
21 4 0.45
38 4 0.42
edge_match: 
from 1 to 2 matchnode 9398

9398 558 2  0.364  0.621  0.713333  0
9398 71400 2  0.6264  0.3825  0.616667  0
from 1 to 3 matchnode 9398

9398 49 2  0.6873  0.465  0.823333  8.36743e-312
9398 74 2  0.4032  0.4758  0.746667  8.36743e-312
edge_match: 
from 2 to 1 matchnode 558

558 9398 2  0.3132  0.3128  0.543333  9.17379e-313
from 2 to 3 matchnode 558

558 49 2  0.4753  0.9114  0.623333  6.95151e-310
558 74 2  0.5544  0.469  0.423333  8.3674e-312
from 2 to 1 matchnode 71400

71400 9398 2  0.7387  0.406  0.646667  9.17379e-313
from 2 to 3 matchnode 71400

71400 49 2  0.3599  0.3402  0.706667  6.95151e-310
71400 74 2  0.9405  0.4644  0.673333  8.3674e-312
edge_match: 
from 3 to 2 matchnode 49

49 558 2  0.3696  0.783  0.733333  0
49 71400 2  0.3024  0.3588  0.706667  0
from 3 to 2 matchnode 74

74 558 2  0.6499  0.3627  0.7  0
74 71400 2  0.86  0.664  0.69  0
edge_match: 
from 4 to 3 matchnode 21

21 49 2  0.3492  0.8928  0.633333  0
21 74 2  0.9405  0.4536  0.483333  8.36723e-312
from 4 to 3 matchnode 38

38 49 2  0.5016  0.5073  0.733333  0
38 74 2  0.585  0.6975  0.73  8.36723e-312

pattern answer63:
vertex1: 节点个数 1
10403 1 0.94
vertex2: 节点个数 2
429 2 0.51
1164 2 0.44
vertex3: 节点个数 2
717 3 0.31
1751 3 0.87
vertex4: 节点个数 2
67 4 0.78
155 4 0.76
edge_match: 
from 1 to 2 matchnode 10403

10403 429 2  0.5076  0.536  0.773333  0
10403 1164 2  0.462  0.4648  0.746667  0
from 1 to 3 matchnode 10403

10403 717 2  0.459  0.324  0.486667  8.36743e-312
10403 1751 2  0.3038  0.5056  0.893333  8.36743e-312
edge_match: 
from 2 to 1 matchnode 429

429 10403 1  0.77  0.69  0.725  9.17379e-313
from 2 to 3 matchnode 429

429 717 2  0.4672  0.6314  0.56  6.95151e-310
429 1751 2  0.5475  0.5096  0.57  6.95151e-310
from 2 to 1 matchnode 1164

1164 10403 2  0.6776  0.4623  0.63  9.17379e-313
from 2 to 3 matchnode 1164

1164 717 2  0.6958  0.3008  0.406667  6.95151e-310
1164 1751 2  0.7938  0.4704  0.67  6.95151e-310
edge_match: 
from 3 to 2 matchnode 717

717 429 2  0.736  0.3381  0.583333  0
717 1164 1  0.45  0.59  0.375  0
from 3 to 2 matchnode 1751

1751 429 2  0.8554  0.76  0.75  8.36726e-312
1751 1164 2  0.364  0.703  0.726667  8.36726e-312
edge_match: 
from 4 to 3 matchnode 67

67 717 2  0.4256  0.477  0.653333  8.3674e-312
67 1751 2  0.7448  0.711  0.84  8.3674e-312
from 4 to 3 matchnode 155

155 717 2  0.3813  0.6557  0.683333  8.3674e-312
155 1751 2  0.627  0.539  0.643333  8.3674e-312

pattern answer64:
vertex1: 节点个数 1
26370 1 0.3
vertex2: 节点个数 2
918 2 0.6
1472 2 0.88
vertex3: 节点个数 2
1613 3 0.68
3500 3 0.81
vertex4: 节点个数 2
21 4 0.45
210 4 0.82
edge_match: 
from 1 to 2 matchnode 26370

26370 918 2  0.5928  0.3082  0.376667  0
26370 1472 2  0.6864  0.6298  0.47  0
from 1 to 3 matchnode 26370

26370 1613 2  0.3744  0.6566  0.403333  8.36743e-312
26370 3500 2  0.6708  0.4422  0.446667  8.36743e-312
edge_match: 
from 2 to 1 matchnode 918

918 26370 2  0.5782  0.5684  0.376667  0
from 2 to 3 matchnode 918

918 1613 2  0.4704  0.9604  0.503333  8.36741e-312
918 3500 2  0.8428  0.6468  0.546667  6.95151e-310
from 2 to 1 matchnode 1472

1472 26370 2  0.5074  0.4756  0.47  0
from 2 to 3 matchnode 1472

1472 1613 2  0.4128  0.8036  0.596667  8.36741e-312
1472 3500 2  0.7396  0.5412  0.64  6.95151e-310
edge_match: 
from 3 to 2 matchnode 1613

1613 918 2  0.9306  0.5775  0.553333  8.3674e-312
1613 1472 2  0.7832  0.752  0.596667  8.3674e-312
from 3 to 2 matchnode 3500

3500 918 2  0.4582  0.3752  0.76  0
3500 1472 2  0.6882  0.59  0.85  0
edge_match: 
from 4 to 3 matchnode 21

21 1613 2  0.4473  0.798  0.493333  8.36742e-312
21 3500 2  0.6966  0.3828  0.496667  8.3674e-312
from 4 to 3 matchnode 210

210 1613 2  0.4608  0.703  0.79  8.36742e-312
210 3500 2  0.8811  0.32  0.843333  8.3674e-312

