pattern answer1:
vertex1: 节点个数 1
538 1 0.88
vertex2: 节点个数 2
2386 2 0.79
5203 2 0.88
vertex3: 节点个数 2
2413 3 0.81
5512 3 0.6
vertex4: 节点个数 2
511 4 0.74
5538 4 0.75
edge_match: 
from 1 to 2 matchnode 538

538 2386 2  0.5751  0.728  0.883333  0
538 5203 2  0.585  0.54  0.856667  0
from 1 to 3 matchnode 538

538 2413 1  0.65  0.9  0.845  1.07104e-311
538 5512 2  0.6435  0.873  0.763333  1.07104e-311
edge_match: 
from 2 to 1 matchnode 2386

2386 538 2  0.7656  0.5723  0.883333  4.28692e-312
from 2 to 3 matchnode 2386

2386 2413 2  0.5694  0.9506  0.783333  6.95132e-310
2386 5512 2  0.7332  0.5824  0.73  1.07101e-311
from 2 to 1 matchnode 5203

5203 538 2  0.8342  0.8415  0.59  4.28692e-312
from 2 to 3 matchnode 5203

5203 2413 1  0.71  0.95  0.845  6.95132e-310
5203 5512 2  0.7029  0.9215  0.763333  1.07101e-311
edge_match: 
from 3 to 2 matchnode 2413

2413 2386 1  0.88  0.63  0.8  0
2413 5203 1  0.9  0.6  0.845  0
from 3 to 2 matchnode 5512

5512 2386 2  0.525  0.6279  0.58  1.07104e-311
5512 5203 2  0.588  0.5742  0.51  1.07104e-311
edge_match: 
from 4 to 3 matchnode 511

511 2413 2  0.8008  0.5184  0.546667  1.071e-311
511 5512 2  0.7308  0.6141  0.776667  1.07101e-311
from 4 to 3 matchnode 5538

5538 2413 1  0.73  0.98  0.78  1.071e-311
5538 5512 2  0.7227  0.9506  0.72  1.07101e-311

