pattern answer1:
vertex1: 节点个数 1
32722 1 0.95
vertex2: 节点个数 2
65240 2 0.85
116487 2 0.55
vertex3: 节点个数 2
67454 3 0.99
109944 3 0.69
vertex4: 节点个数 2
7794 4 0.55
47324 4 0.9
edge_match: 
from 1 to 2 matchnode 32722

32722 65240 2  0.8342  0.664  0.74  0
32722 116487 2  0.8514  0.5893  0.64  0
from 1 to 3 matchnode 32722

32722 67454 2  0.7912  0.83  0.786667  1.50863e-311
32722 109944 2  0.7482  0.7719  0.686667  1.50863e-311
edge_match: 
from 2 to 1 matchnode 65240

65240 32722 2  0.6142  0.5928  0.74  4.47981e-312
from 2 to 3 matchnode 65240

65240 67454 2  0.6808  0.78  0.753333  6.95127e-310
65240 109944 2  0.6438  0.7254  0.653333  1.50851e-311
from 2 to 1 matchnode 116487

116487 32722 2  0.6308  0.57  0.64  4.47981e-312
from 2 to 3 matchnode 116487

116487 67454 2  0.6992  0.75  0.653333  6.95127e-310
116487 109944 2  0.6612  0.6975  0.553333  1.50851e-311
edge_match: 
from 3 to 2 matchnode 67454

67454 65240 2  0.5626  0.744  0.753333  0
67454 116487 2  0.5742  0.6603  0.653333  0
from 3 to 2 matchnode 109944

109944 65240 2  0.873  0.68  0.653333  0
109944 116487 2  0.891  0.6035  0.553333  0
edge_match: 
from 4 to 3 matchnode 7794

7794 67454 2  0.6624  0.62  0.653333  1.50874e-311
7794 109944 2  0.6786  0.5304  0.603333  1.50851e-311
from 4 to 3 matchnode 47324

47324 67454 2  0.598  0.65  0.77  1.50874e-311
47324 109944 2  0.5655  0.6045  0.67  1.50851e-311

pattern answer2:
vertex1: 节点个数 1
78176 1 0.56
vertex2: 节点个数 2
65240 2 0.85
116487 2 0.55
vertex3: 节点个数 2
67454 3 0.99
109944 3 0.69
vertex4: 节点个数 2
7794 4 0.55
47324 4 0.9
edge_match: 
from 1 to 2 matchnode 78176

78176 65240 2  0.6693  0.64  0.61  0
78176 116487 2  0.6831  0.568  0.51  0
from 1 to 3 matchnode 78176

78176 67454 2  0.6348  0.8  0.656667  1.50834e-311
78176 109944 2  0.6003  0.744  0.556667  1.50834e-311
edge_match: 
from 2 to 1 matchnode 65240

65240 78176 2  0.5032  0.6396  0.61  1.50773e-311
from 2 to 3 matchnode 65240

65240 67454 2  0.6808  0.78  0.753333  6.95127e-310
65240 109944 2  0.6438  0.7254  0.653333  1.50851e-311
from 2 to 1 matchnode 116487

116487 78176 2  0.5168  0.615  0.51  1.50773e-311
from 2 to 3 matchnode 116487

116487 67454 2  0.6992  0.75  0.653333  6.95127e-310
116487 109944 2  0.6612  0.6975  0.553333  1.50851e-311
edge_match: 
from 3 to 2 matchnode 67454

67454 65240 2  0.5626  0.744  0.753333  0
67454 116487 2  0.5742  0.6603  0.653333  0
from 3 to 2 matchnode 109944

109944 65240 2  0.873  0.68  0.653333  0
109944 116487 2  0.891  0.6035  0.553333  0
edge_match: 
from 4 to 3 matchnode 7794

7794 67454 2  0.6624  0.62  0.653333  1.50874e-311
7794 109944 2  0.6786  0.5304  0.603333  1.50851e-311
from 4 to 3 matchnode 47324

47324 67454 2  0.598  0.65  0.77  1.50874e-311
47324 109944 2  0.5655  0.6045  0.67  1.50851e-311

pattern answer3:
vertex1: 节点个数 1
84248 1 0.81
vertex2: 节点个数 2
62676 2 0.6
99194 2 0.6
vertex3: 节点个数 2
109944 3 0.69
115287 3 0.85
vertex4: 节点个数 2
56496 4 0.92
59838 4 0.8
edge_match: 
from 1 to 2 matchnode 84248

84248 62676 2  0.666  0.7857  0.61  0
84248 99194 2  0.765  0.6887  0.61  0
from 1 to 3 matchnode 84248

84248 109944 2  0.783  0.9021  0.64  1.50824e-311
84248 115287 2  0.675  0.7566  0.693333  1.50824e-311
edge_match: 
from 2 to 1 matchnode 62676

62676 84248 2  0.6014  0.7189  0.61  4.47981e-312
from 2 to 3 matchnode 62676

62676 109944 2  0.8439  0.8463  0.57  1.50851e-311
62676 115287 2  0.7275  0.7098  0.623333  1.50875e-311
from 2 to 1 matchnode 99194

99194 84248 2  0.6138  0.6162  0.61  4.47981e-312
from 2 to 3 matchnode 99194

99194 109944 2  0.8613  0.7254  0.57  1.50851e-311
99194 115287 2  0.7425  0.6084  0.623333  1.50875e-311
edge_match: 
from 3 to 2 matchnode 109944

109944 62676 2  0.666  0.6885  0.57  0
109944 99194 2  0.765  0.6035  0.57  0
from 3 to 2 matchnode 115287

115287 62676 2  0.518  0.6804  0.623333  0
115287 99194 2  0.595  0.5964  0.623333  0
edge_match: 
from 4 to 3 matchnode 56496

56496 109944 2  0.8613  0.9207  0.676667  1.50851e-311
56496 115287 2  0.7425  0.7722  0.73  1.50875e-311
from 4 to 3 matchnode 59838

59838 109944 2  0.6003  0.7812  0.636667  1.50851e-311
59838 115287 2  0.5175  0.6552  0.69  1.50875e-311

pattern answer4:
vertex1: 节点个数 1
85427 1 0.6
vertex2: 节点个数 2
62676 2 0.6
65240 2 0.85
vertex3: 节点个数 2
109944 3 0.69
115287 3 0.85
vertex4: 节点个数 2
56496 4 0.92
59838 4 0.8
edge_match: 
from 1 to 2 matchnode 85427

85427 62676 2  0.6734  0.5508  0.54  0
85427 65240 2  0.8827  0.544  0.623333  0
from 1 to 3 matchnode 85427

85427 109944 2  0.7917  0.6324  0.57  1.50825e-311
85427 115287 2  0.6825  0.5304  0.623333  1.50825e-311
edge_match: 
from 2 to 1 matchnode 62676

62676 85427 2  0.8051  0.6188  0.54  1.50875e-311
from 2 to 3 matchnode 62676

62676 109944 2  0.8439  0.8463  0.57  1.50851e-311
62676 115287 2  0.7275  0.7098  0.623333  1.50875e-311
from 2 to 1 matchnode 65240

65240 85427 2  0.6142  0.5304  0.623333  1.50875e-311
from 2 to 3 matchnode 65240

65240 109944 2  0.6438  0.7254  0.653333  1.50851e-311
65240 115287 2  0.555  0.6084  0.706667  1.50875e-311
edge_match: 
from 3 to 2 matchnode 109944

109944 62676 2  0.666  0.6885  0.57  0
109944 65240 2  0.873  0.68  0.653333  0
from 3 to 2 matchnode 115287

115287 62676 2  0.518  0.6804  0.623333  0
115287 65240 2  0.679  0.672  0.706667  0
edge_match: 
from 4 to 3 matchnode 56496

56496 109944 2  0.8613  0.9207  0.676667  1.50851e-311
56496 115287 2  0.7425  0.7722  0.73  1.50875e-311
from 4 to 3 matchnode 59838

59838 109944 2  0.6003  0.7812  0.636667  1.50851e-311
59838 115287 2  0.5175  0.6552  0.69  1.50875e-311

pattern answer5:
vertex1: 节点个数 1
95539 1 0.54
vertex2: 节点个数 2
62676 2 0.6
65240 2 0.85
vertex3: 节点个数 2
109944 3 0.69
115287 3 0.85
vertex4: 节点个数 2
56496 4 0.92
59838 4 0.8
edge_match: 
from 1 to 2 matchnode 95539

95539 62676 2  0.629  0.5508  0.52  0
95539 65240 2  0.8245  0.544  0.603333  0
from 1 to 3 matchnode 95539

95539 109944 2  0.7395  0.6324  0.55  1.50822e-311
95539 115287 2  0.6375  0.5304  0.603333  1.50822e-311
edge_match: 
from 2 to 1 matchnode 62676

62676 95539 2  0.6693  0.8281  0.52  4.47981e-312
from 2 to 3 matchnode 62676

62676 109944 2  0.8439  0.8463  0.57  1.50851e-311
62676 115287 2  0.7275  0.7098  0.623333  1.50875e-311
from 2 to 1 matchnode 65240

65240 95539 2  0.5106  0.7098  0.603333  4.47981e-312
from 2 to 3 matchnode 65240

65240 109944 2  0.6438  0.7254  0.653333  1.50851e-311
65240 115287 2  0.555  0.6084  0.706667  1.50875e-311
edge_match: 
from 3 to 2 matchnode 109944

109944 62676 2  0.666  0.6885  0.57  0
109944 65240 2  0.873  0.68  0.653333  0
from 3 to 2 matchnode 115287

115287 62676 2  0.518  0.6804  0.623333  0
115287 65240 2  0.679  0.672  0.706667  0
edge_match: 
from 4 to 3 matchnode 56496

56496 109944 2  0.8613  0.9207  0.676667  1.50851e-311
56496 115287 2  0.7425  0.7722  0.73  1.50875e-311
from 4 to 3 matchnode 59838

59838 109944 2  0.6003  0.7812  0.636667  1.50851e-311
59838 115287 2  0.5175  0.6552  0.69  1.50875e-311

