pattern answer1:
vertex1: 节点个数 1
30 1 0.47
vertex2: 节点个数 2
63 2 0.52
719 2 0.98
vertex3: 节点个数 2
49 3 0.97
74 3 0.81
vertex4: 节点个数 2
38 4 0.42
75 4 0.54
edge_match: 
from 1 to 2 matchnode 30

30 63 2  0.4437  0.495  0.41  0
30 719 2  0.98  0.5084  0.586667  0
from 1 to 3 matchnode 30

30 49 2  0.7553  0.5162  0.726667  1.15457e-311
30 74 2  0.598  0.7626  0.746667  1.15457e-311
edge_match: 
from 2 to 1 matchnode 63

63 30 2  0.534  0.7533  0.5  0
from 2 to 3 matchnode 63

63 49 2  0.6622  0.48  0.646667  6.95147e-310
63 74 2  0.779  0.5544  0.606667  1.15455e-311
from 2 to 1 matchnode 719

719 30 2  0.5767  0.486  0.816667  0
from 2 to 3 matchnode 719

719 49 2  0.546  0.4402  0.94  6.95147e-310
719 74 2  0.481  0.7068  0.916667  1.15455e-311
edge_match: 
from 3 to 2 matchnode 49

49 63 2  0.4176  0.415  0.576667  0
49 719 2  0.456  0.6164  0.916667  0
from 3 to 2 matchnode 74

74 63 2  0.7905  0.8134  0.6  0
74 719 2  0.7238  0.738  0.783333  0
edge_match: 
from 4 to 3 matchnode 38

38 49 2  0.5016  0.5073  0.733333  1.15457e-311
38 74 2  0.585  0.6975  0.73  1.15455e-311
from 4 to 3 matchnode 75

75 49 2  0.873  0.48  0.556667  1.15457e-311
75 74 2  0.9021  0.5655  0.64  1.15455e-311

pattern answer2:
vertex1: 节点个数 1
31 1 0.42
vertex2: 节点个数 2
63 2 0.52
719 2 0.98
vertex3: 节点个数 2
49 3 0.97
74 3 0.81
vertex4: 节点个数 2
38 4 0.42
75 4 0.54
edge_match: 
from 1 to 2 matchnode 31

31 63 2  0.8649  0.7968  0.47  0
31 719 2  0.4802  0.5002  0.57  0
from 1 to 3 matchnode 31

31 49 2  0.7857  0.5952  0.623333  1.15457e-311
31 74 2  0.8556  0.7968  0.566667  1.15457e-311
edge_match: 
from 2 to 1 matchnode 63

63 31 2  0.8455  0.7998  0.483333  6.95335e-310
from 2 to 3 matchnode 63

63 49 2  0.6622  0.48  0.646667  6.95147e-310
63 74 2  0.779  0.5544  0.606667  1.15455e-311
from 2 to 1 matchnode 719

719 31 2  0.5032  0.608  0.786667  6.95335e-310
from 2 to 3 matchnode 719

719 49 2  0.546  0.4402  0.94  6.95147e-310
719 74 2  0.481  0.7068  0.916667  1.15455e-311
edge_match: 
from 3 to 2 matchnode 49

49 63 2  0.4176  0.415  0.576667  0
49 719 2  0.456  0.6164  0.916667  0
from 3 to 2 matchnode 74

74 63 2  0.7905  0.8134  0.6  0
74 719 2  0.7238  0.738  0.783333  0
edge_match: 
from 4 to 3 matchnode 38

38 49 2  0.5016  0.5073  0.733333  1.15457e-311
38 74 2  0.585  0.6975  0.73  1.15455e-311
from 4 to 3 matchnode 75

75 49 2  0.873  0.48  0.556667  1.15457e-311
75 74 2  0.9021  0.5655  0.64  1.15455e-311

pattern answer3:
vertex1: 节点个数 1
44 1 0.9
vertex2: 节点个数 2
63 2 0.52
719 2 0.98
vertex3: 节点个数 2
49 3 0.97
74 3 0.81
vertex4: 节点个数 2
38 4 0.42
75 4 0.54
edge_match: 
from 1 to 2 matchnode 44

44 63 2  0.8649  0.581  0.63  0
44 719 1  0.74  0.45  0.94  0
from 1 to 3 matchnode 44

44 49 1  0.53  0.83  0.935  1.15457e-311
44 74 1  0.97  0.5  0.855  1.15457e-311
edge_match: 
from 2 to 1 matchnode 63

63 44 2  0.7938  0.6039  0.806667  1.15455e-311
from 2 to 3 matchnode 63

63 49 2  0.6622  0.48  0.646667  6.95147e-310
63 74 2  0.779  0.5544  0.606667  1.15455e-311
from 2 to 1 matchnode 719

719 44 2  0.5478  0.4554  0.856667  1.15455e-311
from 2 to 3 matchnode 719

719 49 2  0.546  0.4402  0.94  6.95147e-310
719 74 2  0.481  0.7068  0.916667  1.15455e-311
edge_match: 
from 3 to 2 matchnode 49

49 63 2  0.4176  0.415  0.576667  0
49 719 2  0.456  0.6164  0.916667  0
from 3 to 2 matchnode 74

74 63 2  0.7905  0.8134  0.6  0
74 719 2  0.7238  0.738  0.783333  0
edge_match: 
from 4 to 3 matchnode 38

38 49 2  0.5016  0.5073  0.733333  1.15457e-311
38 74 2  0.585  0.6975  0.73  1.15455e-311
from 4 to 3 matchnode 75

75 49 2  0.873  0.48  0.556667  1.15457e-311
75 74 2  0.9021  0.5655  0.64  1.15455e-311

pattern answer4:
vertex1: 节点个数 1
443 1 0.87
vertex2: 节点个数 2
100 2 0.89
1164 2 0.44
vertex3: 节点个数 2
74 3 0.81
620 3 0.79
vertex4: 节点个数 2
122 4 1
210 4 0.82
edge_match: 
from 1 to 2 matchnode 443

443 100 2  0.7663  0.6825  0.743333  0
443 1164 2  0.8835  0.4275  0.593333  0
from 1 to 3 matchnode 443

443 74 2  0.4641  0.7298  0.806667  1.15456e-311
443 620 2  0.6525  0.5888  0.806667  1.15456e-311
edge_match: 
from 2 to 1 matchnode 100

100 443 2  0.8924  0.6375  0.826667  1.15455e-311
from 2 to 3 matchnode 100

100 74 2  0.836  0.8036  0.893333  1.15455e-311
100 620 2  0.68  0.4692  0.893333  1.15455e-311
from 2 to 1 matchnode 1164

1164 443 2  0.4312  0.5762  0.606667  1.15455e-311
from 2 to 3 matchnode 1164

1164 74 2  0.782  0.438  0.75  1.15455e-311
1164 620 2  0.6336  0.418  0.513333  1.15455e-311
edge_match: 
from 3 to 2 matchnode 74

74 100 2  0.7347  0.5325  0.723333  0
74 1164 2  0.5605  0.7125  0.573333  0
from 3 to 2 matchnode 620

620 100 2  0.6  0.4312  0.643333  1.15457e-311
620 1164 2  0.4788  0.4505  0.68  1.15457e-311
edge_match: 
from 4 to 3 matchnode 122

122 74 1  0.76  0.8  0.905  1.15455e-311
122 620 1  0.8  0.69  0.895  1.15457e-311
from 4 to 3 matchnode 210

210 74 2  0.5616  0.7505  0.833333  1.15455e-311
210 620 2  0.7304  0.4712  0.64  1.15457e-311

pattern answer5:
vertex1: 节点个数 1
549 1 0.53
vertex2: 节点个数 2
120 2 0.42
724 2 0.42
vertex3: 节点个数 2
74 3 0.81
942 3 0.58
vertex4: 节点个数 2
38 4 0.42
75 4 0.54
edge_match: 
from 1 to 2 matchnode 549

549 120 2  0.46  0.7176  0.586667  0
549 724 2  0.5915  0.6642  0.433333  0
from 1 to 3 matchnode 549

549 74 1  1  0.78  0.67  1.15457e-311
549 942 2  0.5795  0.4982  0.436667  1.15457e-311
edge_match: 
from 2 to 1 matchnode 120

120 549 2  0.5082  0.704  0.583333  3.77302e-312
from 2 to 3 matchnode 120

120 74 2  0.8277  0.6586  0.733333  1.15455e-311
120 942 2  0.5073  0.5394  0.616667  1.15455e-311
from 2 to 1 matchnode 724

724 549 2  0.405  0.4275  0.44  3.77302e-312
from 2 to 3 matchnode 724

724 74 2  0.5115  0.4422  0.526667  1.15455e-311
724 942 2  0.5856  0.5625  0.483333  1.15455e-311
edge_match: 
from 3 to 2 matchnode 74

74 120 2  0.697  0.8036  0.566667  0
74 724 2  0.7998  0.6887  0.566667  0
from 3 to 2 matchnode 942

942 120 1  0.72  0.41  0.5  1.15455e-311
942 724 2  0.7347  0.4293  0.643333  1.15455e-311
edge_match: 
from 4 to 3 matchnode 38

38 74 2  0.585  0.6975  0.73  1.15455e-311
38 942 2  0.4655  0.6956  0.4  1.15455e-311
from 4 to 3 matchnode 75

75 74 2  0.9021  0.5655  0.64  1.15455e-311
75 942 1  0.48  0.4  0.56  1.15455e-311

pattern answer6:
vertex1: 节点个数 1
1167 1 0.91
vertex2: 节点个数 2
719 2 0.98
918 2 0.6
vertex3: 节点个数 2
49 3 0.97
2034 3 0.74
vertex4: 节点个数 2
75 4 0.54
89 4 0.77
edge_match: 
from 1 to 2 matchnode 1167

1167 719 2  0.4128  0.76  0.916667  0
1167 918 2  0.6675  0.4104  0.663333  0
from 1 to 3 matchnode 1167

1167 49 2  0.7275  0.5022  0.786667  1.15455e-311
1167 2034 2  0.6816  0.4914  0.723333  1.15455e-311
edge_match: 
from 2 to 1 matchnode 719

719 1167 2  0.5723  0.7826  0.8  0
from 2 to 3 matchnode 719

719 49 2  0.546  0.4402  0.94  6.95147e-310
719 2034 2  0.5694  0.434  0.863333  1.15455e-311
from 2 to 1 matchnode 918

918 1167 2  0.418  0.6142  0.763333  0
from 2 to 3 matchnode 918

918 49 2  0.729  0.4929  0.696667  6.95147e-310
918 2034 2  0.6499  0.722  0.5  1.15455e-311
edge_match: 
from 3 to 2 matchnode 49

49 719 2  0.456  0.6164  0.916667  0
49 918 2  0.5084  0.6417  0.806667  0
from 3 to 2 matchnode 2034

2034 719 2  0.6958  0.6068  0.676667  1.15456e-311
2034 918 2  0.7568  0.5544  0.776667  1.15456e-311
edge_match: 
from 4 to 3 matchnode 75

75 49 2  0.873  0.48  0.556667  1.15457e-311
75 2034 2  0.5915  0.5467  0.546667  1.15455e-311
from 4 to 3 matchnode 89

89 49 2  0.408  0.5278  0.736667  1.15457e-311
89 2034 2  0.476  0.4823  0.66  1.15455e-311

pattern answer7:
vertex1: 节点个数 1
1400 1 0.64
vertex2: 节点个数 2
719 2 0.98
918 2 0.6
vertex3: 节点个数 2
49 3 0.97
1751 3 0.87
vertex4: 节点个数 2
155 4 0.76
420 4 0.71
edge_match: 
from 1 to 2 matchnode 1400

1400 719 1  0.57  0.92  0.81  0
1400 918 1  0.94  0.85  0.62  0
from 1 to 3 matchnode 1400

1400 49 1  0.75  0.43  0.805  1.15457e-311
1400 1751 2  0.5586  0.784  0.736667  1.15457e-311
edge_match: 
from 2 to 1 matchnode 719

719 1400 2  0.672  0.7719  0.78  0
from 2 to 3 matchnode 719

719 49 2  0.546  0.4402  0.94  6.95147e-310
719 1751 2  0.5772  0.4018  0.69  6.95147e-310
from 2 to 1 matchnode 918

918 1400 2  0.4263  0.6144  0.586667  0
from 2 to 3 matchnode 918

918 49 2  0.729  0.4929  0.696667  6.95147e-310
918 1751 2  0.874  0.6164  0.516667  6.95147e-310
edge_match: 
from 3 to 2 matchnode 49

49 719 2  0.456  0.6164  0.916667  0
49 918 2  0.5084  0.6417  0.806667  0
from 3 to 2 matchnode 1751

1751 719 2  0.6696  0.4898  0.75  1.15455e-311
1751 918 2  0.49  0.4453  0.573333  1.15455e-311
edge_match: 
from 4 to 3 matchnode 155

155 49 2  0.6  0.6972  0.63  1.15457e-311
155 1751 2  0.627  0.539  0.643333  1.15455e-311
from 4 to 3 matchnode 420

420 49 2  0.4257  0.6776  0.88  1.15457e-311
420 1751 2  0.741  0.7209  0.586667  1.15455e-311

pattern answer8:
vertex1: 节点个数 1
1754 1 0.84
vertex2: 节点个数 2
187 2 0.54
1460 2 0.53
vertex3: 节点个数 2
3932 3 0.94
4061 3 0.88
vertex4: 节点个数 2
21 4 0.45
122 4 1
edge_match: 
from 1 to 2 matchnode 1754

1754 187 2  0.576  0.544  0.746667  0
1754 1460 2  0.4544  0.432  0.743333  0
from 1 to 3 matchnode 1754

1754 3932 2  0.4224  0.6624  0.74  1.15457e-311
1754 4061 2  0.704  0.8633  0.58  1.15457e-311
edge_match: 
from 2 to 1 matchnode 187

187 1754 2  0.8554  0.6365  0.553333  1.15455e-311
from 2 to 3 matchnode 187

187 3932 2  0.8526  0.7469  0.82  1.15457e-311
187 4061 2  0.5529  0.5782  0.666667  6.95147e-310
from 2 to 1 matchnode 1460

1460 1754 2  0.4788  0.7216  0.686667  1.15455e-311
from 2 to 3 matchnode 1460

1460 3932 2  0.48  0.8928  0.636667  1.15457e-311
1460 4061 2  0.4218  0.6958  0.663333  6.95147e-310
edge_match: 
from 3 to 2 matchnode 3932

3932 187 2  0.528  0.792  0.633333  0
3932 1460 2  0.5508  0.4814  0.676667  0
from 3 to 2 matchnode 4061

4061 187 2  0.801  0.6528  0.76  0
4061 1460 2  0.6319  0.5184  0.756667  0
edge_match: 
from 4 to 3 matchnode 21

21 3932 2  0.522  0.6237  0.79  1.15457e-311
21 4061 2  0.424  0.6499  0.45  1.15455e-311
from 4 to 3 matchnode 122

122 3932 2  0.7569  0.4774  0.973333  1.15457e-311
122 4061 2  0.512  0.97  0.633333  1.15455e-311

pattern answer9:
vertex1: 节点个数 1
2561 1 0.4
vertex2: 节点个数 2
63 2 0.52
719 2 0.98
vertex3: 节点个数 2
49 3 0.97
74 3 0.81
vertex4: 节点个数 2
38 4 0.42
75 4 0.54
edge_match: 
from 1 to 2 matchnode 2561

2561 63 2  0.7954  0.8712  0.59  0
2561 719 2  0.6241  0.686  0.776667  0
from 1 to 3 matchnode 2561

2561 49 2  0.56  0.6106  0.746667  1.15456e-311
2561 74 2  0.624  0.6794  0.693333  1.15456e-311
edge_match: 
from 2 to 1 matchnode 63

63 2561 2  0.592  0.86  0.5  3.77302e-312
from 2 to 3 matchnode 63

63 49 2  0.6622  0.48  0.646667  6.95147e-310
63 74 2  0.779  0.5544  0.606667  1.15455e-311
from 2 to 1 matchnode 719

719 2561 2  0.6497  0.4968  0.793333  3.77302e-312
from 2 to 3 matchnode 719

719 49 2  0.546  0.4402  0.94  6.95147e-310
719 74 2  0.481  0.7068  0.916667  1.15455e-311
edge_match: 
from 3 to 2 matchnode 49

49 63 2  0.4176  0.415  0.576667  0
49 719 2  0.456  0.6164  0.916667  0
from 3 to 2 matchnode 74

74 63 2  0.7905  0.8134  0.6  0
74 719 2  0.7238  0.738  0.783333  0
edge_match: 
from 4 to 3 matchnode 38

38 49 2  0.5016  0.5073  0.733333  1.15457e-311
38 74 2  0.585  0.6975  0.73  1.15455e-311
from 4 to 3 matchnode 75

75 49 2  0.873  0.48  0.556667  1.15457e-311
75 74 2  0.9021  0.5655  0.64  1.15455e-311

pattern answer10:
vertex1: 节点个数 1
5415 1 0.54
vertex2: 节点个数 2
918 2 0.6
1472 2 0.88
vertex3: 节点个数 2
49 3 0.97
1613 3 0.68
vertex4: 节点个数 2
210 4 0.82
289 4 0.5
edge_match: 
from 1 to 2 matchnode 5415

5415 918 2  0.42  0.444  0.626667  0
5415 1472 2  0.4136  0.7332  0.55  0
from 1 to 3 matchnode 5415

5415 49 2  0.498  0.4592  0.613333  1.15455e-311
5415 1613 2  0.637  0.5994  0.653333  1.15455e-311
edge_match: 
from 2 to 1 matchnode 918

918 5415 2  0.441  0.5684  0.456667  1.94944e-311
from 2 to 3 matchnode 918

918 49 2  0.729  0.4929  0.696667  6.95147e-310
918 1613 2  0.4704  0.9604  0.503333  1.15457e-311
from 2 to 1 matchnode 1472

1472 5415 2  0.8134  0.4851  0.63  1.94944e-311
from 2 to 3 matchnode 1472

1472 49 2  0.8099  0.623  0.863333  6.95147e-310
1472 1613 2  0.4128  0.8036  0.596667  1.15457e-311
edge_match: 
from 3 to 2 matchnode 49

49 918 2  0.5084  0.6417  0.806667  0
49 1472 2  0.5002  0.4761  0.9  0
from 3 to 2 matchnode 1613

1613 918 2  0.9306  0.5775  0.553333  1.15457e-311
1613 1472 2  0.7832  0.752  0.596667  1.15457e-311
edge_match: 
from 4 to 3 matchnode 210

210 49 2  0.8184  0.8544  0.866667  1.15457e-311
210 1613 2  0.4608  0.703  0.79  1.15457e-311
from 4 to 3 matchnode 289

289 49 2  0.5795  0.4032  0.686667  1.15457e-311
289 1613 2  0.6545  0.594  0.42  1.15457e-311

