pattern answer1:
vertex1: 节点个数 1
7130 1 0.41
vertex2: 节点个数 2
16835 2 0.56
52861 2 0.9
vertex3: 节点个数 2
228817 3 0.55
239011 3 0.52
vertex4: 节点个数 2
2767 4 0.69
15135 4 0.8
edge_match: 
from 1 to 2 matchnode 7130

7130 16835 2  0.4005  0.7304  0.57  0
7130 52861 2  0.4005  0.5104  0.683333  0
from 1 to 3 matchnode 7130

7130 228817 2  0.6052  0.5104  0.566667  1.1809e-311
7130 239011 2  0.8188  0.5544  0.556667  1.1809e-311
edge_match: 
from 2 to 1 matchnode 16835

16835 7130 2  0.7161  0.4389  0.57  0
from 2 to 3 matchnode 16835

16835 228817 2  0.6324  0.4466  0.616667  6.95159e-310
16835 239011 2  0.8556  0.4851  0.606667  1.1809e-311
from 2 to 1 matchnode 52861

52861 7130 2  0.6083  0.4446  0.683333  0
from 2 to 3 matchnode 52861

52861 228817 2  0.5372  0.4524  0.73  6.95159e-310
52861 239011 2  0.7268  0.4914  0.72  1.1809e-311
edge_match: 
from 3 to 2 matchnode 228817

228817 16835 2  0.423  0.6391  0.616667  0
228817 52861 2  0.423  0.4466  0.73  0
from 3 to 2 matchnode 239011

239011 16835 2  0.432  0.6889  0.606667  0
239011 52861 2  0.432  0.4814  0.72  0
edge_match: 
from 4 to 3 matchnode 2767

2767 228817 2  0.4012  0.4176  0.66  1.1809e-311
2767 239011 2  0.5428  0.4536  0.65  1.1809e-311
from 4 to 3 matchnode 15135

15135 228817 2  0.5508  0.435  0.696667  1.1809e-311
15135 239011 2  0.7452  0.4725  0.686667  1.1809e-311

pattern answer2:
vertex1: 节点个数 1
32722 1 0.95
vertex2: 节点个数 2
62676 2 0.6
65240 2 0.85
vertex3: 节点个数 2
16842 3 0.59
65851 3 0.44
vertex4: 节点个数 2
47324 4 0.9
56496 4 0.92
edge_match: 
from 1 to 2 matchnode 32722

32722 62676 2  0.6364  0.6723  0.656667  0
32722 65240 2  0.8342  0.664  0.74  0
from 1 to 3 matchnode 32722

32722 16842 2  0.8342  0.5146  0.653333  1.18017e-311
32722 65851 2  0.8084  0.5229  0.603333  1.18017e-311
edge_match: 
from 2 to 1 matchnode 62676

62676 32722 2  0.8051  0.6916  0.656667  1.18005e-311
from 2 to 3 matchnode 62676

62676 16842 2  0.9409  0.5642  0.536667  6.95159e-310
62676 65851 2  0.9118  0.5733  0.486667  1.17989e-311
from 2 to 1 matchnode 65240

65240 32722 2  0.6142  0.5928  0.74  1.18005e-311
from 2 to 3 matchnode 65240

65240 16842 2  0.7178  0.4836  0.62  6.95159e-310
65240 65851 2  0.6956  0.4914  0.57  1.17989e-311
edge_match: 
from 3 to 2 matchnode 16842

16842 62676 2  0.7326  0.4779  0.536667  0
16842 65240 2  0.9603  0.472  0.62  0
from 3 to 2 matchnode 65851

65851 62676 2  0.6882  0.4536  0.486667  1.18025e-311
65851 65240 2  0.9021  0.448  0.57  1.18025e-311
edge_match: 
from 4 to 3 matchnode 47324

47324 16842 2  0.6305  0.403  0.636667  1.17989e-311
47324 65851 2  0.611  0.4095  0.586667  1.17989e-311
from 4 to 3 matchnode 56496

56496 16842 2  0.9603  0.6138  0.643333  1.17989e-311
56496 65851 2  0.9306  0.6237  0.593333  1.17989e-311

pattern answer3:
vertex1: 节点个数 1
48266 1 0.43
vertex2: 节点个数 2
62310 2 0.99
66559 2 0.75
vertex3: 节点个数 2
88689 3 0.42
107078 3 0.77
vertex4: 节点个数 2
7794 4 0.55
25180 4 0.88
edge_match: 
from 1 to 2 matchnode 48266

48266 62310 2  0.5025  0.4556  0.663333  0
48266 66559 2  0.4355  0.4148  0.583333  0
from 1 to 3 matchnode 48266

48266 88689 2  0.5025  0.5372  0.473333  1.18046e-311
48266 107078 2  0.4824  0.4488  0.59  1.18046e-311
edge_match: 
from 2 to 1 matchnode 62310

62310 48266 2  0.5248  0.6097  0.663333  0
from 2 to 3 matchnode 62310

62310 88689 2  0.48  0.5293  0.66  6.95159e-310
62310 107078 2  0.4608  0.4422  0.776667  1.1809e-311
from 2 to 1 matchnode 66559

66559 48266 2  0.6314  0.7917  0.583333  0
from 2 to 3 matchnode 66559

66559 88689 2  0.5775  0.6873  0.58  6.95159e-310
66559 107078 2  0.5544  0.5742  0.696667  1.1809e-311
edge_match: 
from 3 to 2 matchnode 88689

88689 62310 2  0.63  0.4891  0.66  0
88689 66559 2  0.546  0.4453  0.58  0
from 3 to 2 matchnode 107078

107078 62310 2  0.645  0.6097  0.776667  1.1809e-311
107078 66559 2  0.559  0.5551  0.696667  1.1809e-311
edge_match: 
from 4 to 3 matchnode 7794

7794 88689 2  0.6525  0.5372  0.513333  1.1809e-311
7794 107078 2  0.6264  0.4488  0.63  1.1809e-311
from 4 to 3 matchnode 25180

25180 88689 2  0.5175  0.79  0.623333  1.1809e-311
25180 107078 2  0.4968  0.66  0.74  1.1809e-311

pattern answer4:
vertex1: 节点个数 1
50925 1 0.93
vertex2: 节点个数 2
145788 2 0.86
198387 2 0.87
vertex3: 节点个数 2
88689 3 0.42
105499 3 0.51
vertex4: 节点个数 2
7794 4 0.55
25180 4 0.88
edge_match: 
from 1 to 2 matchnode 50925

50925 145788 2  0.4928  0.5278  0.786667  0
50925 198387 2  0.4224  0.551  0.79  0
from 1 to 3 matchnode 50925

50925 88689 2  0.66  0.4582  0.64  1.18045e-311
50925 105499 2  0.5368  0.4582  0.67  1.18045e-311
edge_match: 
from 2 to 1 matchnode 145788

145788 50925 2  0.6256  0.488  0.786667  4.03963e-312
from 2 to 3 matchnode 145788

145788 88689 2  0.69  0.632  0.616667  6.95159e-310
145788 105499 2  0.5612  0.632  0.646667  6.95159e-310
from 2 to 1 matchnode 198387

198387 50925 2  0.5916  0.5307  0.79  4.03963e-312
from 2 to 3 matchnode 198387

198387 88689 2  0.6525  0.6873  0.62  6.95159e-310
198387 105499 2  0.5307  0.6873  0.65  6.95159e-310
edge_match: 
from 3 to 2 matchnode 88689

88689 145788 2  0.4704  0.6643  0.616667  0
88689 198387 2  0.4032  0.6935  0.62  0
from 3 to 2 matchnode 105499

105499 145788 2  0.504  0.4004  0.646667  1.1809e-311
105499 198387 2  0.432  0.418  0.65  1.1809e-311
edge_match: 
from 4 to 3 matchnode 7794

7794 88689 2  0.6525  0.5372  0.513333  1.1809e-311
7794 105499 2  0.6816  0.78  0.593333  1.1809e-311
from 4 to 3 matchnode 25180

25180 88689 2  0.5175  0.79  0.623333  1.1809e-311
25180 105499 2  0.4209  0.79  0.653333  1.1809e-311

pattern answer5:
vertex1: 节点个数 1
64065 1 0.96
vertex2: 节点个数 2
204703 2 0.89
263740 2 0.94
vertex3: 节点个数 2
376886 3 0.68
506997 3 0.56
vertex4: 节点个数 2
112925 4 0.99
126705 4 0.69
edge_match: 
from 1 to 2 matchnode 64065

64065 204703 2  0.4864  0.6232  0.733333  0
64065 263740 2  0.5382  0.4557  0.69  0
from 1 to 3 matchnode 64065

64065 376886 2  0.7832  0.4158  0.76  1.18036e-311
64065 506997 2  0.6622  0.6888  0.56  1.18036e-311
edge_match: 
from 2 to 1 matchnode 204703

204703 64065 2  0.9306  0.6956  0.836667  1.17989e-311
from 2 to 3 matchnode 204703

204703 376886 2  0.4717  0.6016  0.76  6.95159e-310
204703 506997 2  0.6885  0.5664  0.506667  1.18058e-311
from 2 to 1 matchnode 263740

263740 64065 2  0.645  0.4838  0.766667  1.17989e-311
from 2 to 3 matchnode 263740

263740 376886 2  0.4558  0.4753  0.823333  6.95159e-310
263740 506997 2  0.46  0.7084  0.536667  1.18058e-311
edge_match: 
from 3 to 2 matchnode 376886

376886 204703 2  0.7209  0.7505  0.786667  0
376886 263740 2  0.6958  0.7308  0.666667  0
from 3 to 2 matchnode 506997

506997 204703 1  0.62  0.88  0.725  1.17989e-311
506997 263740 2  0.4185  0.435  0.643333  1.17989e-311
edge_match: 
from 4 to 3 matchnode 112925

112925 376886 2  0.8835  0.4941  0.786667  1.18058e-311
112925 506997 2  0.7885  0.5994  0.746667  1.18058e-311
from 4 to 3 matchnode 126705

126705 376886 1  0.93  0.61  0.685  1.18058e-311
126705 506997 1  0.83  0.74  0.625  1.18058e-311

pattern answer6:
vertex1: 节点个数 1
67209 1 0.68
vertex2: 节点个数 2
68257 2 0.96
104958 2 0.61
vertex3: 节点个数 2
70244 3 0.99
72641 3 0.89
vertex4: 节点个数 2
7794 4 0.55
34607 4 0.61
edge_match: 
from 1 to 2 matchnode 67209

67209 68257 2  0.7776  0.4838  0.736667  0
67209 104958 2  0.9108  0.5985  0.656667  0
from 1 to 3 matchnode 67209

67209 70244 2  0.828  0.4851  0.783333  1.18023e-311
67209 72641 2  0.4212  0.472  0.713333  1.18023e-311
edge_match: 
from 2 to 1 matchnode 68257

68257 67209 2  0.8742  0.468  0.736667  0
from 2 to 3 matchnode 68257

68257 70244 2  0.873  0.5467  0.876667  6.95159e-310
68257 72641 2  0.4836  0.48  0.806667  6.95159e-310
from 2 to 1 matchnode 104958

104958 67209 2  0.9212  0.585  0.62  0
from 2 to 3 matchnode 104958

104958 70244 2  0.72  0.4697  0.76  6.95159e-310
104958 72641 2  0.5096  0.6  0.69  6.95159e-310
edge_match: 
from 3 to 2 matchnode 70244

70244 68257 2  0.5856  0.7954  0.84  0
70244 104958 2  0.4148  0.5626  0.723333  0
from 3 to 2 matchnode 72641

72641 68257 2  0.6432  0.5822  0.806667  0
72641 104958 2  0.4556  0.4118  0.69  0
edge_match: 
from 4 to 3 matchnode 7794

7794 70244 2  0.585  0.6776  0.74  1.18058e-311
7794 72641 2  0.4524  0.544  0.67  1.18063e-311
from 4 to 3 matchnode 34607

34607 70244 2  0.5568  0.5035  0.723333  1.18058e-311
34607 72641 2  0.4992  0.76  0.69  1.18063e-311

pattern answer7:
vertex1: 节点个数 1
67220 1 0.87
vertex2: 节点个数 2
65240 2 0.85
99194 2 0.6
vertex3: 节点个数 2
16842 3 0.59
67454 3 0.99
vertex4: 节点个数 2
7794 4 0.55
47324 4 0.9
edge_match: 
from 1 to 2 matchnode 67220

67220 65240 2  0.504  0.6305  0.763333  0
67220 99194 2  0.442  0.4623  0.716667  0
from 1 to 3 matchnode 67220

67220 16842 2  0.558  0.7372  0.676667  1.18032e-311
67220 67454 2  0.4876  0.41  0.76  1.18032e-311
edge_match: 
from 2 to 1 matchnode 65240

65240 67220 2  0.592  0.6708  0.713333  4.03963e-312
from 2 to 3 matchnode 65240

65240 16842 2  0.7178  0.4836  0.62  6.95159e-310
65240 67454 2  0.6808  0.78  0.753333  6.95159e-310
from 2 to 1 matchnode 99194

99194 67220 2  0.792  0.6708  0.63  4.03963e-312
from 2 to 3 matchnode 99194

99194 16842 2  0.9603  0.4836  0.536667  6.95159e-310
99194 67454 2  0.9108  0.78  0.67  6.95159e-310
edge_match: 
from 3 to 2 matchnode 16842

16842 65240 2  0.9603  0.472  0.62  0
16842 99194 2  0.8415  0.4189  0.536667  0
from 3 to 2 matchnode 67454

67454 65240 2  0.5626  0.744  0.753333  1.1809e-311
67454 99194 2  0.493  0.6603  0.67  1.1809e-311
edge_match: 
from 4 to 3 matchnode 7794

7794 16842 2  0.5394  0.5168  0.57  1.17989e-311
7794 67454 2  0.6624  0.62  0.653333  1.18055e-311
from 4 to 3 matchnode 47324

47324 16842 2  0.6305  0.403  0.636667  1.17989e-311
47324 67454 2  0.598  0.65  0.77  1.18055e-311

pattern answer8:
vertex1: 节点个数 1
71978 1 0.52
vertex2: 节点个数 2
62310 2 0.99
68257 2 0.96
vertex3: 节点个数 2
70244 3 0.99
88689 3 0.42
vertex4: 节点个数 2
7794 4 0.55
25180 4 0.88
edge_match: 
from 1 to 2 matchnode 71978

71978 62310 2  0.5625  0.5762  0.693333  0
71978 68257 2  0.72  0.7052  0.683333  0
from 1 to 3 matchnode 71978

71978 70244 2  0.435  0.4558  0.693333  1.18043e-311
71978 88689 2  0.5625  0.6794  0.503333  1.18043e-311
edge_match: 
from 2 to 1 matchnode 62310

62310 71978 2  0.5632  0.6499  0.693333  4.03963e-312
from 2 to 3 matchnode 62310

62310 70244 2  0.684  0.7315  0.886667  6.95159e-310
62310 88689 2  0.48  0.5293  0.66  6.95159e-310
from 2 to 1 matchnode 68257

68257 71978 2  0.8184  0.582  0.683333  4.03963e-312
from 2 to 3 matchnode 68257

68257 70244 2  0.873  0.5467  0.876667  6.95159e-310
68257 88689 2  0.6975  0.474  0.65  6.95159e-310
edge_match: 
from 3 to 2 matchnode 70244

70244 62310 2  0.4575  0.6499  0.85  0
70244 68257 2  0.5856  0.7954  0.84  0
from 3 to 2 matchnode 88689

88689 62310 2  0.63  0.4891  0.66  0
88689 68257 2  0.8064  0.5986  0.65  0
edge_match: 
from 4 to 3 matchnode 7794

7794 70244 2  0.585  0.6776  0.74  1.18058e-311
7794 88689 2  0.6525  0.5372  0.513333  1.1809e-311
from 4 to 3 matchnode 25180

25180 70244 2  0.4002  0.53  0.813333  1.18058e-311
25180 88689 2  0.5175  0.79  0.623333  1.1809e-311

pattern answer9:
vertex1: 节点个数 1
74851 1 0.7
vertex2: 节点个数 2
68257 2 0.96
176028 2 0.43
vertex3: 节点个数 2
70244 3 0.99
128278 3 0.93
vertex4: 节点个数 2
5403 4 0.66
7190 4 0.88
edge_match: 
from 1 to 2 matchnode 74851

74851 68257 2  0.7584  0.4838  0.743333  0
74851 176028 2  0.7584  0.59  0.566667  0
from 1 to 3 matchnode 74851

74851 70244 2  0.585  0.7161  0.79  1.1809e-311
74851 128278 2  0.5005  0.7905  0.77  1.1809e-311
edge_match: 
from 2 to 1 matchnode 68257

68257 74851 2  0.4559  0.6816  0.78  0
from 2 to 3 matchnode 68257

68257 70244 2  0.873  0.5467  0.876667  6.95159e-310
68257 128278 2  0.7469  0.6035  0.856667  6.95159e-310
from 2 to 1 matchnode 176028

176028 74851 2  0.4559  0.7776  0.603333  0
from 2 to 3 matchnode 176028

176028 70244 2  0.873  0.6237  0.7  6.95159e-310
176028 128278 2  0.7469  0.6885  0.68  6.95159e-310
edge_match: 
from 3 to 2 matchnode 70244

70244 68257 2  0.5856  0.7954  0.84  0
70244 176028 2  0.5856  0.97  0.663333  0
from 3 to 2 matchnode 128278

128278 68257 2  0.4224  0.5904  0.82  0
128278 176028 2  0.4224  0.72  0.643333  0
edge_match: 
from 4 to 3 matchnode 5403

5403 70244 2  0.765  0.6468  0.776667  1.18058e-311
5403 128278 2  0.6545  0.714  0.756667  1.18056e-311
from 4 to 3 matchnode 7190

7190 70244 2  0.549  0.5775  0.85  1.18058e-311
7190 128278 2  0.4697  0.6375  0.83  1.18056e-311

pattern answer10:
vertex1: 节点个数 1
75679 1 0.59
vertex2: 节点个数 2
62310 2 0.99
68257 2 0.96
vertex3: 节点个数 2
70244 3 0.99
88689 3 0.42
vertex4: 节点个数 2
7794 4 0.55
25180 4 0.88
edge_match: 
from 1 to 2 matchnode 75679

75679 62310 2  0.6225  0.5829  0.716667  0
75679 68257 2  0.7968  0.7134  0.706667  0
from 1 to 3 matchnode 75679

75679 70244 2  0.45  0.6699  0.753333  1.1809e-311
75679 88689 2  0.6225  0.6873  0.526667  1.1809e-311
edge_match: 
from 2 to 1 matchnode 62310

62310 75679 2  0.4332  0.8924  0.666667  1.18031e-311
from 2 to 3 matchnode 62310

62310 70244 2  0.684  0.7315  0.886667  6.95159e-310
62310 88689 2  0.48  0.5293  0.66  6.95159e-310
from 2 to 1 matchnode 68257

68257 75679 2  0.6688  0.8924  0.656667  1.18031e-311
from 2 to 3 matchnode 68257

68257 70244 2  0.873  0.5467  0.876667  6.95159e-310
68257 88689 2  0.6975  0.474  0.65  6.95159e-310
edge_match: 
from 3 to 2 matchnode 70244

70244 62310 2  0.4575  0.6499  0.85  0
70244 68257 2  0.5856  0.7954  0.84  0
from 3 to 2 matchnode 88689

88689 62310 2  0.63  0.4891  0.66  0
88689 68257 2  0.8064  0.5986  0.65  0
edge_match: 
from 4 to 3 matchnode 7794

7794 70244 2  0.585  0.6776  0.74  1.18058e-311
7794 88689 2  0.6525  0.5372  0.513333  1.1809e-311
from 4 to 3 matchnode 25180

25180 70244 2  0.4002  0.53  0.813333  1.18058e-311
25180 88689 2  0.5175  0.79  0.623333  1.1809e-311

pattern answer11:
vertex1: 节点个数 1
78176 1 0.56
vertex2: 节点个数 2
62676 2 0.6
65240 2 0.85
vertex3: 节点个数 2
16842 3 0.59
65851 3 0.44
vertex4: 节点个数 2
47324 4 0.9
56496 4 0.92
edge_match: 
from 1 to 2 matchnode 78176

78176 62676 2  0.5106  0.648  0.526667  0
78176 65240 2  0.6693  0.64  0.61  0
from 1 to 3 matchnode 78176

78176 16842 2  0.6693  0.496  0.523333  1.1809e-311
78176 65851 2  0.6486  0.504  0.473333  1.1809e-311
edge_match: 
from 2 to 1 matchnode 62676

62676 78176 2  0.6596  0.7462  0.526667  0
from 2 to 3 matchnode 62676

62676 16842 2  0.9409  0.5642  0.536667  6.95159e-310
62676 65851 2  0.9118  0.5733  0.486667  1.17989e-311
from 2 to 1 matchnode 65240

65240 78176 2  0.5032  0.6396  0.61  0
from 2 to 3 matchnode 65240

65240 16842 2  0.7178  0.4836  0.62  6.95159e-310
65240 65851 2  0.6956  0.4914  0.57  1.17989e-311
edge_match: 
from 3 to 2 matchnode 16842

16842 62676 2  0.7326  0.4779  0.536667  0
16842 65240 2  0.9603  0.472  0.62  0
from 3 to 2 matchnode 65851

65851 62676 2  0.6882  0.4536  0.486667  1.18025e-311
65851 65240 2  0.9021  0.448  0.57  1.18025e-311
edge_match: 
from 4 to 3 matchnode 47324

47324 16842 2  0.6305  0.403  0.636667  1.17989e-311
47324 65851 2  0.611  0.4095  0.586667  1.17989e-311
from 4 to 3 matchnode 56496

56496 16842 2  0.9603  0.6138  0.643333  1.17989e-311
56496 65851 2  0.9306  0.6237  0.593333  1.17989e-311

pattern answer12:
vertex1: 节点个数 1
80027 1 0.7
vertex2: 节点个数 2
68257 2 0.96
104958 2 0.61
vertex3: 节点个数 2
70244 3 0.99
72641 3 0.89
vertex4: 节点个数 2
7794 4 0.55
34607 4 0.61
edge_match: 
from 1 to 2 matchnode 80027

80027 68257 2  0.9408  0.8118  0.743333  0
80027 104958 2  0.6664  0.5742  0.626667  0
from 1 to 3 matchnode 80027

80027 70244 2  0.5684  0.5247  0.753333  1.1809e-311
80027 72641 2  0.5096  0.792  0.72  1.1809e-311
edge_match: 
from 2 to 1 matchnode 68257

68257 80027 2  0.5952  0.456  0.743333  4.03963e-312
from 2 to 3 matchnode 68257

68257 70244 2  0.873  0.5467  0.876667  6.95159e-310
68257 72641 2  0.4836  0.48  0.806667  6.95159e-310
from 2 to 1 matchnode 104958

104958 80027 2  0.6272  0.57  0.626667  4.03963e-312
from 2 to 3 matchnode 104958

104958 70244 2  0.72  0.4697  0.76  6.95159e-310
104958 72641 2  0.5096  0.6  0.69  6.95159e-310
edge_match: 
from 3 to 2 matchnode 70244

70244 68257 2  0.5856  0.7954  0.84  0
70244 104958 2  0.4148  0.5626  0.723333  0
from 3 to 2 matchnode 72641

72641 68257 2  0.6432  0.5822  0.806667  0
72641 104958 2  0.4556  0.4118  0.69  0
edge_match: 
from 4 to 3 matchnode 7794

7794 70244 2  0.585  0.6776  0.74  1.18058e-311
7794 72641 2  0.4524  0.544  0.67  1.18063e-311
from 4 to 3 matchnode 34607

34607 70244 2  0.5568  0.5035  0.723333  1.18058e-311
34607 72641 2  0.4992  0.76  0.69  1.18063e-311

pattern answer13:
vertex1: 节点个数 1
81286 1 0.54
vertex2: 节点个数 2
62676 2 0.6
65240 2 0.85
vertex3: 节点个数 2
16842 3 0.59
65851 3 0.44
vertex4: 节点个数 2
47324 4 0.9
56496 4 0.92
edge_match: 
from 1 to 2 matchnode 81286

81286 62676 2  0.5476  0.7776  0.52  0
81286 65240 2  0.7178  0.768  0.603333  0
from 1 to 3 matchnode 81286

81286 16842 2  0.7178  0.5952  0.516667  1.1809e-311
81286 65851 2  0.6956  0.6048  0.466667  1.1809e-311
edge_match: 
from 2 to 1 matchnode 62676

62676 81286 2  0.7663  0.5187  0.52  0
from 2 to 3 matchnode 62676

62676 16842 2  0.9409  0.5642  0.536667  6.95159e-310
62676 65851 2  0.9118  0.5733  0.486667  1.17989e-311
from 2 to 1 matchnode 65240

65240 81286 2  0.5846  0.4446  0.603333  0
from 2 to 3 matchnode 65240

65240 16842 2  0.7178  0.4836  0.62  6.95159e-310
65240 65851 2  0.6956  0.4914  0.57  1.17989e-311
edge_match: 
from 3 to 2 matchnode 16842

16842 62676 2  0.7326  0.4779  0.536667  0
16842 65240 2  0.9603  0.472  0.62  0
from 3 to 2 matchnode 65851

65851 62676 2  0.6882  0.4536  0.486667  1.18025e-311
65851 65240 2  0.9021  0.448  0.57  1.18025e-311
edge_match: 
from 4 to 3 matchnode 47324

47324 16842 2  0.6305  0.403  0.636667  1.17989e-311
47324 65851 2  0.611  0.4095  0.586667  1.17989e-311
from 4 to 3 matchnode 56496

56496 16842 2  0.9603  0.6138  0.643333  1.17989e-311
56496 65851 2  0.9306  0.6237  0.593333  1.17989e-311

pattern answer14:
vertex1: 节点个数 1
82989 1 0.82
vertex2: 节点个数 2
111359 2 0.87
149412 2 0.73
vertex3: 节点个数 2
63268 3 0.9
126225 3 0.43
vertex4: 节点个数 2
7794 4 0.55
47324 4 0.9
edge_match: 
from 1 to 2 matchnode 82989

82989 111359 2  0.8178  0.4704  0.753333  0
82989 149412 2  0.4872  0.4272  0.706667  0
from 1 to 3 matchnode 82989

82989 63268 2  0.441  0.4964  0.713333  1.1809e-311
82989 126225 2  0.4361  0.5183  0.556667  1.1809e-311
edge_match: 
from 2 to 1 matchnode 111359

111359 82989 2  0.7252  0.6966  0.703333  0
from 2 to 3 matchnode 111359

111359 63268 2  0.477  0.4148  0.73  1.17989e-311
111359 126225 2  0.74  0.6237  0.573333  6.95159e-310
from 2 to 1 matchnode 149412

149412 82989 2  0.6958  0.7912  0.656667  0
from 2 to 3 matchnode 149412

149412 63268 2  0.441  0.646  0.683333  1.17989e-311
149412 126225 2  0.71  0.7084  0.526667  6.95159e-310
edge_match: 
from 3 to 2 matchnode 63268

63268 111359 2  0.94  0.9212  0.78  1.1805e-311
63268 149412 2  0.56  0.8366  0.733333  1.1805e-311
from 3 to 2 matchnode 126225

126225 111359 2  0.9118  0.588  0.623333  1.18044e-311
126225 149412 2  0.5432  0.534  0.576667  1.18044e-311
edge_match: 
from 4 to 3 matchnode 7794

7794 63268 2  0.648  0.4216  0.623333  1.17989e-311
7794 126225 2  0.6408  0.4402  0.466667  1.18044e-311
from 4 to 3 matchnode 47324

47324 63268 2  0.585  0.442  0.74  1.17989e-311
47324 126225 2  0.5785  0.4615  0.583333  1.18044e-311

pattern answer15:
vertex1: 节点个数 1
83184 1 0.83
vertex2: 节点个数 2
62310 2 0.99
68257 2 0.96
vertex3: 节点个数 2
88689 3 0.42
201581 3 0.68
vertex4: 节点个数 2
7794 4 0.55
25180 4 0.88
edge_match: 
from 1 to 2 matchnode 83184

83184 62310 2  0.4125  0.6097  0.796667  0
83184 68257 2  0.528  0.7462  0.786667  0
from 1 to 3 matchnode 83184

83184 88689 2  0.4125  0.7189  0.606667  1.18023e-311
83184 201581 2  0.418  0.7826  0.693333  1.18023e-311
edge_match: 
from 2 to 1 matchnode 62310

62310 83184 2  0.5244  0.7084  0.746667  4.03963e-312
from 2 to 3 matchnode 62310

62310 88689 2  0.48  0.5293  0.66  6.95159e-310
62310 201581 2  0.4864  0.5762  0.746667  6.95159e-310
from 2 to 1 matchnode 68257

68257 83184 2  0.8096  0.7084  0.736667  4.03963e-312
from 2 to 3 matchnode 68257

68257 88689 2  0.6975  0.474  0.65  6.95159e-310
68257 201581 2  0.7068  0.516  0.736667  6.95159e-310
edge_match: 
from 3 to 2 matchnode 88689

88689 62310 2  0.63  0.4891  0.66  0
88689 68257 2  0.8064  0.5986  0.65  0
from 3 to 2 matchnode 201581

201581 62310 2  0.7275  0.4623  0.746667  0
201581 68257 2  0.9312  0.5658  0.736667  0
edge_match: 
from 4 to 3 matchnode 7794

7794 88689 2  0.6525  0.5372  0.513333  1.1809e-311
7794 201581 2  0.6612  0.5848  0.6  1.18044e-311
from 4 to 3 matchnode 25180

25180 88689 2  0.5175  0.79  0.623333  1.1809e-311
25180 201581 2  0.5244  0.86  0.71  1.18044e-311

pattern answer16:
vertex1: 节点个数 1
84248 1 0.81
vertex2: 节点个数 2
62676 2 0.6
65240 2 0.85
vertex3: 节点个数 2
16842 3 0.59
65851 3 0.44
vertex4: 节点个数 2
47324 4 0.9
56496 4 0.92
edge_match: 
from 1 to 2 matchnode 84248

84248 62676 2  0.666  0.7857  0.61  0
84248 65240 2  0.873  0.776  0.693333  0
from 1 to 3 matchnode 84248

84248 16842 2  0.873  0.6014  0.606667  1.1801e-311
84248 65851 2  0.846  0.6111  0.556667  1.1801e-311
edge_match: 
from 2 to 1 matchnode 62676

62676 84248 2  0.6014  0.7189  0.61  4.03963e-312
from 2 to 3 matchnode 62676

62676 16842 2  0.9409  0.5642  0.536667  6.95159e-310
62676 65851 2  0.9118  0.5733  0.486667  1.17989e-311
from 2 to 1 matchnode 65240

65240 84248 2  0.4588  0.6162  0.693333  4.03963e-312
from 2 to 3 matchnode 65240

65240 16842 2  0.7178  0.4836  0.62  6.95159e-310
65240 65851 2  0.6956  0.4914  0.57  1.17989e-311
edge_match: 
from 3 to 2 matchnode 16842

16842 62676 2  0.7326  0.4779  0.536667  0
16842 65240 2  0.9603  0.472  0.62  0
from 3 to 2 matchnode 65851

65851 62676 2  0.6882  0.4536  0.486667  1.18025e-311
65851 65240 2  0.9021  0.448  0.57  1.18025e-311
edge_match: 
from 4 to 3 matchnode 47324

47324 16842 2  0.6305  0.403  0.636667  1.17989e-311
47324 65851 2  0.611  0.4095  0.586667  1.17989e-311
from 4 to 3 matchnode 56496

56496 16842 2  0.9603  0.6138  0.643333  1.17989e-311
56496 65851 2  0.9306  0.6237  0.593333  1.17989e-311

pattern answer17:
vertex1: 节点个数 1
85427 1 0.6
vertex2: 节点个数 2
60441 2 0.89
65240 2 0.85
vertex3: 节点个数 2
16842 3 0.59
63268 3 0.9
vertex4: 节点个数 2
7794 4 0.55
47324 4 0.9
edge_match: 
from 1 to 2 matchnode 85427

85427 60441 2  0.4186  0.5916  0.636667  0
85427 65240 2  0.8827  0.544  0.623333  0
from 1 to 3 matchnode 85427

85427 16842 2  0.8827  0.4216  0.536667  1.18019e-311
85427 63268 2  0.819  0.4624  0.64  1.18019e-311
edge_match: 
from 2 to 1 matchnode 60441

60441 85427 2  0.4067  0.5644  0.636667  0
from 2 to 3 matchnode 60441

60441 16842 2  0.4753  0.5146  0.633333  6.95159e-310
60441 63268 2  0.441  0.5644  0.736667  1.17989e-311
from 2 to 1 matchnode 65240

65240 85427 2  0.6142  0.5304  0.623333  0
from 2 to 3 matchnode 65240

65240 16842 2  0.7178  0.4836  0.62  6.95159e-310
65240 63268 2  0.666  0.5304  0.723333  1.17989e-311
edge_match: 
from 3 to 2 matchnode 16842

16842 60441 2  0.4554  0.5133  0.633333  0
16842 65240 2  0.9603  0.472  0.62  0
from 3 to 2 matchnode 63268

63268 60441 2  0.47  0.4512  0.786667  1.1805e-311
63268 65240 2  0.56  0.611  0.773333  1.1805e-311
edge_match: 
from 4 to 3 matchnode 7794

7794 16842 2  0.5394  0.5168  0.57  1.17989e-311
7794 63268 2  0.648  0.4216  0.623333  1.17989e-311
from 4 to 3 matchnode 47324

47324 16842 2  0.6305  0.403  0.636667  1.17989e-311
47324 63268 2  0.585  0.442  0.74  1.17989e-311

pattern answer18:
vertex1: 节点个数 1
88895 1 0.91
vertex2: 节点个数 2
62676 2 0.6
65240 2 0.85
vertex3: 节点个数 2
16842 3 0.59
67454 3 0.99
vertex4: 节点个数 2
7794 4 0.55
47324 4 0.9
edge_match: 
from 1 to 2 matchnode 88895

88895 62676 2  0.6142  0.4941  0.643333  0
88895 65240 2  0.8051  0.488  0.726667  0
from 1 to 3 matchnode 88895

88895 16842 2  0.403  0.4712  0.69  1.18019e-311
88895 67454 2  0.7636  0.61  0.773333  1.18019e-311
edge_match: 
from 2 to 1 matchnode 62676

62676 88895 2  0.7178  0.5187  0.643333  4.03963e-312
from 2 to 3 matchnode 62676

62676 16842 2  0.9409  0.5642  0.536667  6.95159e-310
62676 67454 2  0.8924  0.91  0.67  6.95159e-310
from 2 to 1 matchnode 65240

65240 88895 2  0.5476  0.4446  0.726667  4.03963e-312
from 2 to 3 matchnode 65240

65240 16842 2  0.7178  0.4836  0.62  6.95159e-310
65240 67454 2  0.6808  0.78  0.753333  6.95159e-310
edge_match: 
from 3 to 2 matchnode 16842

16842 62676 2  0.7326  0.4779  0.536667  0
16842 65240 2  0.9603  0.472  0.62  0
from 3 to 2 matchnode 67454

67454 62676 2  0.4292  0.7533  0.67  1.1809e-311
67454 65240 2  0.5626  0.744  0.753333  1.1809e-311
edge_match: 
from 4 to 3 matchnode 7794

7794 16842 2  0.5394  0.5168  0.57  1.17989e-311
7794 67454 2  0.6624  0.62  0.653333  1.18055e-311
from 4 to 3 matchnode 47324

47324 16842 2  0.6305  0.403  0.636667  1.17989e-311
47324 67454 2  0.598  0.65  0.77  1.18055e-311

pattern answer19:
vertex1: 节点个数 1
90500 1 0.6
vertex2: 节点个数 2
68257 2 0.96
129258 2 0.56
vertex3: 节点个数 2
107078 3 0.77
144940 3 0.5
vertex4: 节点个数 2
7794 4 0.55
25180 4 0.88
edge_match: 
from 1 to 2 matchnode 90500

90500 68257 2  0.5568  0.6888  0.71  0
90500 129258 2  0.406  0.6888  0.576667  0
from 1 to 3 matchnode 90500

90500 107078 2  0.4176  0.5544  0.646667  1.18011e-311
90500 144940 2  0.522  0.6636  0.556667  1.18011e-311
edge_match: 
from 2 to 1 matchnode 68257

68257 90500 2  0.5368  0.4232  0.66  1.18047e-311
from 2 to 3 matchnode 68257

68257 107078 2  0.5544  0.828  0.716667  1.1809e-311
68257 144940 2  0.837  0.474  0.676667  6.95159e-310
from 2 to 1 matchnode 129258

129258 90500 2  0.4514  0.4186  0.526667  1.18047e-311
from 2 to 3 matchnode 129258

129258 107078 2  0.4662  0.819  0.583333  1.1809e-311
129258 144940 2  0.5476  0.4186  0.493333  6.95159e-310
edge_match: 
from 3 to 2 matchnode 107078

107078 68257 2  0.8256  0.7462  0.766667  1.1809e-311
107078 129258 2  0.602  0.7462  0.633333  1.1809e-311
from 3 to 2 matchnode 144940

144940 68257 2  0.5568  0.41  0.676667  0
144940 129258 2  0.406  0.41  0.543333  0
edge_match: 
from 4 to 3 matchnode 7794

7794 107078 2  0.6264  0.4488  0.63  1.1809e-311
7794 144940 2  0.783  0.5372  0.54  1.18044e-311
from 4 to 3 matchnode 25180

25180 107078 2  0.4968  0.66  0.74  1.1809e-311
25180 144940 2  0.621  0.79  0.65  1.18044e-311

pattern answer20:
vertex1: 节点个数 1
92853 1 0.97
vertex2: 节点个数 2
68257 2 0.96
112263 2 0.56
vertex3: 节点个数 2
140780 3 0.99
144940 3 0.5
vertex4: 节点个数 2
7794 4 0.55
25180 4 0.88
edge_match: 
from 1 to 2 matchnode 92853

92853 68257 2  0.4704  0.656  0.833333  0
92853 112263 2  0.4459  0.696  0.7  0
from 1 to 3 matchnode 92853

92853 140780 2  0.4802  0.728  0.843333  1.18007e-311
92853 144940 2  0.441  0.632  0.68  1.18007e-311
edge_match: 
from 2 to 1 matchnode 68257

68257 92853 2  0.792  0.7452  0.783333  4.03963e-312
from 2 to 3 matchnode 68257

68257 140780 2  0.9114  0.546  0.84  6.95159e-310
68257 144940 2  0.837  0.474  0.676667  6.95159e-310
from 2 to 1 matchnode 112263

112263 92853 2  0.522  0.5508  0.65  4.03963e-312
from 2 to 3 matchnode 112263

112263 140780 2  0.4802  0.7189  0.706667  6.95159e-310
112263 144940 2  0.441  0.6241  0.543333  6.95159e-310
edge_match: 
from 3 to 2 matchnode 140780

140780 68257 2  0.8064  0.451  0.84  0
140780 112263 2  0.7644  0.4785  0.706667  0
from 3 to 2 matchnode 144940

144940 68257 2  0.5568  0.41  0.676667  0
144940 112263 2  0.5278  0.435  0.543333  0
edge_match: 
from 4 to 3 matchnode 7794

7794 140780 2  0.8526  0.6188  0.703333  1.18044e-311
7794 144940 2  0.783  0.5372  0.54  1.18044e-311
from 4 to 3 matchnode 25180

25180 140780 2  0.6762  0.91  0.813333  1.18044e-311
25180 144940 2  0.621  0.79  0.65  1.18044e-311

pattern answer21:
vertex1: 节点个数 1
95539 1 0.54
vertex2: 节点个数 2
62676 2 0.6
65240 2 0.85
vertex3: 节点个数 2
16842 3 0.59
65851 3 0.44
vertex4: 节点个数 2
47324 4 0.9
56496 4 0.92
edge_match: 
from 1 to 2 matchnode 95539

95539 62676 2  0.629  0.5508  0.52  0
95539 65240 2  0.8245  0.544  0.603333  0
from 1 to 3 matchnode 95539

95539 16842 2  0.8245  0.4216  0.516667  1.18006e-311
95539 65851 2  0.799  0.4284  0.466667  1.18006e-311
edge_match: 
from 2 to 1 matchnode 62676

62676 95539 2  0.6693  0.8281  0.52  1.18091e-311
from 2 to 3 matchnode 62676

62676 16842 2  0.9409  0.5642  0.536667  6.95159e-310
62676 65851 2  0.9118  0.5733  0.486667  1.17989e-311
from 2 to 1 matchnode 65240

65240 95539 2  0.5106  0.7098  0.603333  1.18091e-311
from 2 to 3 matchnode 65240

65240 16842 2  0.7178  0.4836  0.62  6.95159e-310
65240 65851 2  0.6956  0.4914  0.57  1.17989e-311
edge_match: 
from 3 to 2 matchnode 16842

16842 62676 2  0.7326  0.4779  0.536667  0
16842 65240 2  0.9603  0.472  0.62  0
from 3 to 2 matchnode 65851

65851 62676 2  0.6882  0.4536  0.486667  1.18025e-311
65851 65240 2  0.9021  0.448  0.57  1.18025e-311
edge_match: 
from 4 to 3 matchnode 47324

47324 16842 2  0.6305  0.403  0.636667  1.17989e-311
47324 65851 2  0.611  0.4095  0.586667  1.17989e-311
from 4 to 3 matchnode 56496

56496 16842 2  0.9603  0.6138  0.643333  1.17989e-311
56496 65851 2  0.9306  0.6237  0.593333  1.17989e-311

pattern answer22:
vertex1: 节点个数 1
95883 1 0.47
vertex2: 节点个数 2
65240 2 0.85
123615 2 0.71
vertex3: 节点个数 2
16842 3 0.59
109944 3 0.69
vertex4: 节点个数 2
7794 4 0.55
25180 4 0.88
edge_match: 
from 1 to 2 matchnode 95883

95883 65240 2  0.4704  0.4615  0.63  0
95883 123615 2  0.4284  0.4686  0.583333  0
from 1 to 3 matchnode 95883

95883 16842 2  0.5208  0.5396  0.543333  1.18007e-311
95883 109944 2  0.6552  0.5538  0.576667  1.18007e-311
edge_match: 
from 2 to 1 matchnode 65240

65240 95883 2  0.4588  0.5616  0.58  0
from 2 to 3 matchnode 65240

65240 16842 2  0.7178  0.4836  0.62  6.95159e-310
65240 109944 2  0.6438  0.7254  0.653333  6.95159e-310
from 2 to 1 matchnode 123615

123615 95883 2  0.7047  0.4788  0.583333  0
from 2 to 3 matchnode 123615

123615 16842 2  0.5394  0.4332  0.623333  6.95159e-310
123615 109944 2  0.6786  0.4446  0.656667  6.95159e-310
edge_match: 
from 3 to 2 matchnode 16842

16842 65240 2  0.9603  0.472  0.62  0
16842 123615 2  0.5049  0.472  0.573333  0
from 3 to 2 matchnode 109944

109944 65240 2  0.873  0.68  0.653333  1.1805e-311
109944 123615 2  0.459  0.68  0.606667  1.1805e-311
edge_match: 
from 4 to 3 matchnode 7794

7794 16842 2  0.5394  0.5168  0.57  1.17989e-311
7794 109944 2  0.6786  0.5304  0.603333  1.18051e-311
from 4 to 3 matchnode 25180

25180 16842 2  0.4278  0.76  0.68  1.17989e-311
25180 109944 2  0.5382  0.78  0.713333  1.18051e-311

pattern answer23:
vertex1: 节点个数 1
96056 1 0.41
vertex2: 节点个数 2
62310 2 0.99
66559 2 0.75
vertex3: 节点个数 2
88689 3 0.42
107078 3 0.77
vertex4: 节点个数 2
7794 4 0.55
25180 4 0.88
edge_match: 
from 1 to 2 matchnode 96056

96056 62310 2  0.555  0.4489  0.656667  0
96056 66559 2  0.481  0.4087  0.576667  0
from 1 to 3 matchnode 96056

96056 88689 2  0.555  0.5293  0.466667  1.18019e-311
96056 107078 2  0.5328  0.4422  0.583333  1.18019e-311
edge_match: 
from 2 to 1 matchnode 62310

62310 96056 2  0.4788  0.7728  0.606667  0
from 2 to 3 matchnode 62310

62310 88689 2  0.48  0.5293  0.66  6.95159e-310
62310 107078 2  0.4608  0.4422  0.776667  1.1809e-311
from 2 to 1 matchnode 66559

66559 96056 2  0.4956  0.4032  0.526667  0
from 2 to 3 matchnode 66559

66559 88689 2  0.5775  0.6873  0.58  6.95159e-310
66559 107078 2  0.5544  0.5742  0.696667  1.1809e-311
edge_match: 
from 3 to 2 matchnode 88689

88689 62310 2  0.63  0.4891  0.66  0
88689 66559 2  0.546  0.4453  0.58  0
from 3 to 2 matchnode 107078

107078 62310 2  0.645  0.6097  0.776667  1.1809e-311
107078 66559 2  0.559  0.5551  0.696667  1.1809e-311
edge_match: 
from 4 to 3 matchnode 7794

7794 88689 2  0.6525  0.5372  0.513333  1.1809e-311
7794 107078 2  0.6264  0.4488  0.63  1.1809e-311
from 4 to 3 matchnode 25180

25180 88689 2  0.5175  0.79  0.623333  1.1809e-311
25180 107078 2  0.4968  0.66  0.74  1.1809e-311

pattern answer24:
vertex1: 节点个数 1
96298 1 0.69
vertex2: 节点个数 2
106866 2 0.83
176028 2 0.43
vertex3: 节点个数 2
94506 3 0.58
140780 3 0.99
vertex4: 节点个数 2
7794 4 0.55
25180 4 0.88
edge_match: 
from 1 to 2 matchnode 96298

96298 106866 2  0.7387  0.4048  0.696667  0
96298 176028 2  0.7968  0.46  0.563333  0
from 1 to 3 matchnode 96298

96298 94506 2  0.6225  0.4094  0.613333  1.18019e-311
96298 140780 2  0.8134  0.4186  0.75  1.18019e-311
edge_match: 
from 2 to 1 matchnode 106866

106866 96298 2  0.68  0.7315  0.733333  4.03963e-312
from 2 to 3 matchnode 106866

106866 94506 2  0.4425  0.445  0.66  6.95159e-310
106866 140780 2  0.5782  0.455  0.796667  6.95159e-310
from 2 to 1 matchnode 176028

176028 96298 2  0.97  0.6237  0.6  4.03963e-312
from 2 to 3 matchnode 176028

176028 94506 2  0.675  0.4094  0.526667  6.95159e-310
176028 140780 2  0.882  0.4186  0.663333  6.95159e-310
edge_match: 
from 3 to 2 matchnode 94506

94506 106866 2  0.534  0.4048  0.66  0
94506 176028 2  0.576  0.46  0.526667  0
from 3 to 2 matchnode 140780

140780 106866 2  0.7476  0.484  0.796667  0
140780 176028 2  0.8064  0.55  0.663333  0
edge_match: 
from 4 to 3 matchnode 7794

7794 94506 2  0.6525  0.6052  0.566667  1.1809e-311
7794 140780 2  0.8526  0.6188  0.703333  1.18044e-311
from 4 to 3 matchnode 25180

25180 94506 2  0.5175  0.89  0.676667  1.1809e-311
25180 140780 2  0.6762  0.91  0.813333  1.18044e-311

pattern answer25:
vertex1: 节点个数 1
98505 1 0.93
vertex2: 节点个数 2
62310 2 0.99
104958 2 0.61
vertex3: 节点个数 2
70244 3 0.99
118667 3 0.89
vertex4: 节点个数 2
5403 4 0.66
7190 4 0.88
edge_match: 
from 1 to 2 matchnode 98505

98505 62310 2  0.4717  0.644  0.866667  0
98505 104958 2  0.8811  0.665  0.74  0
from 1 to 3 matchnode 98505

98505 70244 2  0.801  0.539  0.866667  1.18009e-311
98505 118667 2  0.6942  0.679  0.833333  1.18009e-311
edge_match: 
from 2 to 1 matchnode 62310

62310 98505 2  0.5624  0.7125  0.866667  0
from 2 to 3 matchnode 62310

62310 70244 2  0.684  0.7315  0.886667  6.95159e-310
62310 118667 2  0.5928  0.9215  0.853333  6.95159e-310
from 2 to 1 matchnode 104958

104958 98505 2  0.592  0.4575  0.74  0
from 2 to 3 matchnode 104958

104958 70244 2  0.72  0.4697  0.76  6.95159e-310
104958 118667 2  0.624  0.5917  0.726667  6.95159e-310
edge_match: 
from 3 to 2 matchnode 70244

70244 62310 2  0.4575  0.6499  0.85  0
70244 104958 2  0.4148  0.5626  0.723333  0
from 3 to 2 matchnode 118667

118667 62310 2  0.4081  0.6808  0.853333  0
118667 104958 2  0.7623  0.703  0.726667  0
edge_match: 
from 4 to 3 matchnode 5403

5403 70244 2  0.765  0.6468  0.776667  1.18058e-311
5403 118667 2  0.663  0.8148  0.743333  1.18056e-311
from 4 to 3 matchnode 7190

7190 70244 2  0.549  0.5775  0.85  1.18058e-311
7190 118667 2  0.4758  0.7275  0.816667  1.18056e-311

pattern answer26:
vertex1: 节点个数 1
103238 1 0.79
vertex2: 节点个数 2
62676 2 0.6
65240 2 0.85
vertex3: 节点个数 2
16842 3 0.59
65851 3 0.44
vertex4: 节点个数 2
47324 4 0.9
56496 4 0.92
edge_match: 
from 1 to 2 matchnode 103238

103238 62676 2  0.481  0.7938  0.603333  0
103238 65240 2  0.6305  0.784  0.686667  0
from 1 to 3 matchnode 103238

103238 16842 2  0.6305  0.6076  0.6  1.1809e-311
103238 65851 2  0.611  0.6174  0.55  1.1809e-311
edge_match: 
from 2 to 1 matchnode 62676

62676 103238 2  0.8051  0.5005  0.603333  1.18091e-311
from 2 to 3 matchnode 62676

62676 16842 2  0.9409  0.5642  0.536667  6.95159e-310
62676 65851 2  0.9118  0.5733  0.486667  1.17989e-311
from 2 to 1 matchnode 65240

65240 103238 2  0.6142  0.429  0.686667  1.18091e-311
from 2 to 3 matchnode 65240

65240 16842 2  0.7178  0.4836  0.62  6.95159e-310
65240 65851 2  0.6956  0.4914  0.57  1.17989e-311
edge_match: 
from 3 to 2 matchnode 16842

16842 62676 2  0.7326  0.4779  0.536667  0
16842 65240 2  0.9603  0.472  0.62  0
from 3 to 2 matchnode 65851

65851 62676 2  0.6882  0.4536  0.486667  1.18025e-311
65851 65240 2  0.9021  0.448  0.57  1.18025e-311
edge_match: 
from 4 to 3 matchnode 47324

47324 16842 2  0.6305  0.403  0.636667  1.17989e-311
47324 65851 2  0.611  0.4095  0.586667  1.17989e-311
from 4 to 3 matchnode 56496

56496 16842 2  0.9603  0.6138  0.643333  1.17989e-311
56496 65851 2  0.9306  0.6237  0.593333  1.17989e-311

pattern answer27:
vertex1: 节点个数 1
104959 1 0.42
vertex2: 节点个数 2
62676 2 0.6
68257 2 0.96
vertex3: 节点个数 2
5385 3 0.53
82979 3 0.76
vertex4: 节点个数 2
56496 4 0.92
57389 4 0.41
edge_match: 
from 1 to 2 matchnode 104959

104959 62676 2  0.6734  0.8019  0.48  0
104959 68257 2  0.8448  0.7544  0.65  0
from 1 to 3 matchnode 104959

104959 5385 2  0.5824  0.4554  0.456667  1.18091e-311
104959 82979 2  0.7553  0.5742  0.533333  1.18091e-311
edge_match: 
from 2 to 1 matchnode 62676

62676 104959 2  0.9215  0.8736  0.48  4.03963e-312
from 2 to 3 matchnode 62676

62676 5385 2  0.6208  0.4186  0.516667  6.95159e-310
62676 82979 2  0.8051  0.5278  0.593333  6.95159e-310
from 2 to 1 matchnode 68257

68257 104959 2  0.836  0.8832  0.6  4.03963e-312
from 2 to 3 matchnode 68257

68257 5385 2  0.5632  0.4232  0.636667  6.95159e-310
68257 82979 2  0.7304  0.5336  0.713333  6.95159e-310
edge_match: 
from 3 to 2 matchnode 5385

5385 62676 2  0.5846  0.5751  0.516667  0
5385 68257 2  0.5184  0.6314  0.686667  0
from 3 to 2 matchnode 82979

82979 62676 2  0.555  0.4941  0.593333  1.1809e-311
82979 68257 2  0.816  0.6478  0.763333  1.1809e-311
edge_match: 
from 4 to 3 matchnode 56496

56496 5385 2  0.6336  0.4554  0.623333  1.1809e-311
56496 82979 2  0.8217  0.5742  0.7  1.1809e-311
from 4 to 3 matchnode 57389

57389 5385 2  0.5888  0.4324  0.453333  1.1809e-311
57389 82979 2  0.7636  0.5452  0.53  1.1809e-311

pattern answer28:
vertex1: 节点个数 1
107100 1 0.68
vertex2: 节点个数 2
68257 2 0.96
104958 2 0.61
vertex3: 节点个数 2
88689 3 0.42
107078 3 0.77
vertex4: 节点个数 2
7794 4 0.55
25180 4 0.88
edge_match: 
from 1 to 2 matchnode 107100

107100 68257 2  0.576  0.7298  0.736667  0
107100 104958 2  0.408  0.5162  0.62  0
from 1 to 3 matchnode 107100

107100 88689 2  0.45  0.7031  0.556667  1.1809e-311
107100 107078 2  0.432  0.5874  0.673333  1.1809e-311
edge_match: 
from 2 to 1 matchnode 68257

68257 107100 2  0.4557  0.414  0.736667  0
from 2 to 3 matchnode 68257

68257 88689 2  0.6975  0.474  0.65  6.95159e-310
68257 107078 2  0.5544  0.828  0.716667  1.1809e-311
from 2 to 1 matchnode 104958

104958 107100 2  0.4802  0.5175  0.62  0
from 2 to 3 matchnode 104958

104958 88689 2  0.735  0.5925  0.533333  6.95159e-310
104958 107078 2  0.7056  0.495  0.65  1.1809e-311
edge_match: 
from 3 to 2 matchnode 88689

88689 68257 2  0.8064  0.5986  0.65  0
88689 104958 2  0.5712  0.4234  0.533333  0
from 3 to 2 matchnode 107078

107078 68257 2  0.8256  0.7462  0.766667  1.1809e-311
107078 104958 2  0.5848  0.5278  0.65  1.1809e-311
edge_match: 
from 4 to 3 matchnode 7794

7794 88689 2  0.6525  0.5372  0.513333  1.1809e-311
7794 107078 2  0.6264  0.4488  0.63  1.1809e-311
from 4 to 3 matchnode 25180

25180 88689 2  0.5175  0.79  0.623333  1.1809e-311
25180 107078 2  0.4968  0.66  0.74  1.1809e-311

pattern answer29:
vertex1: 节点个数 1
107462 1 0.72
vertex2: 节点个数 2
62310 2 0.99
66559 2 0.75
vertex3: 节点个数 2
88689 3 0.42
107078 3 0.77
vertex4: 节点个数 2
7794 4 0.55
25180 4 0.88
edge_match: 
from 1 to 2 matchnode 107462

107462 62310 2  0.5325  0.4824  0.76  0
107462 66559 2  0.4615  0.4392  0.68  0
from 1 to 3 matchnode 107462

107462 88689 2  0.5325  0.5688  0.57  1.1809e-311
107462 107078 2  0.5112  0.4752  0.686667  1.1809e-311
edge_match: 
from 2 to 1 matchnode 62310

62310 107462 2  0.5696  0.469  0.76  4.03963e-312
from 2 to 3 matchnode 62310

62310 88689 2  0.48  0.5293  0.66  6.95159e-310
62310 107078 2  0.4608  0.4422  0.776667  1.1809e-311
from 2 to 1 matchnode 66559

66559 107462 2  0.6853  0.609  0.68  4.03963e-312
from 2 to 3 matchnode 66559

66559 88689 2  0.5775  0.6873  0.58  6.95159e-310
66559 107078 2  0.5544  0.5742  0.696667  1.1809e-311
edge_match: 
from 3 to 2 matchnode 88689

88689 62310 2  0.63  0.4891  0.66  0
88689 66559 2  0.546  0.4453  0.58  0
from 3 to 2 matchnode 107078

107078 62310 2  0.645  0.6097  0.776667  1.1809e-311
107078 66559 2  0.559  0.5551  0.696667  1.1809e-311
edge_match: 
from 4 to 3 matchnode 7794

7794 88689 2  0.6525  0.5372  0.513333  1.1809e-311
7794 107078 2  0.6264  0.4488  0.63  1.1809e-311
from 4 to 3 matchnode 25180

25180 88689 2  0.5175  0.79  0.623333  1.1809e-311
25180 107078 2  0.4968  0.66  0.74  1.1809e-311

pattern answer30:
vertex1: 节点个数 1
110921 1 0.76
vertex2: 节点个数 2
68257 2 0.96
129258 2 0.56
vertex3: 节点个数 2
107078 3 0.77
144940 3 0.5
vertex4: 节点个数 2
7794 4 0.55
25180 4 0.88
edge_match: 
from 1 to 2 matchnode 110921

110921 68257 2  0.6912  0.5986  0.763333  0
110921 129258 2  0.504  0.5986  0.63  0
from 1 to 3 matchnode 110921

110921 107078 2  0.5184  0.4818  0.7  1.17989e-311
110921 144940 2  0.648  0.5767  0.61  1.17989e-311
edge_match: 
from 2 to 1 matchnode 68257

68257 110921 2  0.616  0.5428  0.713333  1.17989e-311
from 2 to 3 matchnode 68257

68257 107078 2  0.5544  0.828  0.716667  1.1809e-311
68257 144940 2  0.837  0.474  0.676667  6.95159e-310
from 2 to 1 matchnode 129258

129258 110921 2  0.518  0.5369  0.58  1.17989e-311
from 2 to 3 matchnode 129258

129258 107078 2  0.4662  0.819  0.583333  1.1809e-311
129258 144940 2  0.5476  0.4186  0.493333  6.95159e-310
edge_match: 
from 3 to 2 matchnode 107078

107078 68257 2  0.8256  0.7462  0.766667  1.1809e-311
107078 129258 2  0.602  0.7462  0.633333  1.1809e-311
from 3 to 2 matchnode 144940

144940 68257 2  0.5568  0.41  0.676667  0
144940 129258 2  0.406  0.41  0.543333  0
edge_match: 
from 4 to 3 matchnode 7794

7794 107078 2  0.6264  0.4488  0.63  1.1809e-311
7794 144940 2  0.783  0.5372  0.54  1.18044e-311
from 4 to 3 matchnode 25180

25180 107078 2  0.4968  0.66  0.74  1.1809e-311
25180 144940 2  0.621  0.79  0.65  1.18044e-311

pattern answer31:
vertex1: 节点个数 1
111468 1 0.68
vertex2: 节点个数 2
16835 2 0.56
52861 2 0.9
vertex3: 节点个数 2
228817 3 0.55
239011 3 0.52
vertex4: 节点个数 2
2767 4 0.69
15135 4 0.8
edge_match: 
from 1 to 2 matchnode 111468

111468 16835 2  0.4095  0.5893  0.66  0
111468 52861 2  0.4095  0.4118  0.773333  0
from 1 to 3 matchnode 111468

111468 228817 2  0.6188  0.4118  0.656667  1.1809e-311
111468 239011 2  0.8372  0.4473  0.646667  1.1809e-311
edge_match: 
from 2 to 1 matchnode 16835

16835 111468 2  0.7626  0.7315  0.66  1.17989e-311
from 2 to 3 matchnode 16835

16835 228817 2  0.6324  0.4466  0.616667  6.95159e-310
16835 239011 2  0.8556  0.4851  0.606667  1.1809e-311
from 2 to 1 matchnode 52861

52861 111468 2  0.6478  0.741  0.773333  1.17989e-311
from 2 to 3 matchnode 52861

52861 228817 2  0.5372  0.4524  0.73  6.95159e-310
52861 239011 2  0.7268  0.4914  0.72  1.1809e-311
edge_match: 
from 3 to 2 matchnode 228817

228817 16835 2  0.423  0.6391  0.616667  0
228817 52861 2  0.423  0.4466  0.73  0
from 3 to 2 matchnode 239011

239011 16835 2  0.432  0.6889  0.606667  0
239011 52861 2  0.432  0.4814  0.72  0
edge_match: 
from 4 to 3 matchnode 2767

2767 228817 2  0.4012  0.4176  0.66  1.1809e-311
2767 239011 2  0.5428  0.4536  0.65  1.1809e-311
from 4 to 3 matchnode 15135

15135 228817 2  0.5508  0.435  0.696667  1.1809e-311
15135 239011 2  0.7452  0.4725  0.686667  1.1809e-311

pattern answer32:
vertex1: 节点个数 1
117241 1 0.9
vertex2: 节点个数 2
62676 2 0.6
65240 2 0.85
vertex3: 节点个数 2
16842 3 0.59
65851 3 0.44
vertex4: 节点个数 2
47324 4 0.9
56496 4 0.92
edge_match: 
from 1 to 2 matchnode 117241

117241 62676 2  0.4218  0.6642  0.64  0
117241 65240 2  0.5529  0.656  0.723333  0
from 1 to 3 matchnode 117241

117241 16842 2  0.5529  0.5084  0.636667  1.18091e-311
117241 65851 2  0.5358  0.5166  0.586667  1.18091e-311
edge_match: 
from 2 to 1 matchnode 62676

62676 117241 2  0.6499  0.8463  0.64  0
from 2 to 3 matchnode 62676

62676 16842 2  0.9409  0.5642  0.536667  6.95159e-310
62676 65851 2  0.9118  0.5733  0.486667  1.17989e-311
from 2 to 1 matchnode 65240

65240 117241 2  0.4958  0.7254  0.723333  0
from 2 to 3 matchnode 65240

65240 16842 2  0.7178  0.4836  0.62  6.95159e-310
65240 65851 2  0.6956  0.4914  0.57  1.17989e-311
edge_match: 
from 3 to 2 matchnode 16842

16842 62676 2  0.7326  0.4779  0.536667  0
16842 65240 2  0.9603  0.472  0.62  0
from 3 to 2 matchnode 65851

65851 62676 2  0.6882  0.4536  0.486667  1.18025e-311
65851 65240 2  0.9021  0.448  0.57  1.18025e-311
edge_match: 
from 4 to 3 matchnode 47324

47324 16842 2  0.6305  0.403  0.636667  1.17989e-311
47324 65851 2  0.611  0.4095  0.586667  1.17989e-311
from 4 to 3 matchnode 56496

56496 16842 2  0.9603  0.6138  0.643333  1.17989e-311
56496 65851 2  0.9306  0.6237  0.593333  1.17989e-311

pattern answer33:
vertex1: 节点个数 1
119650 1 0.93
vertex2: 节点个数 2
62676 2 0.6
65240 2 0.85
vertex3: 节点个数 2
67454 3 0.99
96806 3 0.88
vertex4: 节点个数 2
1143 4 0.45
2653 4 0.42
edge_match: 
from 1 to 2 matchnode 119650

119650 62676 2  0.5698  0.5022  0.65  0
119650 65240 2  0.7469  0.496  0.733333  0
from 1 to 3 matchnode 119650

119650 67454 2  0.7084  0.62  0.78  1.1809e-311
119650 96806 2  0.7546  0.4774  0.743333  1.1809e-311
edge_match: 
from 2 to 1 matchnode 62676

62676 119650 2  0.9312  0.8645  0.65  4.03963e-312
from 2 to 3 matchnode 62676

62676 67454 2  0.8924  0.91  0.67  6.95159e-310
62676 96806 2  0.9506  0.7007  0.633333  6.95159e-310
from 2 to 1 matchnode 65240

65240 119650 2  0.7104  0.741  0.733333  4.03963e-312
from 2 to 3 matchnode 65240

65240 67454 2  0.6808  0.78  0.753333  6.95159e-310
65240 96806 2  0.7252  0.6006  0.716667  6.95159e-310
edge_match: 
from 3 to 2 matchnode 67454

67454 62676 2  0.4292  0.7533  0.67  1.1809e-311
67454 65240 2  0.5626  0.744  0.753333  1.1809e-311
from 3 to 2 matchnode 96806

96806 62676 2  0.6216  0.4941  0.633333  1.18044e-311
96806 65240 2  0.8148  0.488  0.716667  1.18044e-311
edge_match: 
from 4 to 3 matchnode 1143

1143 67454 2  0.598  0.58  0.62  1.18055e-311
1143 96806 2  0.637  0.4466  0.583333  1.18044e-311
from 4 to 3 matchnode 2653

2653 67454 2  0.8556  0.57  0.61  1.18055e-311
2653 96806 2  0.9114  0.4389  0.573333  1.18044e-311

pattern answer34:
vertex1: 节点个数 1
119653 1 0.47
vertex2: 节点个数 2
62676 2 0.6
65240 2 0.85
vertex3: 节点个数 2
67454 3 0.99
96806 3 0.88
vertex4: 节点个数 2
1143 4 0.45
2653 4 0.42
edge_match: 
from 1 to 2 matchnode 119653

119653 62676 2  0.4736  0.4779  0.496667  0
119653 65240 2  0.6208  0.472  0.58  0
from 1 to 3 matchnode 119653

119653 67454 2  0.5888  0.59  0.626667  1.18091e-311
119653 96806 2  0.6272  0.4543  0.59  1.18091e-311
edge_match: 
from 2 to 1 matchnode 62676

62676 119653 2  0.9215  0.5915  0.496667  4.03963e-312
from 2 to 3 matchnode 62676

62676 67454 2  0.8924  0.91  0.67  6.95159e-310
62676 96806 2  0.9506  0.7007  0.633333  6.95159e-310
from 2 to 1 matchnode 65240

65240 119653 2  0.703  0.507  0.58  4.03963e-312
from 2 to 3 matchnode 65240

65240 67454 2  0.6808  0.78  0.753333  6.95159e-310
65240 96806 2  0.7252  0.6006  0.716667  6.95159e-310
edge_match: 
from 3 to 2 matchnode 67454

67454 62676 2  0.4292  0.7533  0.67  1.1809e-311
67454 65240 2  0.5626  0.744  0.753333  1.1809e-311
from 3 to 2 matchnode 96806

96806 62676 2  0.6216  0.4941  0.633333  1.18044e-311
96806 65240 2  0.8148  0.488  0.716667  1.18044e-311
edge_match: 
from 4 to 3 matchnode 1143

1143 67454 2  0.598  0.58  0.62  1.18055e-311
1143 96806 2  0.637  0.4466  0.583333  1.18044e-311
from 4 to 3 matchnode 2653

2653 67454 2  0.8556  0.57  0.61  1.18055e-311
2653 96806 2  0.9114  0.4389  0.573333  1.18044e-311

pattern answer35:
vertex1: 节点个数 1
123777 1 0.44
vertex2: 节点个数 2
45010 2 0.92
68150 2 0.78
vertex3: 节点个数 2
55834 3 0.45
100944 3 0.86
vertex4: 节点个数 2
44414 4 0.51
123333 4 0.85
edge_match: 
from 1 to 2 matchnode 123777

123777 45010 2  0.4332  0.4284  0.58  0
123777 68150 2  0.6789  0.5325  0.696667  0
from 1 to 3 matchnode 123777

123777 55834 2  0.7912  0.798  0.61  1.18091e-311
123777 100944 2  0.9312  0.8366  0.623333  1.18091e-311
edge_match: 
from 2 to 1 matchnode 45010

45010 123777 2  0.475  0.8648  0.746667  4.03963e-312
from 2 to 3 matchnode 45010

45010 55834 1  0.68  0.85  0.685  6.95159e-310
45010 100944 2  0.7  0.6478  0.786667  6.95159e-310
from 2 to 1 matchnode 68150

68150 123777 2  0.8722  0.9405  0.51  4.03963e-312
from 2 to 3 matchnode 68150

68150 55834 2  0.8232  0.648  0.72  6.95159e-310
68150 100944 2  0.5016  0.7396  0.66  6.95159e-310
edge_match: 
from 3 to 2 matchnode 55834

55834 45010 1  0.75  0.58  0.685  0
55834 68150 2  0.555  0.551  0.716667  0
from 3 to 2 matchnode 100944

100944 45010 2  0.6319  0.816  0.85  0
100944 68150 2  0.5037  0.931  0.673333  0
edge_match: 
from 4 to 3 matchnode 44414

44414 55834 2  0.8624  0.486  0.63  1.17987e-311
44414 100944 2  0.6552  0.4324  0.72  1.18086e-311
from 4 to 3 matchnode 123333

123333 55834 2  0.6052  0.68  0.74  1.17987e-311
123333 100944 2  0.6885  0.4698  0.716667  1.18086e-311

pattern answer36:
vertex1: 节点个数 1
124882 1 0.74
vertex2: 节点个数 2
62676 2 0.6
97978 2 0.96
vertex3: 节点个数 2
16842 3 0.59
65851 3 0.44
vertex4: 节点个数 2
47324 4 0.9
56496 4 0.92
edge_match: 
from 1 to 2 matchnode 124882

124882 62676 2  0.6956  0.7695  0.586667  0
124882 97978 2  0.5452  0.703  0.706667  0
from 1 to 3 matchnode 124882

124882 16842 2  0.9118  0.589  0.583333  1.1809e-311
124882 65851 2  0.8836  0.5985  0.533333  1.1809e-311
edge_match: 
from 2 to 1 matchnode 62676

62676 124882 2  0.4559  0.5187  0.586667  1.17989e-311
from 2 to 3 matchnode 62676

62676 16842 2  0.9409  0.5642  0.536667  6.95159e-310
62676 65851 2  0.9118  0.5733  0.486667  1.17989e-311
from 2 to 1 matchnode 97978

97978 124882 2  0.4277  0.4161  0.706667  1.17989e-311
from 2 to 3 matchnode 97978

97978 16842 2  0.8827  0.4526  0.656667  6.95159e-310
97978 65851 2  0.8554  0.4599  0.606667  1.17989e-311
edge_match: 
from 3 to 2 matchnode 16842

16842 62676 2  0.7326  0.4779  0.536667  0
16842 97978 2  0.5742  0.4366  0.656667  0
from 3 to 2 matchnode 65851

65851 62676 2  0.6882  0.4536  0.486667  1.18025e-311
65851 97978 2  0.5394  0.4144  0.606667  1.18025e-311
edge_match: 
from 4 to 3 matchnode 47324

47324 16842 2  0.6305  0.403  0.636667  1.17989e-311
47324 65851 2  0.611  0.4095  0.586667  1.17989e-311
from 4 to 3 matchnode 56496

56496 16842 2  0.9603  0.6138  0.643333  1.17989e-311
56496 65851 2  0.9306  0.6237  0.593333  1.17989e-311

pattern answer37:
vertex1: 节点个数 1
124883 1 0.47
vertex2: 节点个数 2
60441 2 0.89
65240 2 0.85
vertex3: 节点个数 2
16842 3 0.59
63268 3 0.9
vertex4: 节点个数 2
7794 4 0.55
47324 4 0.9
edge_match: 
from 1 to 2 matchnode 124883

124883 60441 2  0.4324  0.696  0.593333  0
124883 65240 2  0.9118  0.64  0.58  0
from 1 to 3 matchnode 124883

124883 16842 2  0.9118  0.496  0.493333  1.1809e-311
124883 63268 2  0.846  0.544  0.596667  1.1809e-311
edge_match: 
from 2 to 1 matchnode 60441

60441 124883 2  0.4165  0.7719  0.593333  4.03963e-312
from 2 to 3 matchnode 60441

60441 16842 2  0.4753  0.5146  0.633333  6.95159e-310
60441 63268 2  0.441  0.5644  0.736667  1.17989e-311
from 2 to 1 matchnode 65240

65240 124883 2  0.629  0.7254  0.58  4.03963e-312
from 2 to 3 matchnode 65240

65240 16842 2  0.7178  0.4836  0.62  6.95159e-310
65240 63268 2  0.666  0.5304  0.723333  1.17989e-311
edge_match: 
from 3 to 2 matchnode 16842

16842 60441 2  0.4554  0.5133  0.633333  0
16842 65240 2  0.9603  0.472  0.62  0
from 3 to 2 matchnode 63268

63268 60441 2  0.47  0.4512  0.786667  1.1805e-311
63268 65240 2  0.56  0.611  0.773333  1.1805e-311
edge_match: 
from 4 to 3 matchnode 7794

7794 16842 2  0.5394  0.5168  0.57  1.17989e-311
7794 63268 2  0.648  0.4216  0.623333  1.17989e-311
from 4 to 3 matchnode 47324

47324 16842 2  0.6305  0.403  0.636667  1.17989e-311
47324 63268 2  0.585  0.442  0.74  1.17989e-311

pattern answer38:
vertex1: 节点个数 1
132733 1 0.65
vertex2: 节点个数 2
106866 2 0.83
176028 2 0.43
vertex3: 节点个数 2
70244 3 0.99
94506 3 0.58
vertex4: 节点个数 2
7794 4 0.55
25180 4 0.88
edge_match: 
from 1 to 2 matchnode 132733

132733 106866 2  0.6052  0.8536  0.683333  0
132733 176028 2  0.6528  0.97  0.55  0
from 1 to 3 matchnode 132733

132733 70244 2  0.81  0.7161  0.773333  1.18091e-311
132733 94506 2  0.51  0.8633  0.6  1.18091e-311
edge_match: 
from 2 to 1 matchnode 106866

106866 132733 2  0.6324  0.532  0.72  1.17989e-311
from 2 to 3 matchnode 106866

106866 70244 2  0.612  0.7315  0.833333  6.95159e-310
106866 94506 2  0.4425  0.445  0.66  6.95159e-310
from 2 to 1 matchnode 176028

176028 132733 2  0.9021  0.4536  0.586667  1.17989e-311
from 2 to 3 matchnode 176028

176028 70244 2  0.873  0.6237  0.7  6.95159e-310
176028 94506 2  0.675  0.4094  0.526667  6.95159e-310
edge_match: 
from 3 to 2 matchnode 70244

70244 106866 2  0.5429  0.8536  0.796667  0
70244 176028 2  0.5856  0.97  0.663333  0
from 3 to 2 matchnode 94506

94506 106866 2  0.534  0.4048  0.66  0
94506 176028 2  0.576  0.46  0.526667  0
edge_match: 
from 4 to 3 matchnode 7794

7794 70244 2  0.585  0.6776  0.74  1.18058e-311
7794 94506 2  0.6525  0.6052  0.566667  1.1809e-311
from 4 to 3 matchnode 25180

25180 70244 2  0.4002  0.53  0.813333  1.18058e-311
25180 94506 2  0.5175  0.89  0.676667  1.1809e-311

pattern answer39:
vertex1: 节点个数 1
133311 1 0.75
vertex2: 节点个数 2
68257 2 0.96
176028 2 0.43
vertex3: 节点个数 2
70244 3 0.99
128278 3 0.93
vertex4: 节点个数 2
5403 4 0.66
7190 4 0.88
edge_match: 
from 1 to 2 matchnode 133311

133311 68257 2  0.6048  0.5494  0.76  0
133311 176028 2  0.6048  0.67  0.583333  0
from 1 to 3 matchnode 133311

133311 70244 2  0.828  0.4235  0.806667  1.18027e-311
133311 128278 2  0.7084  0.4675  0.786667  1.18027e-311
edge_match: 
from 2 to 1 matchnode 68257

68257 133311 2  0.5044  0.4331  0.796667  6.95335e-310
from 2 to 3 matchnode 68257

68257 70244 2  0.873  0.5467  0.876667  6.95159e-310
68257 128278 2  0.7469  0.6035  0.856667  6.95159e-310
from 2 to 1 matchnode 176028

176028 133311 2  0.5044  0.4941  0.62  6.95335e-310
from 2 to 3 matchnode 176028

176028 70244 2  0.873  0.6237  0.7  6.95159e-310
176028 128278 2  0.7469  0.6885  0.68  6.95159e-310
edge_match: 
from 3 to 2 matchnode 70244

70244 68257 2  0.5856  0.7954  0.84  0
70244 176028 2  0.5856  0.97  0.663333  0
from 3 to 2 matchnode 128278

128278 68257 2  0.4224  0.5904  0.82  0
128278 176028 2  0.4224  0.72  0.643333  0
edge_match: 
from 4 to 3 matchnode 5403

5403 70244 2  0.765  0.6468  0.776667  1.18058e-311
5403 128278 2  0.6545  0.714  0.756667  1.18056e-311
from 4 to 3 matchnode 7190

7190 70244 2  0.549  0.5775  0.85  1.18058e-311
7190 128278 2  0.4697  0.6375  0.83  1.18056e-311

pattern answer40:
vertex1: 节点个数 1
136982 1 0.82
vertex2: 节点个数 2
62310 2 0.99
68257 2 0.96
vertex3: 节点个数 2
70244 3 0.99
88689 3 0.42
vertex4: 节点个数 2
7794 4 0.55
25180 4 0.88
edge_match: 
from 1 to 2 matchnode 136982

136982 62310 2  0.7425  0.5427  0.793333  0
136982 68257 2  0.9504  0.6642  0.783333  0
from 1 to 3 matchnode 136982

136982 70244 2  0.486  0.5698  0.83  1.18091e-311
136982 88689 2  0.7425  0.6399  0.603333  1.18091e-311
edge_match: 
from 2 to 1 matchnode 62310

62310 136982 2  0.5415  0.6072  0.743333  1.18091e-311
from 2 to 3 matchnode 62310

62310 70244 2  0.684  0.7315  0.886667  6.95159e-310
62310 88689 2  0.48  0.5293  0.66  6.95159e-310
from 2 to 1 matchnode 68257

68257 136982 2  0.836  0.6072  0.733333  1.18091e-311
from 2 to 3 matchnode 68257

68257 70244 2  0.873  0.5467  0.876667  6.95159e-310
68257 88689 2  0.6975  0.474  0.65  6.95159e-310
edge_match: 
from 3 to 2 matchnode 70244

70244 62310 2  0.4575  0.6499  0.85  0
70244 68257 2  0.5856  0.7954  0.84  0
from 3 to 2 matchnode 88689

88689 62310 2  0.63  0.4891  0.66  0
88689 68257 2  0.8064  0.5986  0.65  0
edge_match: 
from 4 to 3 matchnode 7794

7794 70244 2  0.585  0.6776  0.74  1.18058e-311
7794 88689 2  0.6525  0.5372  0.513333  1.1809e-311
from 4 to 3 matchnode 25180

25180 70244 2  0.4002  0.53  0.813333  1.18058e-311
25180 88689 2  0.5175  0.79  0.623333  1.1809e-311

pattern answer41:
vertex1: 节点个数 1
144408 1 0.65
vertex2: 节点个数 2
70028 2 0.45
104958 2 0.61
vertex3: 节点个数 2
118667 3 0.89
146209 3 0.44
vertex4: 节点个数 2
5403 4 0.66
7190 4 0.88
edge_match: 
from 1 to 2 matchnode 144408

144408 70028 2  0.5168  0.45  0.593333  0
144408 104958 2  0.6732  0.7125  0.646667  0
from 1 to 3 matchnode 144408

144408 118667 2  0.5304  0.7275  0.74  1.18091e-311
144408 146209 2  0.6528  0.66  0.59  1.18091e-311
edge_match: 
from 2 to 1 matchnode 70028

70028 144408 2  0.6375  0.5676  0.556667  1.17989e-311
from 2 to 3 matchnode 70028

70028 118667 2  0.429  0.7954  0.673333  6.95159e-310
70028 146209 2  0.528  0.7216  0.523333  6.95159e-310
from 2 to 1 matchnode 104958

104958 144408 2  0.833  0.645  0.61  1.17989e-311
from 2 to 3 matchnode 104958

104958 118667 2  0.624  0.5917  0.726667  6.95159e-310
104958 146209 2  0.768  0.5368  0.576667  6.95159e-310
edge_match: 
from 3 to 2 matchnode 118667

118667 70028 2  0.5852  0.444  0.673333  0
118667 104958 2  0.7623  0.703  0.726667  0
from 3 to 2 matchnode 146209

146209 70028 2  0.5244  0.492  0.523333  0
146209 104958 2  0.6831  0.779  0.576667  0
edge_match: 
from 4 to 3 matchnode 5403

5403 118667 2  0.663  0.8148  0.743333  1.18056e-311
5403 146209 2  0.816  0.7392  0.593333  1.18056e-311
from 4 to 3 matchnode 7190

7190 118667 2  0.4758  0.7275  0.816667  1.18056e-311
7190 146209 2  0.5856  0.66  0.666667  1.18056e-311

pattern answer42:
vertex1: 节点个数 1
144945 1 0.7
vertex2: 节点个数 2
68257 2 0.96
104958 2 0.61
vertex3: 节点个数 2
70244 3 0.99
88689 3 0.42
vertex4: 节点个数 2
7794 4 0.55
25180 4 0.88
edge_match: 
from 1 to 2 matchnode 144945

144945 68257 2  0.5856  0.5658  0.743333  0
144945 104958 2  0.8514  0.912  0.663333  0
from 1 to 3 matchnode 144945

144945 70244 2  0.774  0.7392  0.79  1.18091e-311
144945 88689 2  0.4575  0.5451  0.563333  1.18091e-311
edge_match: 
from 2 to 1 matchnode 68257

68257 144945 2  0.4092  0.462  0.743333  0
from 2 to 3 matchnode 68257

68257 70244 2  0.873  0.5467  0.876667  6.95159e-310
68257 88689 2  0.6975  0.474  0.65  6.95159e-310
from 2 to 1 matchnode 104958

104958 144945 2  0.4312  0.5775  0.626667  0
from 2 to 3 matchnode 104958

104958 70244 2  0.72  0.4697  0.76  6.95159e-310
104958 88689 2  0.735  0.5925  0.533333  6.95159e-310
edge_match: 
from 3 to 2 matchnode 70244

70244 68257 2  0.5856  0.7954  0.84  0
70244 104958 2  0.4148  0.5626  0.723333  0
from 3 to 2 matchnode 88689

88689 68257 2  0.8064  0.5986  0.65  0
88689 104958 2  0.5712  0.4234  0.533333  0
edge_match: 
from 4 to 3 matchnode 7794

7794 70244 2  0.585  0.6776  0.74  1.18058e-311
7794 88689 2  0.6525  0.5372  0.513333  1.1809e-311
from 4 to 3 matchnode 25180

25180 70244 2  0.4002  0.53  0.813333  1.18058e-311
25180 88689 2  0.5175  0.79  0.623333  1.1809e-311

pattern answer43:
vertex1: 节点个数 1
150485 1 0.53
vertex2: 节点个数 2
92247 2 0.51
229980 2 0.99
vertex3: 节点个数 2
69838 3 0.82
113138 3 0.82
vertex4: 节点个数 2
197275 4 0.45
201333 4 0.51
edge_match: 
from 1 to 2 matchnode 150485

150485 92247 1  0.95  0.73  0.52  0
150485 229980 2  0.494  0.5402  0.676667  0
from 1 to 3 matchnode 150485

150485 69838 2  0.684  0.5037  0.62  1.18091e-311
150485 113138 2  0.7695  0.5183  0.62  1.18091e-311
edge_match: 
from 2 to 1 matchnode 92247

92247 150485 2  0.4324  0.6177  0.453333  1.18091e-311
from 2 to 3 matchnode 92247

92247 69838 1  0.72  0.69  0.665  6.95159e-310
92247 113138 1  0.81  0.71  0.665  6.95159e-310
from 2 to 1 matchnode 229980

229980 150485 2  0.5185  0.5723  0.63  1.18091e-311
from 2 to 3 matchnode 229980

229980 69838 1  0.79  0.48  0.905  6.95159e-310
229980 113138 2  0.5184  0.4189  0.773333  6.95159e-310
edge_match: 
from 3 to 2 matchnode 69838

69838 92247 1  0.43  0.62  0.665  0
69838 229980 2  0.6408  0.474  0.753333  0
from 3 to 2 matchnode 113138

113138 92247 2  0.7896  0.5795  0.583333  0
113138 229980 2  0.4758  0.425  0.903333  0
edge_match: 
from 4 to 3 matchnode 197275

197275 69838 2  0.9215  0.5704  0.68  1.18048e-311
197275 113138 2  0.5175  0.4  0.523333  1.1805e-311
from 4 to 3 matchnode 201333

201333 69838 1  0.61  0.65  0.665  1.18048e-311
201333 113138 2  0.7533  0.6532  0.613333  1.1805e-311

pattern answer44:
vertex1: 节点个数 1
150710 1 0.55
vertex2: 节点个数 2
62676 2 0.6
65240 2 0.85
vertex3: 节点个数 2
67454 3 0.99
109944 3 0.69
vertex4: 节点个数 2
1143 4 0.45
2653 4 0.42
edge_match: 
from 1 to 2 matchnode 150710

150710 62676 2  0.7178  0.405  0.523333  0
150710 65240 2  0.9409  0.4  0.606667  0
from 1 to 3 matchnode 150710

150710 67454 2  0.8924  0.5  0.653333  1.18091e-311
150710 109944 2  0.8439  0.465  0.553333  1.18091e-311
edge_match: 
from 2 to 1 matchnode 62676

62676 150710 2  0.7566  0.6552  0.523333  4.03963e-312
from 2 to 3 matchnode 62676

62676 67454 2  0.8924  0.91  0.67  6.95159e-310
62676 109944 2  0.8439  0.8463  0.57  6.95159e-310
from 2 to 1 matchnode 65240

65240 150710 2  0.5772  0.5616  0.606667  4.03963e-312
from 2 to 3 matchnode 65240

65240 67454 2  0.6808  0.78  0.753333  6.95159e-310
65240 109944 2  0.6438  0.7254  0.653333  6.95159e-310
edge_match: 
from 3 to 2 matchnode 67454

67454 62676 2  0.4292  0.7533  0.67  1.1809e-311
67454 65240 2  0.5626  0.744  0.753333  1.1809e-311
from 3 to 2 matchnode 109944

109944 62676 2  0.666  0.6885  0.57  1.1805e-311
109944 65240 2  0.873  0.68  0.653333  1.1805e-311
edge_match: 
from 4 to 3 matchnode 1143

1143 67454 2  0.598  0.58  0.62  1.18055e-311
1143 109944 2  0.5655  0.5394  0.52  1.18051e-311
from 4 to 3 matchnode 2653

2653 67454 2  0.8556  0.57  0.61  1.18055e-311
2653 109944 2  0.8091  0.5301  0.51  1.18051e-311

pattern answer45:
vertex1: 节点个数 1
151845 1 0.68
vertex2: 节点个数 2
68257 2 0.96
112263 2 0.56
vertex3: 节点个数 2
140780 3 0.99
144940 3 0.5
vertex4: 节点个数 2
7794 4 0.55
25180 4 0.88
edge_match: 
from 1 to 2 matchnode 151845

151845 68257 2  0.4512  0.5002  0.736667  0
151845 112263 2  0.4277  0.5307  0.603333  0
from 1 to 3 matchnode 151845

151845 140780 2  0.4606  0.5551  0.746667  1.18091e-311
151845 144940 2  0.423  0.4819  0.583333  1.18091e-311
edge_match: 
from 2 to 1 matchnode 68257

68257 151845 2  0.8556  0.42  0.736667  1.18009e-311
from 2 to 3 matchnode 68257

68257 140780 2  0.9114  0.546  0.84  6.95159e-310
68257 144940 2  0.837  0.474  0.676667  6.95159e-310
from 2 to 1 matchnode 112263

112263 151845 2  0.4508  0.553  0.603333  1.18009e-311
from 2 to 3 matchnode 112263

112263 140780 2  0.4802  0.7189  0.706667  6.95159e-310
112263 144940 2  0.441  0.6241  0.543333  6.95159e-310
edge_match: 
from 3 to 2 matchnode 140780

140780 68257 2  0.8064  0.451  0.84  0
140780 112263 2  0.7644  0.4785  0.706667  0
from 3 to 2 matchnode 144940

144940 68257 2  0.5568  0.41  0.676667  0
144940 112263 2  0.5278  0.435  0.543333  0
edge_match: 
from 4 to 3 matchnode 7794

7794 140780 2  0.8526  0.6188  0.703333  1.18044e-311
7794 144940 2  0.783  0.5372  0.54  1.18044e-311
from 4 to 3 matchnode 25180

25180 140780 2  0.6762  0.91  0.813333  1.18044e-311
25180 144940 2  0.621  0.79  0.65  1.18044e-311

pattern answer46:
vertex1: 节点个数 1
154639 1 0.95
vertex2: 节点个数 2
62310 2 0.99
104958 2 0.61
vertex3: 节点个数 2
70244 3 0.99
118667 3 0.89
vertex4: 节点个数 2
5403 4 0.66
7190 4 0.88
edge_match: 
from 1 to 2 matchnode 154639

154639 62310 2  0.5088  0.5704  0.873333  0
154639 104958 2  0.9504  0.589  0.746667  0
from 1 to 3 matchnode 154639

154639 70244 2  0.864  0.4774  0.873333  1.18091e-311
154639 118667 2  0.7488  0.6014  0.84  1.18091e-311
edge_match: 
from 2 to 1 matchnode 62310

62310 154639 2  0.6764  0.95  0.873333  0
from 2 to 3 matchnode 62310

62310 70244 2  0.684  0.7315  0.886667  6.95159e-310
62310 118667 2  0.5928  0.9215  0.853333  6.95159e-310
from 2 to 1 matchnode 104958

104958 154639 2  0.712  0.61  0.746667  0
from 2 to 3 matchnode 104958

104958 70244 2  0.72  0.4697  0.76  6.95159e-310
104958 118667 2  0.624  0.5917  0.726667  6.95159e-310
edge_match: 
from 3 to 2 matchnode 70244

70244 62310 2  0.4575  0.6499  0.85  0
70244 104958 2  0.4148  0.5626  0.723333  0
from 3 to 2 matchnode 118667

118667 62310 2  0.4081  0.6808  0.853333  0
118667 104958 2  0.7623  0.703  0.726667  0
edge_match: 
from 4 to 3 matchnode 5403

5403 70244 2  0.765  0.6468  0.776667  1.18058e-311
5403 118667 2  0.663  0.8148  0.743333  1.18056e-311
from 4 to 3 matchnode 7190

7190 70244 2  0.549  0.5775  0.85  1.18058e-311
7190 118667 2  0.4758  0.7275  0.816667  1.18056e-311

pattern answer47:
vertex1: 节点个数 1
169594 1 0.85
vertex2: 节点个数 2
62310 2 0.99
68257 2 0.96
vertex3: 节点个数 2
88689 3 0.42
107078 3 0.77
vertex4: 节点个数 2
7794 4 0.55
25180 4 0.88
edge_match: 
from 1 to 2 matchnode 169594

169594 62310 2  0.4575  0.5092  0.803333  0
169594 68257 2  0.5856  0.6232  0.793333  0
from 1 to 3 matchnode 169594

169594 88689 2  0.4575  0.6004  0.613333  1.1801e-311
169594 107078 2  0.4392  0.5016  0.73  1.1801e-311
edge_match: 
from 2 to 1 matchnode 62310

62310 169594 2  0.512  0.4824  0.803333  0
from 2 to 3 matchnode 62310

62310 88689 2  0.48  0.5293  0.66  6.95159e-310
62310 107078 2  0.4608  0.4422  0.776667  1.1809e-311
from 2 to 1 matchnode 68257

68257 169594 2  0.744  0.432  0.793333  0
from 2 to 3 matchnode 68257

68257 88689 2  0.6975  0.474  0.65  6.95159e-310
68257 107078 2  0.5544  0.828  0.716667  1.1809e-311
edge_match: 
from 3 to 2 matchnode 88689

88689 62310 2  0.63  0.4891  0.66  0
88689 68257 2  0.8064  0.5986  0.65  0
from 3 to 2 matchnode 107078

107078 62310 2  0.645  0.6097  0.776667  1.1809e-311
107078 68257 2  0.8256  0.7462  0.766667  1.1809e-311
edge_match: 
from 4 to 3 matchnode 7794

7794 88689 2  0.6525  0.5372  0.513333  1.1809e-311
7794 107078 2  0.6264  0.4488  0.63  1.1809e-311
from 4 to 3 matchnode 25180

25180 88689 2  0.5175  0.79  0.623333  1.1809e-311
25180 107078 2  0.4968  0.66  0.74  1.1809e-311

pattern answer48:
vertex1: 节点个数 1
180959 1 0.93
vertex2: 节点个数 2
189089 2 0.5
249704 2 1
vertex3: 节点个数 2
228817 3 0.55
239011 3 0.52
vertex4: 节点个数 2
2767 4 0.69
15135 4 0.8
edge_match: 
from 1 to 2 matchnode 180959

180959 189089 2  0.441  0.5037  0.723333  0
180959 249704 2  0.427  0.7081  0.89  0
from 1 to 3 matchnode 180959

180959 228817 2  0.476  0.4234  0.74  1.18091e-311
180959 239011 2  0.644  0.4599  0.73  1.18091e-311
edge_match: 
from 2 to 1 matchnode 189089

189089 180959 2  0.7857  0.7371  0.723333  4.03963e-312
from 2 to 3 matchnode 189089

189089 228817 2  0.6596  0.4698  0.596667  6.95159e-310
189089 239011 2  0.8924  0.5103  0.586667  1.1809e-311
from 2 to 1 matchnode 249704

249704 180959 2  0.5427  0.7917  0.89  4.03963e-312
from 2 to 3 matchnode 249704

249704 228817 2  0.4556  0.5046  0.763333  6.95159e-310
249704 239011 2  0.6164  0.5481  0.753333  1.1809e-311
edge_match: 
from 3 to 2 matchnode 228817

228817 189089 2  0.5922  0.5313  0.596667  0
228817 249704 2  0.5734  0.7469  0.763333  0
from 3 to 2 matchnode 239011

239011 189089 2  0.6048  0.5727  0.586667  0
239011 249704 2  0.5856  0.8051  0.753333  0
edge_match: 
from 4 to 3 matchnode 2767

2767 228817 2  0.4012  0.4176  0.66  1.1809e-311
2767 239011 2  0.5428  0.4536  0.65  1.1809e-311
from 4 to 3 matchnode 15135

15135 228817 2  0.5508  0.435  0.696667  1.1809e-311
15135 239011 2  0.7452  0.4725  0.686667  1.1809e-311

pattern answer49:
vertex1: 节点个数 1
188031 1 0.67
vertex2: 节点个数 2
16835 2 0.56
52861 2 0.9
vertex3: 节点个数 2
228817 3 0.55
239011 3 0.52
vertex4: 节点个数 2
2767 4 0.69
15135 4 0.8
edge_match: 
from 1 to 2 matchnode 188031

188031 16835 2  0.4275  0.5976  0.656667  0
188031 52861 2  0.4275  0.4176  0.77  0
from 1 to 3 matchnode 188031

188031 228817 2  0.646  0.4176  0.653333  1.18091e-311
188031 239011 2  0.874  0.4536  0.643333  1.18091e-311
edge_match: 
from 2 to 1 matchnode 16835

16835 188031 2  0.7998  0.6314  0.656667  0
from 2 to 3 matchnode 16835

16835 228817 2  0.6324  0.4466  0.616667  6.95159e-310
16835 239011 2  0.8556  0.4851  0.606667  1.1809e-311
from 2 to 1 matchnode 52861

52861 188031 2  0.6794  0.6396  0.77  0
from 2 to 3 matchnode 52861

52861 228817 2  0.5372  0.4524  0.73  6.95159e-310
52861 239011 2  0.7268  0.4914  0.72  1.1809e-311
edge_match: 
from 3 to 2 matchnode 228817

228817 16835 2  0.423  0.6391  0.616667  0
228817 52861 2  0.423  0.4466  0.73  0
from 3 to 2 matchnode 239011

239011 16835 2  0.432  0.6889  0.606667  0
239011 52861 2  0.432  0.4814  0.72  0
edge_match: 
from 4 to 3 matchnode 2767

2767 228817 2  0.4012  0.4176  0.66  1.1809e-311
2767 239011 2  0.5428  0.4536  0.65  1.1809e-311
from 4 to 3 matchnode 15135

15135 228817 2  0.5508  0.435  0.696667  1.1809e-311
15135 239011 2  0.7452  0.4725  0.686667  1.1809e-311

pattern answer50:
vertex1: 节点个数 1
188928 1 0.62
vertex2: 节点个数 2
75326 2 0.8
708304 2 0.5
vertex3: 节点个数 2
65491 3 0.82
65771 3 0.61
vertex4: 节点个数 2
289140 4 0.98
708507 4 0.4
edge_match: 
from 1 to 2 matchnode 188928

188928 75326 2  0.403  0.8554  0.71  0
188928 708304 2  0.7872  0.4182  0.683333  0
from 1 to 3 matchnode 188928

188928 65491 1  0.6  0.72  0.72  1.18091e-311
188928 65771 2  0.532  0.8265  0.616667  1.18091e-311
edge_match: 
from 2 to 1 matchnode 75326

75326 188928 2  0.4872  0.4888  0.68  1.17989e-311
from 2 to 3 matchnode 75326

75326 65491 2  0.4898  0.4697  0.556667  6.95159e-310
75326 65771 2  0.5488  0.589  0.676667  6.95159e-310
from 2 to 1 matchnode 708304

708304 188928 1  0.85  0.53  0.56  1.17989e-311
from 2 to 3 matchnode 708304

708304 65491 2  0.6076  0.512  0.65  6.95159e-310
708304 65771 2  0.4488  0.6786  0.633333  6.95159e-310
edge_match: 
from 3 to 2 matchnode 65491

65491 75326 2  0.6468  0.534  0.753333  0
65491 708304 1  0.99  0.73  0.66  0
from 3 to 2 matchnode 65771

65771 75326 2  0.4692  0.6006  0.676667  1.18e-311
65771 708304 1  0.6  0.73  0.555  1.18e-311
edge_match: 
from 4 to 3 matchnode 289140

289140 65491 1  0.73  0.42  0.9  1.18091e-311
289140 65771 2  0.644  0.495  0.793333  1.18091e-311
from 4 to 3 matchnode 708507

708507 65491 2  0.48  0.6399  0.463333  1.18091e-311
708507 65771 2  0.931  0.5304  0.51  1.18091e-311

pattern answer51:
vertex1: 节点个数 1
217040 1 0.46
vertex2: 节点个数 2
98663 2 1
145788 2 0.86
vertex3: 节点个数 2
88689 3 0.42
140780 3 0.99
vertex4: 节点个数 2
7794 4 0.55
25180 4 0.88
edge_match: 
from 1 to 2 matchnode 217040

217040 98663 2  0.4067  0.4088  0.676667  0
217040 145788 2  0.4648  0.5096  0.63  0
from 1 to 3 matchnode 217040

217040 88689 2  0.6225  0.4424  0.483333  1.18091e-311
217040 140780 2  0.8134  0.5096  0.673333  1.18091e-311
edge_match: 
from 2 to 1 matchnode 98663

98663 217040 2  0.621  0.405  0.676667  4.03963e-312
from 2 to 3 matchnode 98663

98663 88689 2  0.675  0.5925  0.663333  6.95159e-310
98663 140780 2  0.882  0.6825  0.853333  6.95159e-310
from 2 to 1 matchnode 145788

145788 217040 2  0.6348  0.432  0.63  4.03963e-312
from 2 to 3 matchnode 145788

145788 88689 2  0.69  0.632  0.616667  6.95159e-310
145788 140780 2  0.9016  0.728  0.806667  6.95159e-310
edge_match: 
from 3 to 2 matchnode 88689

88689 98663 2  0.4116  0.5329  0.663333  0
88689 145788 2  0.4704  0.6643  0.616667  0
from 3 to 2 matchnode 140780

140780 98663 2  0.4116  0.4015  0.853333  0
140780 145788 2  0.4704  0.5005  0.806667  0
edge_match: 
from 4 to 3 matchnode 7794

7794 88689 2  0.6525  0.5372  0.513333  1.1809e-311
7794 140780 2  0.8526  0.6188  0.703333  1.18044e-311
from 4 to 3 matchnode 25180

25180 88689 2  0.5175  0.79  0.623333  1.1809e-311
25180 140780 2  0.6762  0.91  0.813333  1.18044e-311

pattern answer52:
vertex1: 节点个数 1
225172 1 0.57
vertex2: 节点个数 2
534040 2 0.64
688951 2 0.96
vertex3: 节点个数 2
368673 3 0.95
452912 3 0.64
vertex4: 节点个数 2
277020 4 0.86
691439 4 0.67
edge_match: 
from 1 to 2 matchnode 225172

225172 534040 2  0.6232  0.98  0.493333  0
225172 688951 2  0.504  0.4272  0.793333  0
from 1 to 3 matchnode 225172

225172 368673 2  0.4332  0.4512  0.706667  1.18091e-311
225172 452912 2  0.4028  0.5952  0.603333  1.18091e-311
edge_match: 
from 2 to 1 matchnode 534040

534040 225172 2  0.7872  0.6486  0.596667  4.03963e-312
from 2 to 3 matchnode 534040

534040 368673 2  0.6768  0.4416  0.733333  6.95159e-310
534040 452912 2  0.4002  0.5775  0.47  6.95159e-310
from 2 to 1 matchnode 688951

688951 225172 2  0.8448  0.5828  0.71  4.03963e-312
from 2 to 3 matchnode 688951

688951 368673 2  0.6192  0.7395  0.966667  6.95159e-310
688951 452912 1  0.41  0.89  0.8  6.95159e-310
edge_match: 
from 3 to 2 matchnode 368673

368673 534040 2  0.5396  0.7047  0.72  0
368673 688951 2  0.7055  0.6068  0.663333  0
from 3 to 2 matchnode 452912

452912 534040 2  0.6699  0.68  0.713333  1.18091e-311
452912 688951 1  0.74  0.91  0.8  1.18091e-311
edge_match: 
from 4 to 3 matchnode 277020

277020 368673 2  0.5586  0.4277  0.803333  1.18091e-311
277020 452912 2  0.5194  0.5642  0.7  1.18041e-311
from 4 to 3 matchnode 691439

691439 368673 2  0.7968  0.7546  0.753333  1.18091e-311
691439 452912 1  0.83  0.98  0.655  1.18041e-311

pattern answer53:
vertex1: 节点个数 1
252436 1 0.9
vertex2: 节点个数 2
80905 2 0.77
240593 2 0.63
vertex3: 节点个数 2
61020 3 0.8
240837 3 0.8
vertex4: 节点个数 2
360490 4 0.71
621294 4 0.96
edge_match: 
from 1 to 2 matchnode 252436

252436 80905 1  0.86  0.97  0.835  0
252436 240593 1  0.85  0.97  0.765  0
from 1 to 3 matchnode 252436

252436 61020 2  0.7008  0.424  0.783333  1.18091e-311
252436 240837 1  0.96  0.49  0.85  1.18091e-311
edge_match: 
from 2 to 1 matchnode 80905

80905 252436 1  0.99  0.92  0.835  4.03963e-312
from 2 to 3 matchnode 80905

80905 61020 2  0.5244  0.6732  0.57  6.95159e-310
80905 240837 2  0.9504  0.4508  0.823333  1.18012e-311
from 2 to 1 matchnode 240593

240593 252436 1  0.8  0.83  0.765  4.03963e-312
from 2 to 3 matchnode 240593

240593 61020 2  0.4136  0.4128  0.733333  6.95159e-310
240593 240837 2  0.768  0.4067  0.776667  1.18012e-311
edge_match: 
from 3 to 2 matchnode 61020

61020 80905 2  0.528  0.4092  0.78  0
61020 240593 2  0.6072  0.6072  0.733333  0
from 3 to 2 matchnode 240837

240837 80905 1  0.48  0.61  0.785  1.18012e-311
240837 240593 2  0.5916  0.5049  0.586667  1.18012e-311
edge_match: 
from 4 to 3 matchnode 360490

360490 61020 2  0.4002  0.7998  0.656667  1.18091e-311
360490 240837 2  0.4345  0.435  0.62  1.18012e-311
from 4 to 3 matchnode 621294

621294 61020 2  0.517  0.5074  0.766667  1.18091e-311
621294 240837 2  0.572  0.4307  0.67  1.18012e-311

pattern answer54:
vertex1: 节点个数 1
317352 1 0.52
vertex2: 节点个数 2
316221 2 0.82
316445 2 0.94
vertex3: 节点个数 2
19793 3 0.42
144794 3 0.82
vertex4: 节点个数 2
68261 4 0.81
106378 4 0.67
edge_match: 
from 1 to 2 matchnode 317352

317352 316221 2  0.8811  0.7735  0.78  0
317352 316445 2  0.4488  0.5265  0.713333  0
from 1 to 3 matchnode 317352

317352 19793 2  0.4437  0.5785  0.54  1.18092e-311
317352 144794 1  0.55  0.75  0.67  1.18092e-311
edge_match: 
from 2 to 1 matchnode 316221

316221 317352 2  0.5476  0.816  0.52  1.17989e-311
from 2 to 3 matchnode 316221

316221 19793 1  0.49  0.49  0.62  6.95159e-310
316221 144794 2  0.6138  0.817  0.56  6.95159e-310
from 2 to 1 matchnode 316445

316445 317352 2  0.4165  0.4092  0.656667  1.17989e-311
from 2 to 3 matchnode 316445

316445 19793 2  0.6825  0.836  0.496667  6.95159e-310
316445 144794 2  0.51  0.4556  0.82  6.95159e-310
edge_match: 
from 3 to 2 matchnode 19793

19793 316221 2  0.5328  0.54  0.54  0
19793 316445 2  0.5016  0.7857  0.68  0
from 3 to 2 matchnode 144794

144794 316221 2  0.52  0.623  0.56  0
144794 316445 2  0.7623  0.646  0.723333  0
edge_match: 
from 4 to 3 matchnode 68261

68261 19793 2  0.5022  0.7425  0.503333  1.18091e-311
68261 144794 2  0.7998  0.6534  0.636667  1.18027e-311
from 4 to 3 matchnode 106378

106378 19793 1  0.97  0.96  0.545  1.18091e-311
106378 144794 2  0.7776  0.6048  0.736667  1.18027e-311

pattern answer55:
vertex1: 节点个数 1
332999 1 0.87
vertex2: 节点个数 2
261715 2 0.77
373608 2 0.48
vertex3: 节点个数 2
86657 3 0.7
171068 3 0.73
vertex4: 节点个数 2
73961 4 0.57
170869 4 0.83
edge_match: 
from 1 to 2 matchnode 332999

332999 261715 2  0.4851  0.8464  0.803333  0
332999 373608 2  0.48  0.5247  0.626667  0
from 1 to 3 matchnode 332999

332999 86657 2  0.5643  0.56  0.836667  1.18092e-311
332999 171068 1  0.44  0.94  0.8  1.18092e-311
edge_match: 
from 2 to 1 matchnode 261715

261715 332999 2  0.4047  0.42  0.826667  0
from 2 to 3 matchnode 261715

261715 86657 1  0.47  0.97  0.735  6.95159e-310
261715 171068 2  0.6958  0.7392  0.78  6.95159e-310
from 2 to 1 matchnode 373608

373608 332999 2  0.468  0.5016  0.533333  0
from 2 to 3 matchnode 373608

373608 86657 1  0.97  0.45  0.59  6.95159e-310
373608 171068 2  0.4743  0.5913  0.63  6.95159e-310
edge_match: 
from 3 to 2 matchnode 86657

86657 261715 2  0.6216  0.4653  0.77  0
86657 373608 2  0.6048  0.4371  0.673333  0
from 3 to 2 matchnode 171068

171068 261715 2  0.5106  0.7227  0.78  0
171068 373608 2  0.4968  0.6789  0.683333  0
edge_match: 
from 4 to 3 matchnode 73961

73961 86657 2  0.8736  0.5551  0.54  1.1809e-311
73961 171068 2  0.5208  0.657  0.66  1.18041e-311
from 4 to 3 matchnode 170869

170869 86657 2  0.45  0.7144  0.55  1.1809e-311
170869 171068 1  0.93  0.81  0.78  1.18041e-311

pattern answer56:
vertex1: 节点个数 1
354185 1 0.71
vertex2: 节点个数 2
55185 2 0.58
334397 2 0.9
vertex3: 节点个数 2
334351 3 0.89
562606 3 0.65
vertex4: 节点个数 2
369331 4 0.41
632707 4 0.84
edge_match: 
from 1 to 2 matchnode 354185

354185 55185 2  0.574  0.6716  0.743333  0
354185 334397 2  0.4928  0.5874  0.58  0
from 1 to 3 matchnode 354185

354185 334351 2  0.497  0.5475  0.846667  1.18092e-311
354185 562606 2  0.532  0.6424  0.766667  1.18092e-311
edge_match: 
from 2 to 1 matchnode 55185

55185 354185 2  0.8099  0.8008  0.743333  1.18092e-311
from 2 to 3 matchnode 55185

55185 334351 2  0.6461  0.66  0.803333  6.95159e-310
55185 562606 2  0.6916  0.7744  0.723333  1.1809e-311
from 2 to 1 matchnode 334397

334397 354185 2  0.4606  0.416  0.79  1.18092e-311
from 2 to 3 matchnode 334397

334397 334351 2  0.5684  0.5616  0.706667  6.95159e-310
334397 562606 2  0.784  0.4896  0.626667  1.1809e-311
edge_match: 
from 3 to 2 matchnode 334351

334351 55185 2  0.8036  0.4324  0.803333  0
334351 334397 2  0.7623  0.4818  0.816667  0
from 3 to 2 matchnode 562606

562606 55185 2  0.9312  0.6525  0.606667  1.1809e-311
562606 334397 2  0.459  0.99  0.626667  1.1809e-311
edge_match: 
from 4 to 3 matchnode 369331

369331 334351 2  0.551  0.5694  0.543333  1.18092e-311
369331 562606 2  0.76  0.4964  0.463333  1.1809e-311
from 4 to 3 matchnode 632707

632707 334351 2  0.568  0.6525  0.89  1.18092e-311
632707 562606 2  0.608  0.7656  0.81  1.1809e-311

pattern answer57:
vertex1: 节点个数 1
405490 1 0.45
vertex2: 节点个数 2
289041 2 0.91
465463 2 0.5
vertex3: 节点个数 2
65771 3 0.61
465555 3 0.52
vertex4: 节点个数 2
289140 4 0.98
484676 4 0.54
edge_match: 
from 1 to 2 matchnode 405490

405490 289041 2  0.568  0.7872  0.5  0
405490 465463 2  0.5518  0.4895  0.533333  0
from 1 to 3 matchnode 405490

405490 65771 2  0.6424  0.4032  0.653333  1.18092e-311
405490 465555 2  0.4104  0.6732  0.533333  1.18092e-311
edge_match: 
from 2 to 1 matchnode 289041

289041 405490 2  0.6552  0.6552  0.716667  1.18092e-311
from 2 to 3 matchnode 289041

289041 65771 2  0.8008  0.6084  0.77  6.95159e-310
289041 465555 2  0.67  0.4128  0.636667  6.95159e-310
from 2 to 1 matchnode 465463

465463 405490 2  0.5312  0.6324  0.553333  1.18092e-311
from 2 to 3 matchnode 465463

465463 65771 1  0.93  0.58  0.555  6.95159e-310
465463 465555 2  0.495  0.7332  0.63  6.95159e-310
edge_match: 
from 3 to 2 matchnode 65771

65771 289041 2  0.8096  0.9405  0.636667  1.18e-311
65771 465463 1  0.8  0.47  0.555  1.18e-311
from 3 to 2 matchnode 465555

465555 289041 2  0.4794  0.4526  0.563333  1.18092e-311
465555 465463 1  0.87  0.69  0.51  1.18092e-311
edge_match: 
from 4 to 3 matchnode 289140

289140 65771 2  0.644  0.495  0.793333  1.18091e-311
289140 465555 2  0.6272  0.578  0.633333  1.18092e-311
from 4 to 3 matchnode 484676

484676 65771 2  0.5546  0.665  0.46  1.18091e-311
484676 465555 2  0.5015  0.6555  0.43  1.18092e-311

pattern answer58:
vertex1: 节点个数 1
491764 1 0.59
vertex2: 节点个数 2
466033 2 0.62
500141 2 0.45
vertex3: 节点个数 2
54881 3 0.54
421744 3 0.74
vertex4: 节点个数 2
194179 4 0.91
230187 4 0.53
edge_match: 
from 1 to 2 matchnode 491764

491764 466033 2  0.4959  0.4171  0.513333  0
491764 500141 2  0.6804  0.7826  0.493333  0
from 1 to 3 matchnode 491764

491764 54881 2  0.6248  0.4472  0.493333  1.18091e-311
491764 421744 2  0.7134  0.9021  0.553333  1.18091e-311
edge_match: 
from 2 to 1 matchnode 466033

466033 491764 2  0.9024  0.5148  0.533333  0
from 2 to 3 matchnode 466033

466033 54881 2  0.4536  0.5293  0.7  6.95159e-310
466033 421744 2  0.462  0.7644  0.566667  6.95159e-310
from 2 to 1 matchnode 500141

500141 491764 2  0.9  0.9215  0.486667  0
from 2 to 3 matchnode 500141

500141 54881 1  0.59  0.79  0.495  6.95159e-310
500141 421744 2  0.6336  0.539  0.656667  6.95159e-310
edge_match: 
from 3 to 2 matchnode 54881

54881 466033 2  0.568  0.5328  0.7  0
54881 500141 2  0.7722  0.6528  0.48  0
from 3 to 2 matchnode 421744

421744 466033 2  0.6045  0.57  0.513333  0
421744 500141 2  0.6864  0.792  0.49  0
edge_match: 
from 4 to 3 matchnode 194179

194179 54881 2  0.5808  0.4732  0.6  1.18092e-311
194179 421744 2  0.4514  0.6111  0.72  1.18091e-311
from 4 to 3 matchnode 230187

230187 54881 2  0.475  0.6225  0.646667  1.18092e-311
230187 421744 2  0.7708  0.8649  0.533333  1.18091e-311

pattern answer59:
vertex1: 节点个数 1
500026 1 0.84
vertex2: 节点个数 2
466033 2 0.62
500141 2 0.45
vertex3: 节点个数 2
54881 3 0.54
421744 3 0.74
vertex4: 节点个数 2
194179 4 0.91
230187 4 0.53
edge_match: 
from 1 to 2 matchnode 500026

500026 466033 1  0.4  0.77  0.73  0
500026 500141 1  0.94  0.82  0.645  0
from 1 to 3 matchnode 500026

500026 54881 2  0.7826  0.5551  0.586667  1.18092e-311
500026 421744 2  0.4018  0.5394  0.636667  1.18092e-311
edge_match: 
from 2 to 1 matchnode 466033

466033 500026 2  0.5106  0.4977  0.546667  4.03963e-312
from 2 to 3 matchnode 466033

466033 54881 2  0.4536  0.5293  0.7  6.95159e-310
466033 421744 2  0.462  0.7644  0.566667  6.95159e-310
from 2 to 1 matchnode 500141

500141 500026 1  0.41  0.93  0.645  4.03963e-312
from 2 to 3 matchnode 500141

500141 54881 1  0.59  0.79  0.495  6.95159e-310
500141 421744 2  0.6336  0.539  0.656667  6.95159e-310
edge_match: 
from 3 to 2 matchnode 54881

54881 466033 2  0.568  0.5328  0.7  0
54881 500141 2  0.7722  0.6528  0.48  0
from 3 to 2 matchnode 421744

421744 466033 2  0.6045  0.57  0.513333  0
421744 500141 2  0.6864  0.792  0.49  0
edge_match: 
from 4 to 3 matchnode 194179

194179 54881 2  0.5808  0.4732  0.6  1.18092e-311
194179 421744 2  0.4514  0.6111  0.72  1.18091e-311
from 4 to 3 matchnode 230187

230187 54881 2  0.475  0.6225  0.646667  1.18092e-311
230187 421744 2  0.7708  0.8649  0.533333  1.18091e-311

pattern answer60:
vertex1: 节点个数 1
513889 1 0.57
vertex2: 节点个数 2
524913 2 0.91
575038 2 0.71
vertex3: 节点个数 2
514630 3 0.79
564493 3 0.59
vertex4: 节点个数 2
512935 4 0.77
513536 4 0.59
edge_match: 
from 1 to 2 matchnode 513889

513889 524913 2  0.6438  0.6205  0.563333  0
513889 575038 2  0.4851  0.76  0.596667  0
from 1 to 3 matchnode 513889

513889 514630 2  0.6532  0.4761  0.523333  1.18092e-311
513889 564493 2  0.6762  0.736  0.4  1.18092e-311
edge_match: 
from 2 to 1 matchnode 524913

524913 513889 2  0.441  0.9016  0.563333  0
from 2 to 3 matchnode 524913

524913 514630 2  0.5487  0.7452  0.626667  6.95159e-310
524913 564493 2  0.798  0.738  0.656667  6.95159e-310
from 2 to 1 matchnode 575038

575038 513889 2  0.7189  0.6708  0.513333  0
from 2 to 3 matchnode 575038

575038 514630 2  0.611  0.4872  0.81  6.95159e-310
575038 564493 1  0.83  0.54  0.65  6.95159e-310
edge_match: 
from 3 to 2 matchnode 514630

514630 524913 2  0.6417  0.9506  0.776667  0
514630 575038 2  0.552  0.756  0.616667  0
from 3 to 2 matchnode 564493

564493 524913 2  0.585  0.6216  0.693333  0
564493 575038 2  0.561  0.8832  0.736667  0
edge_match: 
from 4 to 3 matchnode 512935

512935 514630 2  0.624  0.4988  0.83  1.17989e-311
512935 564493 2  0.5214  0.756  0.65  1.18027e-311
from 4 to 3 matchnode 513536

513536 514630 2  0.4485  0.551  0.77  1.17989e-311
513536 564493 1  0.79  0.84  0.59  1.18027e-311

pattern answer61:
vertex1: 节点个数 1
514930 1 0.51
vertex2: 节点个数 2
524913 2 0.91
575038 2 0.71
vertex3: 节点个数 2
514630 3 0.79
564493 3 0.59
vertex4: 节点个数 2
512935 4 0.77
513536 4 0.59
edge_match: 
from 1 to 2 matchnode 514930

514930 524913 2  0.4615  0.7224  0.606667  0
514930 575038 1  0.63  0.76  0.61  0
from 1 to 3 matchnode 514930

514930 514630 2  0.7224  0.4096  0.486667  1.18092e-311
514930 564493 2  0.5229  0.4104  0.603333  1.18092e-311
edge_match: 
from 2 to 1 matchnode 524913

524913 514930 2  0.696  0.472  0.606667  4.03963e-312
from 2 to 3 matchnode 524913

524913 514630 2  0.5487  0.7452  0.626667  6.95159e-310
524913 564493 2  0.798  0.738  0.656667  6.95159e-310
from 2 to 1 matchnode 575038

575038 514930 1  0.58  0.41  0.61  4.03963e-312
from 2 to 3 matchnode 575038

575038 514630 2  0.611  0.4872  0.81  6.95159e-310
575038 564493 1  0.83  0.54  0.65  6.95159e-310
edge_match: 
from 3 to 2 matchnode 514630

514630 524913 2  0.6417  0.9506  0.776667  0
514630 575038 2  0.552  0.756  0.616667  0
from 3 to 2 matchnode 564493

564493 524913 2  0.585  0.6216  0.693333  0
564493 575038 2  0.561  0.8832  0.736667  0
edge_match: 
from 4 to 3 matchnode 512935

512935 514630 2  0.624  0.4988  0.83  1.17989e-311
512935 564493 2  0.5214  0.756  0.65  1.18027e-311
from 4 to 3 matchnode 513536

513536 514630 2  0.4485  0.551  0.77  1.17989e-311
513536 564493 1  0.79  0.84  0.59  1.18027e-311

pattern answer62:
vertex1: 节点个数 1
539885 1 0.83
vertex2: 节点个数 2
534040 2 0.64
559596 2 0.53
vertex3: 节点个数 2
368673 3 0.95
452912 3 0.64
vertex4: 节点个数 2
277020 4 0.86
691439 4 0.67
edge_match: 
from 1 to 2 matchnode 539885

539885 534040 2  0.9118  0.4698  0.796667  0
539885 559596 2  0.4558  0.4745  0.68  0
from 1 to 3 matchnode 539885

539885 368673 2  0.6789  0.7047  0.706667  1.18092e-311
539885 452912 2  0.5246  0.416  0.716667  1.18092e-311
edge_match: 
from 2 to 1 matchnode 534040

534040 539885 2  0.4136  0.5696  0.693333  4.03963e-312
from 2 to 3 matchnode 534040

534040 368673 2  0.6768  0.4416  0.733333  6.95159e-310
534040 452912 2  0.4002  0.5775  0.47  6.95159e-310
from 2 to 1 matchnode 559596

559596 539885 2  0.5376  0.7347  0.693333  4.03963e-312
from 2 to 3 matchnode 559596

559596 368673 2  0.4891  0.7623  0.506667  6.95159e-310
559596 452912 1  0.67  0.44  0.585  6.95159e-310
edge_match: 
from 3 to 2 matchnode 368673

368673 534040 2  0.5396  0.7047  0.72  0
368673 559596 2  0.7029  0.7452  0.683333  0
from 3 to 2 matchnode 452912

452912 534040 2  0.6699  0.68  0.713333  1.18091e-311
452912 559596 1  0.5  0.52  0.585  1.18091e-311
edge_match: 
from 4 to 3 matchnode 277020

277020 368673 2  0.5586  0.4277  0.803333  1.18091e-311
277020 452912 2  0.5194  0.5642  0.7  1.18041e-311
from 4 to 3 matchnode 691439

691439 368673 2  0.7968  0.7546  0.753333  1.18091e-311
691439 452912 1  0.83  0.98  0.655  1.18041e-311

pattern answer63:
vertex1: 节点个数 1
686251 1 0.57
vertex2: 节点个数 2
535139 2 0.48
640546 2 0.71
vertex3: 节点个数 2
61465 3 0.83
376962 3 0.86
vertex4: 节点个数 2
236845 4 0.68
326432 4 0.46
edge_match: 
from 1 to 2 matchnode 686251

686251 535139 1  0.84  0.56  0.525  0
686251 640546 2  0.429  0.4819  0.713333  0
from 1 to 3 matchnode 686251

686251 61465 2  0.6786  0.5429  0.753333  1.18091e-311
686251 376962 1  0.78  0.61  0.715  1.18091e-311
edge_match: 
from 2 to 1 matchnode 535139

535139 686251 2  0.5312  0.552  0.636667  4.03963e-312
from 2 to 3 matchnode 535139

535139 61465 1  0.67  0.89  0.655  6.95159e-310
535139 376962 1  0.83  0.69  0.67  6.95159e-310
from 2 to 1 matchnode 640546

640546 686251 2  0.5568  0.48  0.713333  4.03963e-312
from 2 to 3 matchnode 640546

640546 61465 2  0.7569  0.534  0.8  6.95159e-310
640546 376962 1  0.87  0.6  0.785  6.95159e-310
edge_match: 
from 3 to 2 matchnode 61465

61465 535139 2  0.7912  0.693  0.713333  0
61465 640546 2  0.4216  0.4998  0.673333  0
from 3 to 2 matchnode 376962

376962 535139 2  0.5376  0.448  0.636667  1.18093e-311
376962 640546 1  0.55  0.79  0.785  1.18093e-311
edge_match: 
from 4 to 3 matchnode 236845

236845 61465 2  0.7482  0.4984  0.79  1.17991e-311
236845 376962 1  0.86  0.56  0.77  1.17991e-311
from 4 to 3 matchnode 326432

326432 61465 2  0.8613  0.4094  0.716667  1.17991e-311
326432 376962 1  0.99  0.46  0.66  1.17991e-311

