pattern answer1:
vertex1: 节点个数 1
32722 1 0.95
vertex2: 节点个数 2
62676 2 0.6
65240 2 0.85
vertex3: 节点个数 2
16842 3 0.59
82979 3 0.76
vertex4: 节点个数 2
25180 4 0.88
27161 4 0.51
edge_match: 
from 1 to 2 matchnode 32722

32722 62676 2  0.6364  0.6723  0.656667  0
32722 65240 2  0.8342  0.664  0.74  0
from 1 to 3 matchnode 32722

32722 16842 2  0.8342  0.5146  0.653333  8.72451e-312
32722 82979 2  0.7138  0.4814  0.71  8.72451e-312
from 1 to 4 matchnode 32722

32722 25180 2  0.602  0.7304  0.75  0
32722 27161 2  0.6966  0.5229  0.626667  0
edge_match: 
from 2 to 1 matchnode 62676

62676 32722 2  0.8051  0.6916  0.656667  8.72239e-312
from 2 to 4 matchnode 62676

62676 25180 2  0.679  0.8008  0.633333  6.95144e-310
62676 27161 2  0.7857  0.5733  0.51  8.72337e-312
from 2 to 1 matchnode 65240

65240 32722 2  0.6142  0.5928  0.74  8.72239e-312
from 2 to 4 matchnode 65240

65240 25180 2  0.518  0.6864  0.716667  6.95144e-310
65240 27161 2  0.5994  0.4914  0.593333  8.72337e-312
edge_match: 
from 3 to 2 matchnode 16842

16842 62676 2  0.7326  0.4779  0.536667  6.95144e-310
16842 65240 2  0.9603  0.472  0.62  6.95144e-310
from 3 to 2 matchnode 82979

82979 62676 2  0.555  0.4941  0.593333  8.73214e-312
82979 65240 2  0.7275  0.488  0.676667  8.73214e-312
edge_match: 

pattern answer2:
vertex1: 节点个数 1
50925 1 0.93
vertex2: 节点个数 2
145788 2 0.86
149412 2 0.73
vertex3: 节点个数 2
140780 3 0.99
201581 3 0.68
vertex4: 节点个数 2
48091 4 0.89
68448 4 0.86
edge_match: 
from 1 to 2 matchnode 50925

50925 145788 2  0.4928  0.5278  0.786667  0
50925 149412 2  0.4928  0.5162  0.743333  0
from 1 to 3 matchnode 50925

50925 140780 2  0.8624  0.5278  0.83  8.73056e-312
50925 201581 2  0.6688  0.4988  0.726667  8.73056e-312
from 1 to 4 matchnode 50925

50925 48091 2  0.7656  0.522  0.796667  0
50925 68448 2  0.7216  0.5684  0.786667  0
edge_match: 
from 2 to 1 matchnode 145788

145788 50925 2  0.6256  0.488  0.786667  4.8236e-313
from 2 to 4 matchnode 145788

145788 48091 2  0.8004  0.72  0.773333  6.95144e-310
145788 68448 2  0.7544  0.784  0.763333  6.95144e-310
from 2 to 1 matchnode 149412

149412 50925 2  0.568  0.6624  0.693333  4.8236e-313
from 2 to 4 matchnode 149412

149412 48091 2  0.5046  0.531  0.73  6.95144e-310
149412 68448 2  0.4756  0.5782  0.72  6.95144e-310
edge_match: 
from 3 to 2 matchnode 140780

140780 145788 2  0.4704  0.5005  0.806667  8.73214e-312
140780 149412 2  0.4704  0.4895  0.763333  8.73214e-312
from 3 to 2 matchnode 201581

201581 145788 2  0.5432  0.6279  0.703333  8.73214e-312
201581 149412 2  0.5432  0.6141  0.66  8.73214e-312
edge_match: 

pattern answer3:
vertex1: 节点个数 1
67209 1 0.68
vertex2: 节点个数 2
68257 2 0.96
153475 2 0.48
vertex3: 节点个数 2
70244 3 0.99
140780 3 0.99
vertex4: 节点个数 2
48091 4 0.89
68448 4 0.86
edge_match: 
from 1 to 2 matchnode 67209

67209 68257 2  0.7776  0.4838  0.736667  0
67209 153475 2  0.6318  0.5074  0.576667  0
from 1 to 3 matchnode 67209

67209 70244 2  0.828  0.4851  0.783333  8.73023e-312
67209 140780 2  0.7938  0.5369  0.746667  8.73023e-312
from 1 to 4 matchnode 67209

67209 48091 2  0.7047  0.531  0.713333  0
67209 68448 2  0.6642  0.5782  0.703333  0
edge_match: 
from 2 to 1 matchnode 68257

68257 67209 2  0.8742  0.468  0.736667  8.72493e-312
from 2 to 4 matchnode 68257

68257 48091 2  0.8091  0.54  0.806667  6.95144e-310
68257 68448 2  0.7626  0.588  0.796667  6.95144e-310
from 2 to 1 matchnode 153475

153475 67209 2  0.6298  0.5226  0.576667  8.72493e-312
from 2 to 4 matchnode 153475

153475 48091 2  0.5829  0.603  0.646667  6.95144e-310
153475 68448 2  0.5494  0.6566  0.636667  6.95144e-310
edge_match: 
from 3 to 2 matchnode 70244

70244 68257 2  0.5856  0.7954  0.84  6.95144e-310
70244 153475 2  0.4758  0.8342  0.68  6.95144e-310
from 3 to 2 matchnode 140780

140780 68257 2  0.8064  0.451  0.84  8.73214e-312
140780 153475 2  0.6552  0.473  0.68  8.73214e-312
edge_match: 

pattern answer4:
vertex1: 节点个数 1
67220 1 0.87
vertex2: 节点个数 2
62310 2 0.99
68257 2 0.96
vertex3: 节点个数 2
70244 3 0.99
72641 3 0.89
vertex4: 节点个数 2
21177 4 0.98
26592 4 0.74
edge_match: 
from 1 to 2 matchnode 67220

67220 62310 2  0.675  0.6499  0.81  0
67220 68257 2  0.864  0.7954  0.8  0
from 1 to 3 matchnode 67220

67220 70244 2  0.765  0.5159  0.846667  8.73015e-312
67220 72641 2  0.468  0.776  0.776667  8.73015e-312
from 1 to 4 matchnode 67220

67220 21177 2  0.646  0.4757  0.843333  0
67220 26592 2  0.629  0.6633  0.763333  0
edge_match: 
from 2 to 1 matchnode 62310

62310 67220 2  0.456  0.7912  0.76  4.8236e-313
from 2 to 4 matchnode 62310

62310 21177 2  0.5776  0.6745  0.883333  6.95144e-310
62310 26592 2  0.5624  0.9405  0.803333  6.95144e-310
from 2 to 1 matchnode 68257

68257 67220 2  0.704  0.7912  0.75  4.8236e-313
from 2 to 4 matchnode 68257

68257 21177 2  0.7372  0.5041  0.873333  6.95144e-310
68257 26592 2  0.7178  0.7029  0.793333  6.95144e-310
edge_match: 
from 3 to 2 matchnode 70244

70244 62310 2  0.4575  0.6499  0.85  6.95144e-310
70244 68257 2  0.5856  0.7954  0.84  6.95144e-310
from 3 to 2 matchnode 72641

72641 62310 2  0.5025  0.4757  0.816667  6.95144e-310
72641 68257 2  0.6432  0.5822  0.806667  6.95144e-310
edge_match: 

pattern answer5:
vertex1: 节点个数 1
71978 1 0.52
vertex2: 节点个数 2
68257 2 0.96
106866 2 0.83
vertex3: 节点个数 2
84944 3 0.54
107078 3 0.77
vertex4: 节点个数 2
48091 4 0.89
62675 4 0.58
edge_match: 
from 1 to 2 matchnode 71978

71978 68257 2  0.72  0.7052  0.683333  0
71978 106866 2  0.6675  0.7568  0.64  0
from 1 to 3 matchnode 71978

71978 84944 2  0.585  0.516  0.543333  8.73015e-312
71978 107078 2  0.54  0.5676  0.62  8.73015e-312
from 1 to 4 matchnode 71978

71978 48091 2  0.6525  0.774  0.66  0
71978 62675 2  0.48  0.5332  0.556667  0
edge_match: 
from 2 to 1 matchnode 68257

68257 71978 2  0.8184  0.582  0.683333  4.8236e-313
from 2 to 4 matchnode 68257

68257 48091 2  0.8091  0.54  0.806667  6.95144e-310
68257 62675 2  0.8536  0.6035  0.74  8.72484e-312
from 2 to 1 matchnode 106866

106866 71978 2  0.5192  0.485  0.64  4.8236e-313
from 2 to 4 matchnode 106866

106866 48091 2  0.5133  0.45  0.763333  6.95144e-310
106866 62675 2  0.5984  0.8075  0.696667  8.72484e-312
edge_match: 
from 3 to 2 matchnode 84944

84944 68257 2  0.8064  0.451  0.69  6.95144e-310
84944 106866 2  0.7476  0.484  0.646667  6.95144e-310
from 3 to 2 matchnode 107078

107078 68257 2  0.8256  0.7462  0.766667  8.73215e-312
107078 106866 2  0.7654  0.8008  0.723333  8.73215e-312
edge_match: 

pattern answer6:
vertex1: 节点个数 1
75679 1 0.59
vertex2: 节点个数 2
68257 2 0.96
144045 2 0.66
vertex3: 节点个数 2
70244 3 0.99
100263 3 0.99
vertex4: 节点个数 2
114402 4 0.55
120959 4 0.74
edge_match: 
from 1 to 2 matchnode 75679

75679 68257 2  0.7968  0.7134  0.706667  0
75679 144045 2  0.45  0.8352  0.643333  0
from 1 to 3 matchnode 75679

75679 70244 2  0.45  0.6699  0.753333  8.73015e-312
75679 100263 2  0.4731  0.4785  0.716667  8.73015e-312
from 1 to 4 matchnode 75679

75679 114402 2  0.5727  0.6351  0.57  0
75679 120959 2  0.498  0.5742  0.633333  0
edge_match: 
from 2 to 1 matchnode 68257

68257 75679 2  0.6688  0.8924  0.656667  8.73015e-312
from 2 to 4 matchnode 68257

68257 114402 2  0.836  0.7452  0.643333  6.95144e-310
68257 120959 2  0.7656  0.7636  0.706667  8.72452e-312
from 2 to 1 matchnode 144045

144045 75679 2  0.5396  0.7178  0.556667  8.73015e-312
from 2 to 4 matchnode 144045

144045 114402 2  0.6745  0.5994  0.543333  6.95144e-310
144045 120959 2  0.6177  0.6142  0.606667  8.72452e-312
edge_match: 
from 3 to 2 matchnode 70244

70244 68257 2  0.5856  0.7954  0.84  6.95144e-310
70244 144045 2  0.4819  0.4559  0.74  6.95144e-310
from 3 to 2 matchnode 100263

100263 68257 2  0.6912  0.533  0.84  8.73215e-312
100263 144045 2  0.756  0.4512  0.776667  8.73215e-312
edge_match: 

pattern answer7:
vertex1: 节点个数 1
78176 1 0.56
vertex2: 节点个数 2
62676 2 0.6
65240 2 0.85
vertex3: 节点个数 2
16842 3 0.59
82979 3 0.76
vertex4: 节点个数 2
25180 4 0.88
27161 4 0.51
edge_match: 
from 1 to 2 matchnode 78176

78176 62676 2  0.5106  0.648  0.526667  0
78176 65240 2  0.6693  0.64  0.61  0
from 1 to 3 matchnode 78176

78176 16842 2  0.6693  0.496  0.523333  8.73015e-312
78176 82979 2  0.5727  0.464  0.58  8.73015e-312
from 1 to 4 matchnode 78176

78176 25180 2  0.483  0.704  0.62  0
78176 27161 2  0.5589  0.504  0.496667  0
edge_match: 
from 2 to 1 matchnode 62676

62676 78176 2  0.6596  0.7462  0.526667  0
from 2 to 4 matchnode 62676

62676 25180 2  0.679  0.8008  0.633333  6.95144e-310
62676 27161 2  0.7857  0.5733  0.51  8.72337e-312
from 2 to 1 matchnode 65240

65240 78176 2  0.5032  0.6396  0.61  0
from 2 to 4 matchnode 65240

65240 25180 2  0.518  0.6864  0.716667  6.95144e-310
65240 27161 2  0.5994  0.4914  0.593333  8.72337e-312
edge_match: 
from 3 to 2 matchnode 16842

16842 62676 2  0.7326  0.4779  0.536667  6.95144e-310
16842 65240 2  0.9603  0.472  0.62  6.95144e-310
from 3 to 2 matchnode 82979

82979 62676 2  0.555  0.4941  0.593333  8.73214e-312
82979 65240 2  0.7275  0.488  0.676667  8.73214e-312
edge_match: 

pattern answer8:
vertex1: 节点个数 1
80027 1 0.7
vertex2: 节点个数 2
68257 2 0.96
145788 2 0.86
vertex3: 节点个数 2
84944 3 0.54
107078 3 0.77
vertex4: 节点个数 2
8429 4 0.69
48091 4 0.89
edge_match: 
from 1 to 2 matchnode 80027

80027 68257 2  0.9408  0.8118  0.743333  0
80027 145788 2  0.5488  0.9009  0.71  0
from 1 to 3 matchnode 80027

80027 84944 2  0.7644  0.594  0.603333  8.729e-312
80027 107078 2  0.7056  0.6534  0.68  8.729e-312
from 1 to 4 matchnode 80027

80027 8429 2  0.5488  0.7425  0.653333  0
80027 48091 2  0.8526  0.891  0.72  0
edge_match: 
from 2 to 1 matchnode 68257

68257 80027 2  0.5952  0.456  0.743333  4.8236e-313
from 2 to 4 matchnode 68257

68257 8429 2  0.5208  0.45  0.74  6.95144e-310
68257 48091 2  0.8091  0.54  0.806667  6.95144e-310
from 2 to 1 matchnode 145788

145788 80027 2  0.5888  0.608  0.71  4.8236e-313
from 2 to 4 matchnode 145788

145788 8429 2  0.5152  0.6  0.706667  6.95144e-310
145788 48091 2  0.8004  0.72  0.773333  6.95144e-310
edge_match: 
from 3 to 2 matchnode 84944

84944 68257 2  0.8064  0.451  0.69  6.95144e-310
84944 145788 2  0.4704  0.5005  0.656667  6.95144e-310
from 3 to 2 matchnode 107078

107078 68257 2  0.8256  0.7462  0.766667  8.73215e-312
107078 145788 2  0.4816  0.8281  0.733333  8.73215e-312
edge_match: 

pattern answer9:
vertex1: 节点个数 1
81286 1 0.54
vertex2: 节点个数 2
62676 2 0.6
70110 2 0.81
vertex3: 节点个数 2
79515 3 0.8
138443 3 0.86
vertex4: 节点个数 2
25180 4 0.88
27161 4 0.51
edge_match: 
from 1 to 2 matchnode 81286

81286 62676 2  0.5476  0.7776  0.52  0
81286 70110 2  0.4884  0.48  0.59  0
from 1 to 3 matchnode 81286

81286 79515 2  0.6975  0.5115  0.53  8.73215e-312
81286 138443 2  0.5624  0.5952  0.606667  8.73215e-312
from 1 to 4 matchnode 81286

81286 25180 2  0.518  0.8448  0.613333  0
81286 27161 2  0.5994  0.6048  0.49  0
edge_match: 
from 2 to 1 matchnode 62676

62676 81286 2  0.7663  0.5187  0.52  8.72794e-312
from 2 to 4 matchnode 62676

62676 25180 2  0.679  0.8008  0.633333  6.95144e-310
62676 27161 2  0.7857  0.5733  0.51  8.72337e-312
from 2 to 1 matchnode 70110

70110 81286 2  0.5609  0.513  0.59  8.72794e-312
from 2 to 4 matchnode 70110

70110 25180 2  0.497  0.792  0.703333  6.95144e-310
70110 27161 2  0.5751  0.567  0.58  8.72337e-312
edge_match: 
from 3 to 2 matchnode 79515

79515 62676 2  0.555  0.7857  0.606667  6.95144e-310
79515 70110 2  0.495  0.485  0.676667  6.95144e-310
from 3 to 2 matchnode 138443

138443 62676 2  0.7104  0.7776  0.626667  8.7281e-312
138443 70110 2  0.6336  0.48  0.696667  8.7281e-312
edge_match: 

pattern answer10:
vertex1: 节点个数 1
83184 1 0.83
vertex2: 节点个数 2
68257 2 0.96
112263 2 0.56
vertex3: 节点个数 2
140780 3 0.99
206504 3 0.59
vertex4: 节点个数 2
78173 4 0.62
136299 4 0.49
edge_match: 
from 1 to 2 matchnode 83184

83184 68257 2  0.528  0.7462  0.786667  0
83184 112263 2  0.5005  0.7917  0.653333  0
from 1 to 3 matchnode 83184

83184 140780 2  0.539  0.8281  0.796667  8.729e-312
83184 206504 2  0.539  0.6643  0.663333  8.729e-312
from 1 to 4 matchnode 83184

83184 78173 2  0.5115  0.546  0.673333  0
83184 136299 2  0.5225  0.455  0.63  0
edge_match: 
from 2 to 1 matchnode 68257

68257 83184 2  0.8096  0.7084  0.736667  4.8236e-313
from 2 to 4 matchnode 68257

68257 78173 2  0.7081  0.4544  0.753333  6.95144e-310
68257 136299 2  0.8272  0.7728  0.623333  8.73015e-312
from 2 to 1 matchnode 112263

112263 83184 2  0.5336  0.5236  0.603333  4.8236e-313
from 2 to 4 matchnode 112263

112263 78173 2  0.4557  0.474  0.583333  6.95144e-310
112263 136299 2  0.5452  0.5712  0.49  8.73015e-312
edge_match: 
from 3 to 2 matchnode 140780

140780 68257 2  0.8064  0.451  0.84  8.73214e-312
140780 112263 2  0.7644  0.4785  0.706667  8.73214e-312
from 3 to 2 matchnode 206504

206504 68257 2  0.5664  0.6888  0.706667  8.7281e-312
206504 112263 2  0.5369  0.7308  0.573333  8.7281e-312
edge_match: 

pattern answer11:
vertex1: 节点个数 1
84248 1 0.81
vertex2: 节点个数 2
62676 2 0.6
65240 2 0.85
vertex3: 节点个数 2
16842 3 0.59
82979 3 0.76
vertex4: 节点个数 2
25180 4 0.88
27161 4 0.51
edge_match: 
from 1 to 2 matchnode 84248

84248 62676 2  0.666  0.7857  0.61  0
84248 65240 2  0.873  0.776  0.693333  0
from 1 to 3 matchnode 84248

84248 16842 2  0.873  0.6014  0.606667  8.73056e-312
84248 82979 2  0.747  0.5626  0.663333  8.73056e-312
from 1 to 4 matchnode 84248

84248 25180 2  0.63  0.8536  0.703333  0
84248 27161 2  0.729  0.6111  0.58  0
edge_match: 
from 2 to 1 matchnode 62676

62676 84248 2  0.6014  0.7189  0.61  4.8236e-313
from 2 to 4 matchnode 62676

62676 25180 2  0.679  0.8008  0.633333  6.95144e-310
62676 27161 2  0.7857  0.5733  0.51  8.72337e-312
from 2 to 1 matchnode 65240

65240 84248 2  0.4588  0.6162  0.693333  4.8236e-313
from 2 to 4 matchnode 65240

65240 25180 2  0.518  0.6864  0.716667  6.95144e-310
65240 27161 2  0.5994  0.4914  0.593333  8.72337e-312
edge_match: 
from 3 to 2 matchnode 16842

16842 62676 2  0.7326  0.4779  0.536667  6.95144e-310
16842 65240 2  0.9603  0.472  0.62  6.95144e-310
from 3 to 2 matchnode 82979

82979 62676 2  0.555  0.4941  0.593333  8.73214e-312
82979 65240 2  0.7275  0.488  0.676667  8.73214e-312
edge_match: 

pattern answer12:
vertex1: 节点个数 1
85427 1 0.6
vertex2: 节点个数 2
65240 2 0.85
99194 2 0.6
vertex3: 节点个数 2
67454 3 0.99
109944 3 0.69
vertex4: 节点个数 2
25180 4 0.88
62445 4 0.87
edge_match: 
from 1 to 2 matchnode 85427

85427 65240 2  0.8827  0.544  0.623333  0
85427 99194 2  0.7735  0.4828  0.54  0
from 1 to 3 matchnode 85427

85427 67454 2  0.8372  0.68  0.67  8.73023e-312
85427 109944 2  0.7917  0.6324  0.57  8.73023e-312
from 1 to 4 matchnode 85427

85427 25180 2  0.637  0.5984  0.633333  0
85427 62445 2  0.7917  0.5372  0.63  0
edge_match: 
from 2 to 1 matchnode 65240

65240 85427 2  0.6142  0.5304  0.623333  0
from 2 to 4 matchnode 65240

65240 25180 2  0.518  0.6864  0.716667  6.95144e-310
65240 62445 2  0.6438  0.6162  0.713333  6.95144e-310
from 2 to 1 matchnode 99194

99194 85427 2  0.8217  0.5304  0.54  0
from 2 to 4 matchnode 99194

99194 25180 2  0.693  0.6864  0.633333  6.95144e-310
99194 62445 2  0.8613  0.6162  0.63  6.95144e-310
edge_match: 
from 3 to 2 matchnode 67454

67454 65240 2  0.5626  0.744  0.753333  8.73214e-312
67454 99194 2  0.493  0.6603  0.67  8.73214e-312
from 3 to 2 matchnode 109944

109944 65240 2  0.873  0.68  0.653333  8.73214e-312
109944 99194 2  0.765  0.6035  0.57  8.73214e-312
edge_match: 

pattern answer13:
vertex1: 节点个数 1
88895 1 0.91
vertex2: 节点个数 2
68257 2 0.96
129258 2 0.56
vertex3: 节点个数 2
81534 3 0.49
88000 3 0.84
vertex4: 节点个数 2
25180 4 0.88
62445 4 0.87
edge_match: 
from 1 to 2 matchnode 88895

88895 68257 2  0.624  0.5084  0.813333  0
88895 129258 2  0.455  0.5084  0.68  0
from 1 to 3 matchnode 88895

88895 81534 2  0.5561  0.5612  0.606667  8.72769e-312
88895 88000 2  0.5146  0.4636  0.723333  8.72769e-312
from 1 to 4 matchnode 88895

88895 25180 2  0.581  0.5368  0.736667  0
88895 62445 2  0.7221  0.4819  0.733333  0
edge_match: 
from 2 to 1 matchnode 68257

68257 88895 2  0.6512  0.5244  0.763333  4.8236e-313
from 2 to 4 matchnode 68257

68257 25180 2  0.616  0.8096  0.753333  6.95144e-310
68257 62445 2  0.7656  0.7268  0.75  6.95144e-310
from 2 to 1 matchnode 129258

129258 88895 2  0.5476  0.5187  0.63  4.8236e-313
from 2 to 4 matchnode 129258

129258 25180 2  0.518  0.8008  0.62  6.95144e-310
129258 62445 2  0.6438  0.7189  0.616667  6.95144e-310
edge_match: 
from 3 to 2 matchnode 81534

81534 68257 2  0.8928  0.7462  0.673333  8.73214e-312
81534 129258 2  0.651  0.7462  0.54  8.73214e-312
from 3 to 2 matchnode 88000

88000 68257 2  0.624  0.7052  0.79  8.7281e-312
88000 129258 2  0.455  0.7052  0.656667  8.7281e-312
edge_match: 

pattern answer14:
vertex1: 节点个数 1
93595 1 0.86
vertex2: 节点个数 2
108684 2 0.58
144045 2 0.66
vertex3: 节点个数 2
70244 3 0.99
118667 3 0.89
vertex4: 节点个数 2
136299 4 0.49
152330 4 0.77
edge_match: 
from 1 to 2 matchnode 93595

93595 108684 2  0.4672  0.5727  0.706667  0
93595 144045 2  0.657  0.7968  0.733333  0
from 1 to 3 matchnode 93595

93595 70244 2  0.657  0.6391  0.843333  8.72679e-312
93595 118667 2  0.5694  0.8051  0.81  8.72679e-312
from 1 to 4 matchnode 93595

93595 136299 2  0.657  0.7055  0.676667  0
93595 152330 2  0.7154  0.6723  0.77  0
edge_match: 
from 2 to 1 matchnode 108684

108684 93595 2  0.6528  0.98  0.62  0
from 2 to 4 matchnode 108684

108684 136299 2  0.6392  0.84  0.496667  8.73015e-312
108684 152330 2  0.5508  0.78  0.59  6.95144e-310
from 2 to 1 matchnode 144045

144045 93595 2  0.6816  0.7252  0.646667  0
from 2 to 4 matchnode 144045

144045 136299 2  0.6674  0.6216  0.523333  8.73015e-312
144045 152330 2  0.5751  0.5772  0.616667  6.95144e-310
edge_match: 
from 3 to 2 matchnode 70244

70244 108684 2  0.6039  0.4559  0.713333  6.95144e-310
70244 144045 2  0.4819  0.4559  0.74  6.95144e-310
from 3 to 2 matchnode 118667

118667 108684 2  0.4928  0.5106  0.716667  8.72476e-312
118667 144045 2  0.693  0.7104  0.743333  8.72476e-312
edge_match: 

pattern answer15:
vertex1: 节点个数 1
95539 1 0.54
vertex2: 节点个数 2
65240 2 0.85
99194 2 0.6
vertex3: 节点个数 2
67454 3 0.99
109944 3 0.69
vertex4: 节点个数 2
25180 4 0.88
62445 4 0.87
edge_match: 
from 1 to 2 matchnode 95539

95539 65240 2  0.8245  0.544  0.603333  0
95539 99194 2  0.7225  0.4828  0.52  0
from 1 to 3 matchnode 95539

95539 67454 2  0.782  0.68  0.65  8.72679e-312
95539 109944 2  0.7395  0.6324  0.55  8.72679e-312
from 1 to 4 matchnode 95539

95539 25180 2  0.595  0.5984  0.613333  0
95539 62445 2  0.7395  0.5372  0.61  0
edge_match: 
from 2 to 1 matchnode 65240

65240 95539 2  0.5106  0.7098  0.603333  4.8236e-313
from 2 to 4 matchnode 65240

65240 25180 2  0.518  0.6864  0.716667  6.95144e-310
65240 62445 2  0.6438  0.6162  0.713333  6.95144e-310
from 2 to 1 matchnode 99194

99194 95539 2  0.6831  0.7098  0.52  4.8236e-313
from 2 to 4 matchnode 99194

99194 25180 2  0.693  0.6864  0.633333  6.95144e-310
99194 62445 2  0.8613  0.6162  0.63  6.95144e-310
edge_match: 
from 3 to 2 matchnode 67454

67454 65240 2  0.5626  0.744  0.753333  8.73214e-312
67454 99194 2  0.493  0.6603  0.67  8.73214e-312
from 3 to 2 matchnode 109944

109944 65240 2  0.873  0.68  0.653333  8.73214e-312
109944 99194 2  0.765  0.6035  0.57  8.73214e-312
edge_match: 

pattern answer16:
vertex1: 节点个数 1
95883 1 0.47
vertex2: 节点个数 2
68257 2 0.96
104958 2 0.61
vertex3: 节点个数 2
107078 3 0.77
113124 3 0.99
vertex4: 节点个数 2
8429 4 0.69
26592 4 0.74
edge_match: 
from 1 to 2 matchnode 95883

95883 68257 2  0.8064  0.5822  0.666667  0
95883 104958 2  0.8217  0.5035  0.586667  0
from 1 to 3 matchnode 95883

95883 107078 2  0.6048  0.4686  0.603333  8.72761e-312
95883 113124 2  0.5376  0.4757  0.676667  8.72761e-312
from 1 to 4 matchnode 95883

95883 8429 2  0.4704  0.5325  0.576667  0
95883 26592 2  0.6142  0.5247  0.63  0
edge_match: 
from 2 to 1 matchnode 68257

68257 95883 2  0.7533  0.504  0.666667  4.8236e-313
from 2 to 4 matchnode 68257

68257 8429 2  0.5208  0.45  0.74  6.95144e-310
68257 26592 2  0.7178  0.7029  0.793333  6.95144e-310
from 2 to 1 matchnode 104958

104958 95883 2  0.7938  0.63  0.55  4.8236e-313
from 2 to 4 matchnode 104958

104958 8429 2  0.5488  0.5625  0.623333  6.95144e-310
104958 26592 2  0.592  0.6039  0.676667  6.95144e-310
edge_match: 
from 3 to 2 matchnode 107078

107078 68257 2  0.8256  0.7462  0.766667  8.73215e-312
107078 104958 2  0.5848  0.5278  0.65  8.73215e-312
from 3 to 2 matchnode 113124

113124 68257 2  0.6912  0.738  0.84  8.7281e-312
113124 104958 2  0.4896  0.522  0.723333  8.7281e-312
edge_match: 

pattern answer17:
vertex1: 节点个数 1
98505 1 0.93
vertex2: 节点个数 2
104958 2 0.61
153693 2 0.96
vertex3: 节点个数 2
118667 3 0.89
121146 3 0.57
vertex4: 节点个数 2
26592 4 0.74
62675 4 0.58
edge_match: 
from 1 to 2 matchnode 98505

98505 104958 2  0.8811  0.665  0.74  0
98505 153693 2  0.6319  0.623  0.856667  0
from 1 to 3 matchnode 98505

98505 118667 2  0.6942  0.679  0.833333  8.72679e-312
98505 121146 2  0.6052  0.511  0.726667  8.72679e-312
from 1 to 4 matchnode 98505

98505 26592 2  0.6586  0.693  0.783333  0
98505 62675 2  0.7832  0.595  0.73  0
edge_match: 
from 2 to 1 matchnode 104958

104958 98505 2  0.592  0.4575  0.74  0
from 2 to 4 matchnode 104958

104958 26592 2  0.592  0.6039  0.676667  6.95144e-310
104958 62675 2  0.704  0.5185  0.623333  8.72484e-312
from 2 to 1 matchnode 153693

153693 98505 2  0.4958  0.54  0.856667  0
from 2 to 4 matchnode 153693

153693 26592 2  0.4958  0.7128  0.793333  6.95144e-310
153693 62675 2  0.5896  0.612  0.74  8.72484e-312
edge_match: 
from 3 to 2 matchnode 118667

118667 104958 2  0.7623  0.703  0.726667  8.72476e-312
118667 153693 2  0.5467  0.6586  0.843333  8.72476e-312
from 3 to 2 matchnode 121146

121146 104958 2  0.8118  0.6745  0.62  8.72501e-312
121146 153693 2  0.5822  0.6319  0.736667  8.72501e-312
edge_match: 

pattern answer18:
vertex1: 节点个数 1
102279 1 0.76
vertex2: 节点个数 2
108684 2 0.58
144045 2 0.66
vertex3: 节点个数 2
70244 3 0.99
118667 3 0.89
vertex4: 节点个数 2
136299 4 0.49
152330 4 0.77
edge_match: 
from 1 to 2 matchnode 102279

102279 108684 2  0.4544  0.5796  0.673333  0
102279 144045 2  0.639  0.8064  0.7  0
from 1 to 3 matchnode 102279

102279 70244 2  0.639  0.6468  0.81  8.72646e-312
102279 118667 2  0.5538  0.8148  0.776667  8.72646e-312
from 1 to 4 matchnode 102279

102279 136299 2  0.639  0.714  0.643333  0
102279 152330 2  0.6958  0.6804  0.736667  0
edge_match: 
from 2 to 1 matchnode 108684

108684 102279 2  0.5168  0.69  0.586667  4.8236e-313
from 2 to 4 matchnode 108684

108684 136299 2  0.6392  0.84  0.496667  8.73015e-312
108684 152330 2  0.5508  0.78  0.59  6.95144e-310
from 2 to 1 matchnode 144045

144045 102279 2  0.5396  0.5106  0.613333  4.8236e-313
from 2 to 4 matchnode 144045

144045 136299 2  0.6674  0.6216  0.523333  8.73015e-312
144045 152330 2  0.5751  0.5772  0.616667  6.95144e-310
edge_match: 
from 3 to 2 matchnode 70244

70244 108684 2  0.6039  0.4559  0.713333  6.95144e-310
70244 144045 2  0.4819  0.4559  0.74  6.95144e-310
from 3 to 2 matchnode 118667

118667 108684 2  0.4928  0.5106  0.716667  8.72476e-312
118667 144045 2  0.693  0.7104  0.743333  8.72476e-312
edge_match: 

pattern answer19:
vertex1: 节点个数 1
107462 1 0.72
vertex2: 节点个数 2
62310 2 0.99
153475 2 0.48
vertex3: 节点个数 2
107078 3 0.77
113124 3 0.99
vertex4: 节点个数 2
35743 4 0.47
48091 4 0.89
edge_match: 
from 1 to 2 matchnode 107462

107462 62310 2  0.5325  0.4824  0.76  0
107462 153475 2  0.5538  0.6192  0.59  0
from 1 to 3 matchnode 107462

107462 107078 2  0.5112  0.4752  0.686667  8.72655e-312
107462 113124 2  0.4544  0.4824  0.76  8.72655e-312
from 1 to 4 matchnode 107462

107462 35743 2  0.6887  0.5112  0.586667  0
107462 48091 2  0.6177  0.648  0.726667  0
edge_match: 
from 2 to 1 matchnode 62310

62310 107462 2  0.5696  0.469  0.76  4.8236e-313
from 2 to 4 matchnode 62310

62310 35743 2  0.6208  0.4757  0.676667  6.95144e-310
62310 48091 2  0.5568  0.603  0.816667  6.95144e-310
from 2 to 1 matchnode 153475

153475 107462 2  0.5963  0.469  0.59  4.8236e-313
from 2 to 4 matchnode 153475

153475 35743 2  0.6499  0.4757  0.506667  6.95144e-310
153475 48091 2  0.5829  0.603  0.646667  6.95144e-310
edge_match: 
from 3 to 2 matchnode 107078

107078 62310 2  0.645  0.6097  0.776667  8.73215e-312
107078 153475 2  0.6708  0.7826  0.606667  8.73215e-312
from 3 to 2 matchnode 113124

113124 62310 2  0.54  0.603  0.85  8.7281e-312
113124 153475 2  0.5616  0.774  0.68  8.7281e-312
edge_match: 

pattern answer20:
vertex1: 节点个数 1
110921 1 0.76
vertex2: 节点个数 2
68257 2 0.96
113921 2 0.64
vertex3: 节点个数 2
107078 3 0.77
113124 3 0.99
vertex4: 节点个数 2
114402 4 0.55
126221 4 0.86
edge_match: 
from 1 to 2 matchnode 110921

110921 68257 2  0.6912  0.5986  0.763333  0
110921 113921 2  0.4752  0.5402  0.656667  0
from 1 to 3 matchnode 110921

110921 107078 2  0.5184  0.4818  0.7  8.72646e-312
110921 113124 2  0.4608  0.4891  0.773333  8.72646e-312
from 1 to 4 matchnode 110921

110921 114402 2  0.4968  0.5329  0.626667  0
110921 126221 2  0.4608  0.5329  0.73  0
edge_match: 
from 2 to 1 matchnode 68257

68257 110921 2  0.616  0.5428  0.713333  8.72646e-312
from 2 to 4 matchnode 68257

68257 114402 2  0.836  0.7452  0.643333  6.95144e-310
68257 126221 2  0.4576  0.5796  0.746667  8.73216e-312
from 2 to 1 matchnode 113921

113921 110921 2  0.637  0.4602  0.606667  8.72646e-312
from 2 to 4 matchnode 113921

113921 114402 2  0.8645  0.6318  0.536667  6.95144e-310
113921 126221 2  0.4732  0.4914  0.64  8.73216e-312
edge_match: 
from 3 to 2 matchnode 107078

107078 68257 2  0.8256  0.7462  0.766667  8.73215e-312
107078 113921 2  0.5676  0.6734  0.66  8.73215e-312
from 3 to 2 matchnode 113124

113124 68257 2  0.6912  0.738  0.84  8.7281e-312
113124 113921 2  0.4752  0.666  0.733333  8.7281e-312
edge_match: 

pattern answer21:
vertex1: 节点个数 1
111468 1 0.68
vertex2: 节点个数 2
189089 2 0.5
249704 2 1
vertex3: 节点个数 2
239256 3 0.47
243787 3 0.8
vertex4: 节点个数 2
56701 4 0.98
69403 4 0.58
edge_match: 
from 1 to 2 matchnode 111468

111468 189089 2  0.5733  0.4899  0.64  0
111468 249704 2  0.5551  0.6887  0.806667  0
from 1 to 3 matchnode 111468

111468 239256 2  0.4641  0.6461  0.63  8.73216e-312
111468 243787 2  0.7007  0.6674  0.74  8.73216e-312
from 1 to 4 matchnode 111468

111468 56701 2  0.7098  0.5112  0.8  0
111468 69403 2  0.8099  0.497  0.666667  0
edge_match: 
from 2 to 1 matchnode 189089

189089 111468 2  0.7954  0.7695  0.64  0
from 2 to 4 matchnode 189089

189089 56701 2  0.7566  0.5832  0.74  6.95144e-310
189089 69403 2  0.8633  0.567  0.606667  6.95144e-310
from 2 to 1 matchnode 249704

249704 111468 2  0.5494  0.8265  0.806667  0
from 2 to 4 matchnode 249704

249704 56701 2  0.5226  0.6264  0.906667  6.95144e-310
249704 69403 2  0.5963  0.609  0.773333  6.95144e-310
edge_match: 
from 3 to 2 matchnode 239256

239256 189089 2  0.6048  0.5313  0.57  6.95144e-310
239256 249704 2  0.5856  0.7469  0.736667  6.95144e-310
from 3 to 2 matchnode 243787

243787 189089 2  0.5166  0.6141  0.68  8.72443e-312
243787 249704 2  0.5002  0.8633  0.846667  8.72443e-312
edge_match: 

pattern answer22:
vertex1: 节点个数 1
117241 1 0.9
vertex2: 节点个数 2
65240 2 0.85
99194 2 0.6
vertex3: 节点个数 2
67454 3 0.99
109944 3 0.69
vertex4: 节点个数 2
27161 4 0.51
62445 4 0.87
edge_match: 
from 1 to 2 matchnode 117241

117241 65240 2  0.5529  0.656  0.723333  0
117241 99194 2  0.4845  0.5822  0.64  0
from 1 to 3 matchnode 117241

117241 67454 2  0.5244  0.82  0.77  8.72655e-312
117241 109944 2  0.4959  0.7626  0.67  8.72655e-312
from 1 to 4 matchnode 117241

117241 27161 2  0.4617  0.5166  0.61  0
117241 62445 2  0.4959  0.6478  0.73  0
edge_match: 
from 2 to 1 matchnode 65240

65240 117241 2  0.4958  0.7254  0.723333  0
from 2 to 4 matchnode 65240

65240 27161 2  0.5994  0.4914  0.593333  8.72337e-312
65240 62445 2  0.6438  0.6162  0.713333  6.95144e-310
from 2 to 1 matchnode 99194

99194 117241 2  0.6633  0.7254  0.64  0
from 2 to 4 matchnode 99194

99194 27161 2  0.8019  0.4914  0.51  8.72337e-312
99194 62445 2  0.8613  0.6162  0.63  6.95144e-310
edge_match: 
from 3 to 2 matchnode 67454

67454 65240 2  0.5626  0.744  0.753333  8.73214e-312
67454 99194 2  0.493  0.6603  0.67  8.73214e-312
from 3 to 2 matchnode 109944

109944 65240 2  0.873  0.68  0.653333  8.73214e-312
109944 99194 2  0.765  0.6035  0.57  8.73214e-312
edge_match: 

pattern answer23:
vertex1: 节点个数 1
119650 1 0.93
vertex2: 节点个数 2
62676 2 0.6
65240 2 0.85
vertex3: 节点个数 2
96806 3 0.88
109944 3 0.69
vertex4: 节点个数 2
25180 4 0.88
62445 4 0.87
edge_match: 
from 1 to 2 matchnode 119650

119650 62676 2  0.5698  0.5022  0.65  0
119650 65240 2  0.7469  0.496  0.733333  0
from 1 to 3 matchnode 119650

119650 96806 2  0.7546  0.4774  0.743333  8.72312e-312
119650 109944 2  0.6699  0.5766  0.68  8.72312e-312
from 1 to 4 matchnode 119650

119650 25180 2  0.539  0.5456  0.743333  0
119650 62445 2  0.6699  0.4898  0.74  0
edge_match: 
from 2 to 1 matchnode 62676

62676 119650 2  0.9312  0.8645  0.65  4.8236e-313
from 2 to 4 matchnode 62676

62676 25180 2  0.679  0.8008  0.633333  6.95144e-310
62676 62445 2  0.8439  0.7189  0.63  6.95144e-310
from 2 to 1 matchnode 65240

65240 119650 2  0.7104  0.741  0.733333  4.8236e-313
from 2 to 4 matchnode 65240

65240 25180 2  0.518  0.6864  0.716667  6.95144e-310
65240 62445 2  0.6438  0.6162  0.713333  6.95144e-310
edge_match: 
from 3 to 2 matchnode 96806

96806 62676 2  0.6216  0.4941  0.633333  6.95144e-310
96806 65240 2  0.8148  0.488  0.716667  6.95144e-310
from 3 to 2 matchnode 109944

109944 62676 2  0.666  0.6885  0.57  8.73214e-312
109944 65240 2  0.873  0.68  0.653333  8.73214e-312
edge_match: 

pattern answer24:
vertex1: 节点个数 1
119653 1 0.47
vertex2: 节点个数 2
62676 2 0.6
65240 2 0.85
vertex3: 节点个数 2
96806 3 0.88
109944 3 0.69
vertex4: 节点个数 2
62445 4 0.87
71744 4 0.95
edge_match: 
from 1 to 2 matchnode 119653

119653 62676 2  0.4736  0.4779  0.496667  0
119653 65240 2  0.6208  0.472  0.58  0
from 1 to 3 matchnode 119653

119653 96806 2  0.6272  0.4543  0.59  8.72296e-312
119653 109944 2  0.5568  0.5487  0.526667  8.72296e-312
from 1 to 4 matchnode 119653

119653 62445 2  0.5568  0.4661  0.586667  0
119653 71744 2  0.5824  0.5133  0.613333  0
edge_match: 
from 2 to 1 matchnode 62676

62676 119653 2  0.9215  0.5915  0.496667  4.8236e-313
from 2 to 4 matchnode 62676

62676 62445 2  0.8439  0.7189  0.63  6.95144e-310
62676 71744 2  0.8827  0.7917  0.656667  6.95144e-310
from 2 to 1 matchnode 65240

65240 119653 2  0.703  0.507  0.58  4.8236e-313
from 2 to 4 matchnode 65240

65240 62445 2  0.6438  0.6162  0.713333  6.95144e-310
65240 71744 2  0.6734  0.6786  0.74  6.95144e-310
edge_match: 
from 3 to 2 matchnode 96806

96806 62676 2  0.6216  0.4941  0.633333  6.95144e-310
96806 65240 2  0.8148  0.488  0.716667  6.95144e-310
from 3 to 2 matchnode 109944

109944 62676 2  0.666  0.6885  0.57  8.73214e-312
109944 65240 2  0.873  0.68  0.653333  8.73214e-312
edge_match: 

pattern answer25:
vertex1: 节点个数 1
124882 1 0.74
vertex2: 节点个数 2
62676 2 0.6
145714 2 0.66
vertex3: 节点个数 2
16842 3 0.59
109944 3 0.69
vertex4: 节点个数 2
25180 4 0.88
27161 4 0.51
edge_match: 
from 1 to 2 matchnode 124882

124882 62676 2  0.6956  0.7695  0.586667  0
124882 145714 2  0.4982  0.912  0.606667  0
from 1 to 3 matchnode 124882

124882 16842 2  0.9118  0.589  0.583333  8.72304e-312
124882 109944 2  0.8178  0.8835  0.616667  8.72304e-312
from 1 to 4 matchnode 124882

124882 25180 2  0.658  0.836  0.68  0
124882 27161 2  0.7614  0.5985  0.556667  0
edge_match: 
from 2 to 1 matchnode 62676

62676 124882 2  0.4559  0.5187  0.586667  0
from 2 to 4 matchnode 62676

62676 25180 2  0.679  0.8008  0.633333  6.95144e-310
62676 27161 2  0.7857  0.5733  0.51  8.72337e-312
from 2 to 1 matchnode 145714

145714 124882 2  0.4512  0.4731  0.606667  0
from 2 to 4 matchnode 145714

145714 25180 2  0.672  0.7304  0.653333  6.95144e-310
145714 27161 2  0.7776  0.5229  0.53  8.72337e-312
edge_match: 
from 3 to 2 matchnode 16842

16842 62676 2  0.7326  0.4779  0.536667  6.95144e-310
16842 145714 2  0.5247  0.5664  0.556667  6.95144e-310
from 3 to 2 matchnode 109944

109944 62676 2  0.666  0.6885  0.57  8.73214e-312
109944 145714 2  0.477  0.816  0.59  8.73214e-312
edge_match: 

pattern answer26:
vertex1: 节点个数 1
124883 1 0.47
vertex2: 节点个数 2
62676 2 0.6
65240 2 0.85
vertex3: 节点个数 2
16842 3 0.59
82979 3 0.76
vertex4: 节点个数 2
25180 4 0.88
27161 4 0.51
edge_match: 
from 1 to 2 matchnode 124883

124883 62676 2  0.6956  0.648  0.496667  0
124883 65240 2  0.9118  0.64  0.58  0
from 1 to 3 matchnode 124883

124883 16842 2  0.9118  0.496  0.493333  8.72304e-312
124883 82979 2  0.7802  0.464  0.55  8.72304e-312
from 1 to 4 matchnode 124883

124883 25180 2  0.658  0.704  0.59  0
124883 27161 2  0.7614  0.504  0.466667  0
edge_match: 
from 2 to 1 matchnode 62676

62676 124883 2  0.8245  0.8463  0.496667  4.8236e-313
from 2 to 4 matchnode 62676

62676 25180 2  0.679  0.8008  0.633333  6.95144e-310
62676 27161 2  0.7857  0.5733  0.51  8.72337e-312
from 2 to 1 matchnode 65240

65240 124883 2  0.629  0.7254  0.58  4.8236e-313
from 2 to 4 matchnode 65240

65240 25180 2  0.518  0.6864  0.716667  6.95144e-310
65240 27161 2  0.5994  0.4914  0.593333  8.72337e-312
edge_match: 
from 3 to 2 matchnode 16842

16842 62676 2  0.7326  0.4779  0.536667  6.95144e-310
16842 65240 2  0.9603  0.472  0.62  6.95144e-310
from 3 to 2 matchnode 82979

82979 62676 2  0.555  0.4941  0.593333  8.73214e-312
82979 65240 2  0.7275  0.488  0.676667  8.73214e-312
edge_match: 

pattern answer27:
vertex1: 节点个数 1
130133 1 0.82
vertex2: 节点个数 2
62676 2 0.6
77510 2 0.84
vertex3: 节点个数 2
16842 3 0.59
82979 3 0.76
vertex4: 节点个数 2
52204 4 0.61
136299 4 0.49
edge_match: 
from 1 to 2 matchnode 130133

130133 62676 2  0.5328  0.7047  0.613333  0
130133 77510 2  0.468  0.8178  0.693333  0
from 1 to 3 matchnode 130133

130133 16842 2  0.6984  0.5394  0.61  8.72279e-312
130133 82979 2  0.5976  0.5046  0.666667  8.72279e-312
from 1 to 4 matchnode 130133

130133 52204 2  0.4536  0.5307  0.616667  0
130133 136299 2  0.6768  0.7308  0.576667  0
edge_match: 
from 2 to 1 matchnode 62676

62676 130133 2  0.4752  0.5133  0.7  8.72769e-312
from 2 to 4 matchnode 62676

62676 52204 2  0.6111  0.5551  0.543333  6.95144e-310
62676 136299 2  0.9118  0.7644  0.503333  8.73015e-312
from 2 to 1 matchnode 77510

77510 130133 2  0.5148  0.8091  0.78  8.72769e-312
from 2 to 4 matchnode 77510

77510 52204 2  0.5044  0.6138  0.71  6.95144e-310
77510 136299 2  0.468  0.7905  0.67  8.73015e-312
edge_match: 
from 3 to 2 matchnode 16842

16842 62676 2  0.7326  0.4779  0.536667  6.95144e-310
16842 77510 2  0.6435  0.5546  0.616667  6.95144e-310
from 3 to 2 matchnode 82979

82979 62676 2  0.555  0.4941  0.593333  8.73214e-312
82979 77510 2  0.4875  0.5734  0.673333  8.73214e-312
edge_match: 

pattern answer28:
vertex1: 节点个数 1
132733 1 0.65
vertex2: 节点个数 2
62310 2 0.99
89095 2 0.6
vertex3: 节点个数 2
70244 3 0.99
107078 3 0.77
vertex4: 节点个数 2
21177 4 0.98
26592 4 0.74
edge_match: 
from 1 to 2 matchnode 132733

132733 62310 2  0.477  0.8556  0.773333  0
132733 89095 2  0.6664  0.5335  0.606667  0
from 1 to 3 matchnode 132733

132733 70244 2  0.81  0.7161  0.773333  8.72181e-312
132733 107078 2  0.4896  0.6402  0.663333  8.72181e-312
from 1 to 4 matchnode 132733

132733 21177 2  0.684  0.6603  0.77  0
132733 26592 2  0.666  0.9207  0.69  0
edge_match: 
from 2 to 1 matchnode 62310

62310 132733 2  0.7068  0.532  0.773333  8.72597e-312
from 2 to 4 matchnode 62310

62310 21177 2  0.5776  0.6745  0.883333  6.95144e-310
62310 26592 2  0.5624  0.9405  0.803333  6.95144e-310
from 2 to 1 matchnode 89095

89095 132733 2  0.6138  0.5152  0.643333  8.72597e-312
from 2 to 4 matchnode 89095

89095 21177 2  0.5016  0.6532  0.753333  6.95144e-310
89095 26592 2  0.4884  0.9108  0.673333  6.95144e-310
edge_match: 
from 3 to 2 matchnode 70244

70244 62310 2  0.4575  0.6499  0.85  6.95144e-310
70244 89095 2  0.5978  0.5335  0.72  6.95144e-310
from 3 to 2 matchnode 107078

107078 62310 2  0.645  0.6097  0.776667  8.73215e-312
107078 89095 2  0.8428  0.5005  0.646667  8.73215e-312
edge_match: 

pattern answer29:
vertex1: 节点个数 1
136982 1 0.82
vertex2: 节点个数 2
62310 2 0.99
68257 2 0.96
vertex3: 节点个数 2
70244 3 0.99
72641 3 0.89
vertex4: 节点个数 2
48091 4 0.89
52204 4 0.61
edge_match: 
from 1 to 2 matchnode 136982

136982 62310 2  0.7425  0.5427  0.793333  0
136982 68257 2  0.9504  0.6642  0.783333  0
from 1 to 3 matchnode 136982

136982 70244 2  0.486  0.5698  0.83  8.72165e-312
136982 72641 2  0.5148  0.648  0.76  8.72165e-312
from 1 to 4 matchnode 136982

136982 48091 2  0.8613  0.729  0.76  0
136982 52204 2  0.5238  0.4884  0.703333  0
edge_match: 
from 2 to 1 matchnode 62310

62310 136982 2  0.5415  0.6072  0.743333  4.8236e-313
from 2 to 4 matchnode 62310

62310 48091 2  0.5568  0.603  0.816667  6.95144e-310
62310 52204 2  0.7372  0.627  0.76  6.95144e-310
from 2 to 1 matchnode 68257

68257 136982 2  0.836  0.6072  0.733333  4.8236e-313
from 2 to 4 matchnode 68257

68257 48091 2  0.8091  0.54  0.806667  6.95144e-310
68257 52204 2  0.9409  0.4686  0.75  6.95144e-310
edge_match: 
from 3 to 2 matchnode 70244

70244 62310 2  0.4575  0.6499  0.85  6.95144e-310
70244 68257 2  0.5856  0.7954  0.84  6.95144e-310
from 3 to 2 matchnode 72641

72641 62310 2  0.5025  0.4757  0.816667  6.95144e-310
72641 68257 2  0.6432  0.5822  0.806667  6.95144e-310
edge_match: 

pattern answer30:
vertex1: 节点个数 1
144408 1 0.65
vertex2: 节点个数 2
104958 2 0.61
121805 2 0.45
vertex3: 节点个数 2
118667 3 0.89
121146 3 0.57
vertex4: 节点个数 2
62675 4 0.58
96797 4 0.59
edge_match: 
from 1 to 2 matchnode 144408

144408 104958 2  0.6732  0.7125  0.646667  0
144408 121805 2  0.578  0.54  0.593333  0
from 1 to 3 matchnode 144408

144408 118667 2  0.5304  0.7275  0.74  8.72263e-312
144408 121146 2  0.4624  0.5475  0.633333  8.72263e-312
from 1 to 4 matchnode 144408

144408 62675 2  0.5984  0.6375  0.636667  0
144408 96797 2  0.6324  0.5925  0.64  0
edge_match: 
from 2 to 1 matchnode 104958

104958 144408 2  0.833  0.645  0.61  8.72597e-312
from 2 to 4 matchnode 104958

104958 62675 2  0.704  0.5185  0.623333  8.72484e-312
104958 96797 2  0.744  0.4819  0.626667  6.95144e-310
from 2 to 1 matchnode 121805

121805 144408 2  0.5015  0.5762  0.556667  8.72597e-312
from 2 to 4 matchnode 121805

121805 62675 2  0.484  0.68  0.57  8.72484e-312
121805 96797 2  0.5115  0.632  0.573333  6.95144e-310
edge_match: 
from 3 to 2 matchnode 118667

118667 104958 2  0.7623  0.703  0.726667  8.72476e-312
118667 121805 2  0.6545  0.5328  0.673333  8.72476e-312
from 3 to 2 matchnode 121146

121146 104958 2  0.8118  0.6745  0.62  8.72501e-312
121146 121805 2  0.697  0.5112  0.566667  8.72501e-312
edge_match: 

pattern answer31:
vertex1: 节点个数 1
154639 1 0.95
vertex2: 节点个数 2
104958 2 0.61
153693 2 0.96
vertex3: 节点个数 2
118667 3 0.89
121146 3 0.57
vertex4: 节点个数 2
26592 4 0.74
62675 4 0.58
edge_match: 
from 1 to 2 matchnode 154639

154639 104958 2  0.9504  0.589  0.746667  0
154639 153693 2  0.6816  0.5518  0.863333  0
from 1 to 3 matchnode 154639

154639 118667 2  0.7488  0.6014  0.84  8.72263e-312
154639 121146 2  0.6528  0.4526  0.733333  8.72263e-312
from 1 to 4 matchnode 154639

154639 26592 2  0.7104  0.6138  0.79  0
154639 62675 2  0.8448  0.527  0.736667  0
edge_match: 
from 2 to 1 matchnode 104958

104958 154639 2  0.712  0.61  0.746667  0
from 2 to 4 matchnode 104958

104958 26592 2  0.592  0.6039  0.676667  6.95144e-310
104958 62675 2  0.704  0.5185  0.623333  8.72484e-312
from 2 to 1 matchnode 153693

153693 154639 2  0.5963  0.72  0.863333  0
from 2 to 4 matchnode 153693

153693 26592 2  0.4958  0.7128  0.793333  6.95144e-310
153693 62675 2  0.5896  0.612  0.74  8.72484e-312
edge_match: 
from 3 to 2 matchnode 118667

118667 104958 2  0.7623  0.703  0.726667  8.72476e-312
118667 153693 2  0.5467  0.6586  0.843333  8.72476e-312
from 3 to 2 matchnode 121146

121146 104958 2  0.8118  0.6745  0.62  8.72501e-312
121146 153693 2  0.5822  0.6319  0.736667  8.72501e-312
edge_match: 

pattern answer32:
vertex1: 节点个数 1
169594 1 0.85
vertex2: 节点个数 2
62310 2 0.99
153475 2 0.48
vertex3: 节点个数 2
187383 3 0.79
201581 3 0.68
vertex4: 节点个数 2
35743 4 0.47
48091 4 0.89
edge_match: 
from 1 to 2 matchnode 169594

169594 62310 2  0.4575  0.5092  0.803333  0
169594 153475 2  0.4758  0.6536  0.633333  0
from 1 to 3 matchnode 169594

169594 187383 2  0.4697  0.4636  0.736667  8.72157e-312
169594 201581 2  0.4636  0.6536  0.7  8.72157e-312
from 1 to 4 matchnode 169594

169594 35743 2  0.5917  0.5396  0.63  0
169594 48091 2  0.5307  0.684  0.77  0
edge_match: 
from 2 to 1 matchnode 62310

62310 169594 2  0.512  0.4824  0.803333  0
from 2 to 4 matchnode 62310

62310 35743 2  0.6208  0.4757  0.676667  6.95144e-310
62310 48091 2  0.5568  0.603  0.816667  6.95144e-310
from 2 to 1 matchnode 153475

153475 169594 2  0.536  0.4824  0.633333  0
from 2 to 4 matchnode 153475

153475 35743 2  0.6499  0.4757  0.506667  6.95144e-310
153475 48091 2  0.5829  0.603  0.646667  6.95144e-310
edge_match: 
from 3 to 2 matchnode 187383

187383 62310 2  0.45  0.6164  0.783333  8.7281e-312
187383 153475 2  0.468  0.7912  0.613333  8.7281e-312
from 3 to 2 matchnode 201581

201581 62310 2  0.7275  0.4623  0.746667  8.73214e-312
201581 153475 2  0.7566  0.5934  0.576667  8.73214e-312
edge_match: 

pattern answer33:
vertex1: 节点个数 1
180959 1 0.93
vertex2: 节点个数 2
220927 2 0.93
225709 2 0.82
vertex3: 节点个数 2
239011 3 0.52
243787 3 0.8
vertex4: 节点个数 2
182581 4 0.72
191965 4 0.77
edge_match: 
from 1 to 2 matchnode 180959

180959 220927 2  0.504  0.5548  0.866667  0
180959 225709 2  0.567  0.6716  0.83  0
from 1 to 3 matchnode 180959

180959 239011 2  0.644  0.4599  0.73  8.73217e-312
180959 243787 2  0.539  0.6862  0.823333  8.73217e-312
from 1 to 4 matchnode 180959

180959 182581 2  0.476  0.7081  0.796667  0
180959 191965 2  0.476  0.6643  0.813333  0
edge_match: 
from 2 to 1 matchnode 220927

220927 180959 2  0.5427  0.5278  0.866667  4.8236e-313
from 2 to 4 matchnode 220927

220927 182581 2  0.4556  0.5626  0.796667  6.95144e-310
220927 191965 2  0.4556  0.5278  0.813333  6.95144e-310
from 2 to 1 matchnode 225709

225709 180959 2  0.5508  0.5551  0.83  4.8236e-313
from 2 to 4 matchnode 225709

225709 182581 2  0.4624  0.5917  0.76  6.95144e-310
225709 191965 2  0.4624  0.5551  0.776667  6.95144e-310
edge_match: 
from 3 to 2 matchnode 239011

239011 220927 2  0.6912  0.6308  0.73  6.95144e-310
239011 225709 2  0.7776  0.7636  0.693333  6.95144e-310
from 3 to 2 matchnode 243787

243787 220927 2  0.5904  0.6764  0.823333  8.72443e-312
243787 225709 2  0.6642  0.8188  0.786667  8.72443e-312
edge_match: 

pattern answer34:
vertex1: 节点个数 1
188031 1 0.67
vertex2: 节点个数 2
189089 2 0.5
249704 2 1
vertex3: 节点个数 2
239011 3 0.52
239256 3 0.47
vertex4: 节点个数 2
56701 4 0.98
69403 4 0.58
edge_match: 
from 1 to 2 matchnode 188031

188031 189089 2  0.5985  0.4968  0.636667  0
188031 249704 2  0.5795  0.6984  0.803333  0
from 1 to 3 matchnode 188031

188031 239011 2  0.874  0.4536  0.643333  8.73217e-312
188031 239256 2  0.4845  0.6552  0.626667  8.73217e-312
from 1 to 4 matchnode 188031

188031 56701 2  0.741  0.5184  0.796667  0
188031 69403 2  0.8455  0.504  0.663333  0
edge_match: 
from 2 to 1 matchnode 189089

189089 188031 2  0.8342  0.6642  0.636667  0
from 2 to 4 matchnode 189089

189089 56701 2  0.7566  0.5832  0.74  6.95144e-310
189089 69403 2  0.8633  0.567  0.606667  6.95144e-310
from 2 to 1 matchnode 249704

249704 188031 2  0.5762  0.7134  0.803333  0
from 2 to 4 matchnode 249704

249704 56701 2  0.5226  0.6264  0.906667  6.95144e-310
249704 69403 2  0.5963  0.609  0.773333  6.95144e-310
edge_match: 
from 3 to 2 matchnode 239011

239011 189089 2  0.6048  0.5727  0.586667  6.95144e-310
239011 249704 2  0.5856  0.8051  0.753333  6.95144e-310
from 3 to 2 matchnode 239256

239256 189089 2  0.6048  0.5313  0.57  6.95144e-310
239256 249704 2  0.5856  0.7469  0.736667  6.95144e-310
edge_match: 

pattern answer35:
vertex1: 节点个数 1
252436 1 0.9
vertex2: 节点个数 2
80905 2 0.77
381574 2 0.8
vertex3: 节点个数 2
240837 3 0.8
260462 3 0.89
vertex4: 节点个数 2
251771 4 0.74
409088 4 0.51
edge_match: 
from 1 to 2 matchnode 252436

252436 80905 1  0.86  0.97  0.835  0
252436 381574 2  0.735  0.623  0.593333  0
from 1 to 3 matchnode 252436

252436 240837 1  0.96  0.49  0.85  8.7295e-312
252436 260462 2  0.6624  0.6534  0.8  8.7295e-312
from 1 to 4 matchnode 252436

252436 251771 1  0.71  0.94  0.82  0
252436 409088 1  0.85  0.56  0.705  0
edge_match: 
from 2 to 1 matchnode 80905

80905 252436 1  0.99  0.92  0.835  4.8236e-313
from 2 to 4 matchnode 80905

80905 251771 2  0.7029  0.8648  0.803333  6.95144e-310
80905 409088 2  0.8415  0.5152  0.726667  8.72679e-312
from 2 to 1 matchnode 381574

381574 252436 2  0.4592  0.455  0.713333  4.8236e-313
from 2 to 4 matchnode 381574

381574 251771 1  0.86  0.95  0.77  6.95144e-310
381574 409088 2  0.6862  0.7722  0.63  8.72679e-312
edge_match: 
from 3 to 2 matchnode 240837

240837 80905 1  0.48  0.61  0.785  6.95144e-310
240837 381574 2  0.4554  0.4956  0.85  6.95144e-310
from 3 to 2 matchnode 260462

260462 80905 2  0.6298  0.7917  0.743333  8.7322e-312
260462 381574 1  0.82  1  0.845  8.7322e-312
edge_match: 

pattern answer36:
vertex1: 节点个数 1
513889 1 0.57
vertex2: 节点个数 2
108799 2 0.77
575038 2 0.71
vertex3: 节点个数 2
348937 3 0.7
564493 3 0.59
vertex4: 节点个数 2
305469 4 0.79
513536 4 0.59
edge_match: 
from 1 to 2 matchnode 513889

513889 108799 2  0.703  0.748  0.516667  0
513889 575038 2  0.4851  0.76  0.596667  0
from 1 to 3 matchnode 513889

513889 348937 2  0.6586  0.561  0.493333  8.72622e-312
513889 564493 2  0.5293  0.462  0.583333  8.72622e-312
from 1 to 4 matchnode 513889

513889 305469 2  0.7227  0.5159  0.54  0
513889 513536 1  0.67  0.55  0.58  0
edge_match: 
from 2 to 1 matchnode 108799

108799 513889 1  0.85  0.88  0.67  0
from 2 to 4 matchnode 108799

108799 305469 2  0.6776  0.5096  0.53  6.95144e-310
108799 513536 2  0.5695  0.484  0.643333  6.95144e-310
from 2 to 1 matchnode 575038

575038 513889 2  0.7189  0.6708  0.513333  0
from 2 to 4 matchnode 575038

575038 305469 2  0.6643  0.6006  0.586667  6.95144e-310
575038 513536 2  0.5621  0.6708  0.736667  6.95144e-310
edge_match: 
from 3 to 2 matchnode 348937

348937 108799 2  0.8075  0.5544  0.56  6.95144e-310
348937 575038 1  0.73  0.77  0.705  6.95144e-310
from 3 to 2 matchnode 564493

564493 108799 2  0.8645  0.4929  0.65  6.95144e-310
564493 575038 2  0.561  0.8832  0.736667  6.95144e-310
edge_match: 

pattern answer37:
vertex1: 节点个数 1
524790 1 0.9
vertex2: 节点个数 2
524842 2 0.89
524913 2 0.91
vertex3: 节点个数 2
374722 3 0.91
564493 3 0.59
vertex4: 节点个数 2
389360 4 0.61
513536 4 0.59
edge_match: 
from 1 to 2 matchnode 524790

524790 524842 2  0.528  0.9405  0.67  0
524790 524913 2  0.646  0.6972  0.666667  0
from 1 to 3 matchnode 524790

524790 374722 2  0.6375  0.4508  0.8  8.73216e-312
524790 564493 1  0.75  0.49  0.745  8.73216e-312
from 1 to 4 matchnode 524790

524790 389360 2  0.51  0.4508  0.7  0
524790 513536 2  0.6825  0.4557  0.693333  0
edge_match: 
from 2 to 1 matchnode 524842

524842 524790 1  0.89  0.88  0.895  4.8236e-313
from 2 to 4 matchnode 524842

524842 389360 2  0.5642  0.4554  0.546667  6.95144e-310
524842 513536 2  0.5152  0.7968  0.75  6.95144e-310
from 2 to 1 matchnode 524913

524913 524790 2  0.7708  0.57  0.626667  4.8236e-313
from 2 to 4 matchnode 524913

524913 389360 2  0.7812  0.513  0.663333  6.95144e-310
524913 513536 2  0.7663  0.4712  0.586667  6.95144e-310
edge_match: 
from 3 to 2 matchnode 374722

374722 524842 2  0.4896  0.8051  0.926667  6.95144e-310
374722 524913 2  0.6916  0.4914  0.84  6.95144e-310
from 3 to 2 matchnode 564493

564493 524842 2  0.6144  0.532  0.556667  6.95144e-310
564493 524913 2  0.585  0.6216  0.693333  6.95144e-310
edge_match: 

pattern answer38:
vertex1: 节点个数 1
571269 1 0.74
vertex2: 节点个数 2
449430 2 0.92
750557 2 0.57
vertex3: 节点个数 2
449491 3 0.62
539541 3 0.59
vertex4: 节点个数 2
305469 4 0.79
563929 4 0.93
edge_match: 
from 1 to 2 matchnode 571269

571269 449430 2  0.7104  0.7482  0.743333  0
571269 750557 1  0.96  0.87  0.655  0
from 1 to 3 matchnode 571269

571269 449491 2  0.7138  0.6768  0.61  8.73224e-312
571269 539541 2  0.5676  0.564  0.6  8.73224e-312
from 1 to 4 matchnode 571269

571269 305469 2  0.5568  0.5742  0.7  0
571269 563929 1  0.9  0.98  0.835  0
edge_match: 
from 2 to 1 matchnode 449430

449430 571269 2  0.8096  0.465  0.666667  8.72974e-312
from 2 to 4 matchnode 449430

449430 305469 2  0.5  0.4992  0.676667  6.95144e-310
449430 563929 2  0.672  0.7921  0.796667  8.72958e-312
from 2 to 1 matchnode 750557

750557 571269 1  0.69  0.97  0.655  8.72974e-312
from 2 to 4 matchnode 750557

750557 305469 1  0.58  0.66  0.68  6.95144e-310
750557 563929 2  0.621  0.9506  0.746667  8.72958e-312
edge_match: 
from 3 to 2 matchnode 449491

449491 449430 2  0.5402  0.7998  0.703333  6.95144e-310
449491 750557 1  0.73  0.93  0.595  6.95144e-310
from 3 to 2 matchnode 539541

539541 449430 1  0.61  0.82  0.755  8.72663e-312
539541 750557 1  0.48  0.94  0.58  8.72663e-312
edge_match: 

