pattern answer1:
vertex1: 节点个数 1
44 1 0.9
vertex2: 节点个数 3
429 2 0.51
719 2 0.98
1903 2 1
vertex3: 节点个数 3
74 3 0.81
1751 3 0.87
2064 3 0.59
vertex4: 节点个数 3
21 4 0.45
155 4 0.76
1173 4 0.88
edge_match: 
from 1 to 2 matchnode 44

44 429 1  0.95  0.95  0.705  0
44 719 1  0.74  0.45  0.94  0
44 1903 2  0.714  0.7178  0.82  0
from 1 to 3 matchnode 44

44 74 1  0.97  0.5  0.855  8.21778e-312
44 1751 2  0.798  0.6885  0.803333  8.21778e-312
44 2064 2  0.7832  0.731  0.72  8.21778e-312
from 1 to 4 matchnode 44

44 21 2  0.6596  0.76  0.736667  0
44 155 2  0.6177  0.5002  0.626667  0
44 1173 1  0.8  0.93  0.89  0
edge_match: 
from 2 to 1 matchnode 429

429 44 2  0.91  0.5166  0.55  8.21761e-312
from 2 to 4 matchnode 429

429 21 2  0.4692  0.893  0.606667  6.9516e-310
429 155 2  0.6889  0.5141  0.486667  8.2178e-312
429 1173 2  0.5796  0.893  0.75  8.2178e-312
from 2 to 1 matchnode 719

719 44 2  0.5478  0.4554  0.856667  8.21761e-312
from 2 to 4 matchnode 719

719 21 2  0.7488  0.5766  0.766667  6.9516e-310
719 155 2  0.5254  0.8036  0.653333  8.2178e-312
719 1173 2  0.5264  0.9306  0.693333  8.2178e-312
from 2 to 1 matchnode 1903

1903 44 2  0.5194  0.7227  0.753333  8.21761e-312
from 2 to 4 matchnode 1903

1903 21 2  0.8556  0.6192  0.74  6.9516e-310
1903 155 2  0.5194  0.4704  0.913333  8.2178e-312
1903 1173 2  0.6972  0.779  0.913333  8.2178e-312
edge_match: 
from 3 to 2 matchnode 74

74 429 2  0.5415  0.874  0.74  6.9516e-310
74 719 2  0.7238  0.738  0.783333  6.9516e-310
74 1903 2  0.4675  0.4508  0.76  6.9516e-310
from 3 to 2 matchnode 1751

1751 429 2  0.8554  0.76  0.75  8.21781e-312
1751 719 2  0.6696  0.4898  0.75  8.21781e-312
1751 1903 2  0.4623  0.473  0.8  8.21781e-312
from 3 to 2 matchnode 2064

2064 429 2  0.912  0.646  0.666667  8.21781e-312
2064 719 2  0.4557  0.7663  0.656667  8.21781e-312
2064 1903 2  0.5621  0.7238  0.613333  8.21781e-312
edge_match: 

