pattern answer1:
vertex1: 节点个数 1
8174 1 0.77
vertex2: 节点个数 2
1854 2 0.92
19839 2 0.77
vertex3: 节点个数 2
10422 3 0.73
34738 3 0.62
vertex4: 节点个数 2
20331 4 0.76
20334 4 0.48
edge_match: 
from 1 to 4 matchnode 8174

8174 20331 1  0.97  0.67  0.765  9.86575e-312
8174 20334 2  0.684  0.6035  0.633333  9.86575e-312
edge_match: 
from 2 to 1 matchnode 1854

1854 8174 2  0.55  0.705  0.876667  9.86575e-312
from 2 to 1 matchnode 19839

19839 8174 2  0.4554  0.4891  0.713333  9.86575e-312
edge_match: 
from 3 to 1 matchnode 10422

10422 8174 2  0.7425  0.6097  0.7  9.86575e-312
from 3 to 2 matchnode 10422

10422 1854 2  0.585  0.8463  0.75  6.95157e-310
10422 19839 2  0.6075  0.7553  0.7  9.8674e-312
from 3 to 1 matchnode 34738

34738 8174 2  0.9504  0.5628  0.663333  9.86575e-312
from 3 to 2 matchnode 34738

34738 1854 2  0.7488  0.7812  0.713333  6.95157e-310
34738 19839 2  0.7776  0.6972  0.663333  9.8674e-312
edge_match: 
from 4 to 1 matchnode 20331

20331 8174 2  0.6497  0.6241  0.796667  9.86575e-312
from 4 to 2 matchnode 20331

20331 1854 2  0.6365  0.6528  0.68  6.95157e-310
20331 19839 2  0.8649  0.8004  0.776667  6.95157e-310
from 4 to 1 matchnode 20334

20334 8174 2  0.6298  0.7227  0.573333  9.86575e-312
from 4 to 2 matchnode 20334

20334 1854 2  0.456  0.495  0.556667  9.8674e-312
20334 19839 2  0.8742  0.7221  0.683333  9.8674e-312

pattern answer2:
vertex1: 节点个数 1
32722 1 0.95
vertex2: 节点个数 2
62676 2 0.6
65240 2 0.85
vertex3: 节点个数 2
5385 3 0.53
50733 3 0.83
vertex4: 节点个数 2
71744 4 0.95
92854 4 0.5
edge_match: 
from 1 to 4 matchnode 32722

32722 71744 2  0.7826  0.7221  0.773333  9.86182e-312
32722 92854 2  0.5762  0.5976  0.623333  9.86182e-312
edge_match: 
from 2 to 1 matchnode 62676

62676 32722 2  0.8051  0.6916  0.656667  9.8646e-312
from 2 to 1 matchnode 65240

65240 32722 2  0.6142  0.5928  0.74  9.8646e-312
edge_match: 
from 3 to 1 matchnode 5385

5385 32722 2  0.6557  0.5396  0.633333  9.86182e-312
from 3 to 2 matchnode 5385

5385 62676 2  0.5846  0.5751  0.516667  6.95157e-310
5385 65240 2  0.7663  0.568  0.6  9.85749e-312
from 3 to 1 matchnode 50733

50733 32722 2  0.7802  0.6308  0.733333  9.86182e-312
from 3 to 2 matchnode 50733

50733 62676 2  0.6956  0.6723  0.616667  6.95157e-310
50733 65240 2  0.9118  0.664  0.7  9.85749e-312
edge_match: 
from 4 to 1 matchnode 71744

71744 32722 2  0.664  0.7144  0.773333  9.86182e-312
from 4 to 2 matchnode 71744

71744 62676 2  0.592  0.7614  0.656667  6.95157e-310
71744 65240 2  0.776  0.752  0.74  6.95157e-310
from 4 to 1 matchnode 92854

92854 32722 2  0.6391  0.7372  0.623333  9.86182e-312
from 4 to 2 matchnode 92854

92854 62676 2  0.5698  0.7857  0.506667  9.85828e-312
92854 65240 2  0.7469  0.776  0.59  9.85828e-312

pattern answer3:
vertex1: 节点个数 1
50925 1 0.93
vertex2: 节点个数 2
66559 2 0.75
111359 2 0.87
vertex3: 节点个数 2
14663 3 0.61
63268 3 0.9
vertex4: 节点个数 2
125354 4 0.71
186657 4 0.65
edge_match: 
from 1 to 4 matchnode 50925

50925 125354 2  0.6864  0.5452  0.736667  9.86231e-312
50925 186657 2  0.7304  0.58  0.716667  9.86231e-312
edge_match: 
from 2 to 1 matchnode 66559

66559 50925 2  0.5236  0.5307  0.75  2.82659e-312
from 2 to 1 matchnode 111359

111359 50925 2  0.592  0.5832  0.74  2.82659e-312
edge_match: 
from 3 to 1 matchnode 14663

14663 50925 2  0.6596  0.5978  0.703333  9.86108e-312
from 3 to 2 matchnode 14663

14663 66559 2  0.6305  0.5978  0.643333  6.95157e-310
14663 111359 2  0.9118  0.9604  0.683333  9.86231e-312
from 3 to 1 matchnode 63268

63268 50925 2  0.68  0.5734  0.8  9.86108e-312
from 3 to 2 matchnode 63268

63268 66559 2  0.65  0.5734  0.74  6.95157e-310
63268 111359 2  0.94  0.9212  0.78  9.86231e-312
edge_match: 
from 4 to 1 matchnode 125354

125354 50925 2  0.646  0.4575  0.736667  9.86231e-312
from 4 to 2 matchnode 125354

125354 66559 2  0.6175  0.4575  0.676667  6.95157e-310
125354 111359 2  0.893  0.735  0.716667  6.95157e-310
from 4 to 1 matchnode 186657

186657 50925 2  0.476  0.4941  0.716667  9.86231e-312
from 4 to 2 matchnode 186657

186657 66559 2  0.455  0.4941  0.656667  9.85828e-312
186657 111359 2  0.658  0.7938  0.696667  9.85828e-312

pattern answer4:
vertex1: 节点个数 1
67209 1 0.68
vertex2: 节点个数 2
68257 2 0.96
112263 2 0.56
vertex3: 节点个数 2
634 3 0.53
2150 3 0.6
vertex4: 节点个数 2
97974 4 0.72
125354 4 0.71
edge_match: 
from 1 to 4 matchnode 67209

67209 97974 2  0.6804  0.5546  0.656667  9.86313e-312
67209 125354 2  0.6318  0.5546  0.653333  9.86313e-312
edge_match: 
from 2 to 1 matchnode 68257

68257 67209 2  0.8742  0.468  0.736667  9.86743e-312
from 2 to 1 matchnode 112263

112263 67209 2  0.4606  0.6162  0.603333  9.86743e-312
edge_match: 
from 3 to 1 matchnode 634

634 67209 2  0.8272  0.5304  0.593333  9.85895e-312
from 3 to 2 matchnode 634

634 68257 2  0.8448  0.5576  0.686667  6.95157e-310
634 112263 2  0.8008  0.5916  0.553333  9.86435e-312
from 3 to 1 matchnode 2150

2150 67209 2  0.6486  0.5928  0.616667  9.85895e-312
from 3 to 2 matchnode 2150

2150 68257 2  0.6624  0.6232  0.71  6.95157e-310
2150 112263 2  0.6279  0.6612  0.576667  9.86435e-312
edge_match: 
from 4 to 1 matchnode 97974

97974 67209 2  0.6298  0.4758  0.656667  9.86313e-312
from 4 to 2 matchnode 97974

97974 68257 2  0.6432  0.5002  0.75  6.95157e-310
97974 112263 2  0.6097  0.5307  0.616667  6.95157e-310
from 4 to 1 matchnode 125354

125354 67209 2  0.893  0.585  0.653333  9.86313e-312
from 4 to 2 matchnode 125354

125354 68257 2  0.912  0.615  0.746667  6.95157e-310
125354 112263 2  0.8645  0.6525  0.613333  6.95157e-310

pattern answer5:
vertex1: 节点个数 1
67220 1 0.87
vertex2: 节点个数 2
62676 2 0.6
65240 2 0.85
vertex3: 节点个数 2
5385 3 0.53
16842 3 0.59
vertex4: 节点个数 2
98004 4 0.5
137706 4 0.72
edge_match: 
from 1 to 4 matchnode 67220

67220 98004 2  0.513  0.9506  0.646667  9.8587e-312
67220 137706 2  0.558  0.9409  0.72  9.8587e-312
edge_match: 
from 2 to 1 matchnode 62676

62676 67220 2  0.776  0.7826  0.63  2.82659e-312
from 2 to 1 matchnode 65240

65240 67220 2  0.592  0.6708  0.713333  2.82659e-312
edge_match: 
from 3 to 1 matchnode 5385

5385 67220 2  0.632  0.6106  0.606667  9.86313e-312
from 3 to 2 matchnode 5385

5385 62676 2  0.5846  0.5751  0.516667  6.95157e-310
5385 65240 2  0.7663  0.568  0.6  9.85749e-312
from 3 to 1 matchnode 16842

16842 67220 2  0.792  0.5074  0.626667  9.86313e-312
from 3 to 2 matchnode 16842

16842 62676 2  0.7326  0.4779  0.536667  6.95157e-310
16842 65240 2  0.9603  0.472  0.62  9.85749e-312
edge_match: 
from 4 to 1 matchnode 98004

98004 67220 2  0.608  0.817  0.596667  9.86313e-312
from 4 to 2 matchnode 98004

98004 62676 2  0.5624  0.7695  0.506667  6.95157e-310
98004 65240 2  0.7372  0.76  0.59  6.95157e-310
from 4 to 1 matchnode 137706

137706 67220 2  0.768  0.6622  0.67  9.86313e-312
from 4 to 2 matchnode 137706

137706 62676 2  0.7104  0.6237  0.58  9.85828e-312
137706 65240 2  0.9312  0.616  0.663333  9.85828e-312

pattern answer6:
vertex1: 节点个数 1
71978 1 0.52
vertex2: 节点个数 2
68257 2 0.96
104288 2 0.63
vertex3: 节点个数 2
634 3 0.53
2150 3 0.6
vertex4: 节点个数 2
78187 4 0.58
79682 4 0.95
edge_match: 
from 1 to 4 matchnode 71978

71978 78187 2  0.6075  0.6278  0.556667  9.86206e-312
71978 79682 2  0.4575  0.7052  0.68  9.86206e-312
edge_match: 
from 2 to 1 matchnode 68257

68257 71978 2  0.8184  0.582  0.683333  2.82659e-312
from 2 to 1 matchnode 104288

104288 71978 2  0.7744  0.5044  0.573333  2.82659e-312
edge_match: 
from 3 to 1 matchnode 634

634 71978 2  0.7744  0.6596  0.54  9.86206e-312
from 3 to 2 matchnode 634

634 68257 2  0.8448  0.5576  0.686667  6.95157e-310
634 104288 2  0.8096  0.6188  0.576667  9.86742e-312
from 3 to 1 matchnode 2150

2150 71978 2  0.6072  0.7372  0.563333  9.86206e-312
from 3 to 2 matchnode 2150

2150 68257 2  0.6624  0.6232  0.71  6.95157e-310
2150 104288 2  0.6348  0.6916  0.6  9.86742e-312
edge_match: 
from 4 to 1 matchnode 78187

78187 71978 2  0.5016  0.7372  0.556667  9.86206e-312
from 4 to 2 matchnode 78187

78187 68257 2  0.5472  0.6232  0.703333  6.95157e-310
78187 104288 2  0.5244  0.6916  0.593333  6.95157e-310
from 4 to 1 matchnode 79682

79682 71978 2  0.7832  0.5529  0.68  9.86206e-312
from 4 to 2 matchnode 79682

79682 68257 2  0.8544  0.4674  0.826667  9.86698e-312
79682 104288 2  0.8188  0.5187  0.716667  9.86698e-312

pattern answer7:
vertex1: 节点个数 1
75679 1 0.59
vertex2: 节点个数 2
62676 2 0.6
65240 2 0.85
vertex3: 节点个数 2
5385 3 0.53
16842 3 0.59
vertex4: 节点个数 2
98004 4 0.5
136976 4 0.56
edge_match: 
from 1 to 4 matchnode 75679

75679 98004 2  0.4731  0.8526  0.553333  9.85944e-312
75679 136976 2  0.47  0.4785  0.61  9.85944e-312
edge_match: 
from 2 to 1 matchnode 62676

62676 75679 2  0.7372  0.8827  0.536667  9.85985e-312
from 2 to 1 matchnode 65240

65240 75679 2  0.5624  0.7566  0.62  9.85985e-312
edge_match: 
from 3 to 1 matchnode 5385

5385 75679 2  0.6004  0.6887  0.513333  9.85944e-312
from 3 to 2 matchnode 5385

5385 62676 2  0.5846  0.5751  0.516667  6.95157e-310
5385 65240 2  0.7663  0.568  0.6  9.85749e-312
from 3 to 1 matchnode 16842

16842 75679 2  0.7524  0.5723  0.533333  9.85944e-312
from 3 to 2 matchnode 16842

16842 62676 2  0.7326  0.4779  0.536667  6.95157e-310
16842 65240 2  0.9603  0.472  0.62  9.85749e-312
edge_match: 
from 4 to 1 matchnode 98004

98004 75679 2  0.5776  0.9215  0.503333  9.85895e-312
from 4 to 2 matchnode 98004

98004 62676 2  0.5624  0.7695  0.506667  6.95157e-310
98004 65240 2  0.7372  0.76  0.59  6.95157e-310
from 4 to 1 matchnode 136976

136976 75679 2  0.4712  0.8051  0.523333  9.85895e-312
from 4 to 2 matchnode 136976

136976 62676 2  0.4588  0.6723  0.526667  9.85828e-312
136976 65240 2  0.6014  0.664  0.61  9.85828e-312

pattern answer8:
vertex1: 节点个数 1
78176 1 0.56
vertex2: 节点个数 2
62676 2 0.6
65240 2 0.85
vertex3: 节点个数 2
5385 3 0.53
16842 3 0.59
vertex4: 节点个数 2
71744 4 0.95
92854 4 0.5
edge_match: 
from 1 to 4 matchnode 78176

78176 71744 2  0.6279  0.696  0.643333  9.85936e-312
78176 92854 2  0.4623  0.576  0.493333  9.85936e-312
edge_match: 
from 2 to 1 matchnode 62676

62676 78176 2  0.6596  0.7462  0.526667  9.86743e-312
from 2 to 1 matchnode 65240

65240 78176 2  0.5032  0.6396  0.61  9.86743e-312
edge_match: 
from 3 to 1 matchnode 5385

5385 78176 2  0.5372  0.5822  0.503333  9.85977e-312
from 3 to 2 matchnode 5385

5385 62676 2  0.5846  0.5751  0.516667  6.95157e-310
5385 65240 2  0.7663  0.568  0.6  9.85749e-312
from 3 to 1 matchnode 16842

16842 78176 2  0.6732  0.4838  0.523333  9.85977e-312
from 3 to 2 matchnode 16842

16842 62676 2  0.7326  0.4779  0.536667  6.95157e-310
16842 65240 2  0.9603  0.472  0.62  9.85749e-312
edge_match: 
from 4 to 1 matchnode 71744

71744 78176 2  0.544  0.7708  0.643333  9.85944e-312
from 4 to 2 matchnode 71744

71744 62676 2  0.592  0.7614  0.656667  6.95157e-310
71744 65240 2  0.776  0.752  0.74  6.95157e-310
from 4 to 1 matchnode 92854

92854 78176 2  0.5236  0.7954  0.493333  9.85944e-312
from 4 to 2 matchnode 92854

92854 62676 2  0.5698  0.7857  0.506667  9.85828e-312
92854 65240 2  0.7469  0.776  0.59  9.85828e-312

pattern answer9:
vertex1: 节点个数 1
80027 1 0.7
vertex2: 节点个数 2
68257 2 0.96
145788 2 0.86
vertex3: 节点个数 2
634 3 0.53
14663 3 0.61
vertex4: 节点个数 2
125354 4 0.71
144566 4 0.45
edge_match: 
from 1 to 4 matchnode 80027

80027 125354 2  0.7644  0.9306  0.66  9.86743e-312
80027 144566 2  0.539  0.9801  0.573333  9.86743e-312
edge_match: 
from 2 to 1 matchnode 68257

68257 80027 2  0.5952  0.456  0.743333  2.82659e-312
from 2 to 1 matchnode 145788

145788 80027 2  0.5888  0.608  0.71  2.82659e-312
edge_match: 
from 3 to 1 matchnode 634

634 80027 2  0.5632  0.5168  0.6  9.86743e-312
from 3 to 2 matchnode 634

634 68257 2  0.8448  0.5576  0.686667  6.95157e-310
634 145788 2  0.4928  0.6188  0.653333  9.86742e-312
from 3 to 1 matchnode 14663

14663 80027 2  0.6208  0.7448  0.626667  9.86743e-312
from 3 to 2 matchnode 14663

14663 68257 2  0.9312  0.8036  0.713333  6.95157e-310
14663 145788 2  0.5432  0.8918  0.68  9.86742e-312
edge_match: 
from 4 to 1 matchnode 125354

125354 80027 2  0.608  0.57  0.66  9.86743e-312
from 4 to 2 matchnode 125354

125354 68257 2  0.912  0.615  0.746667  6.95157e-310
125354 145788 2  0.532  0.6825  0.713333  6.95157e-310
from 4 to 1 matchnode 144566

144566 80027 2  0.5696  0.5016  0.573333  9.86743e-312
from 4 to 2 matchnode 144566

144566 68257 2  0.8544  0.5412  0.66  9.86681e-312
144566 145788 2  0.4984  0.6006  0.626667  9.86681e-312

pattern answer10:
vertex1: 节点个数 1
81286 1 0.54
vertex2: 节点个数 2
62676 2 0.6
70110 2 0.81
vertex3: 节点个数 2
61714 3 0.73
79515 3 0.8
vertex4: 节点个数 2
71744 4 0.95
92854 4 0.5
edge_match: 
from 1 to 4 matchnode 81286

81286 71744 2  0.6734  0.8352  0.636667  9.86743e-312
81286 92854 2  0.4958  0.6912  0.486667  9.86743e-312
edge_match: 
from 2 to 1 matchnode 62676

62676 81286 2  0.7663  0.5187  0.52  9.86743e-312
from 2 to 1 matchnode 70110

70110 81286 2  0.5609  0.513  0.59  9.86743e-312
edge_match: 
from 3 to 1 matchnode 61714

61714 81286 2  0.6478  0.5244  0.563333  9.86743e-312
from 3 to 2 matchnode 61714

61714 62676 2  0.6068  0.7452  0.583333  6.95157e-310
61714 70110 2  0.5412  0.46  0.653333  9.85936e-312
from 3 to 1 matchnode 79515

79515 81286 2  0.5925  0.5529  0.586667  9.86743e-312
from 3 to 2 matchnode 79515

79515 62676 2  0.555  0.7857  0.606667  6.95157e-310
79515 70110 2  0.495  0.485  0.676667  9.85936e-312
edge_match: 
from 4 to 1 matchnode 71744

71744 81286 2  0.632  0.5358  0.636667  9.86743e-312
from 4 to 2 matchnode 71744

71744 62676 2  0.592  0.7614  0.656667  6.95157e-310
71744 70110 2  0.528  0.47  0.726667  6.95157e-310
from 4 to 1 matchnode 92854

92854 81286 2  0.6083  0.5529  0.486667  9.86743e-312
from 4 to 2 matchnode 92854

92854 62676 2  0.5698  0.7857  0.506667  9.85828e-312
92854 70110 2  0.5082  0.485  0.576667  9.85828e-312

pattern answer11:
vertex1: 节点个数 1
84248 1 0.81
vertex2: 节点个数 2
62676 2 0.6
65240 2 0.85
vertex3: 节点个数 2
5385 3 0.53
16842 3 0.59
vertex4: 节点个数 2
71744 4 0.95
92854 4 0.5
edge_match: 
from 1 to 4 matchnode 84248

84248 71744 2  0.819  0.8439  0.726667  9.86743e-312
84248 92854 2  0.603  0.6984  0.576667  9.86743e-312
edge_match: 
from 2 to 1 matchnode 62676

62676 84248 2  0.6014  0.7189  0.61  2.82659e-312
from 2 to 1 matchnode 65240

65240 84248 2  0.4588  0.6162  0.693333  2.82659e-312
edge_match: 
from 3 to 1 matchnode 5385

5385 84248 2  0.4898  0.5609  0.586667  9.85895e-312
from 3 to 2 matchnode 5385

5385 62676 2  0.5846  0.5751  0.516667  6.95157e-310
5385 65240 2  0.7663  0.568  0.6  9.85749e-312
from 3 to 1 matchnode 16842

16842 84248 2  0.6138  0.4661  0.606667  9.85895e-312
from 3 to 2 matchnode 16842

16842 62676 2  0.7326  0.4779  0.536667  6.95157e-310
16842 65240 2  0.9603  0.472  0.62  9.85749e-312
edge_match: 
from 4 to 1 matchnode 71744

71744 84248 2  0.496  0.7426  0.726667  9.86743e-312
from 4 to 2 matchnode 71744

71744 62676 2  0.592  0.7614  0.656667  6.95157e-310
71744 65240 2  0.776  0.752  0.74  6.95157e-310
from 4 to 1 matchnode 92854

92854 84248 2  0.4774  0.7663  0.576667  9.86743e-312
from 4 to 2 matchnode 92854

92854 62676 2  0.5698  0.7857  0.506667  9.85828e-312
92854 65240 2  0.7469  0.776  0.59  9.85828e-312

pattern answer12:
vertex1: 节点个数 1
85427 1 0.6
vertex2: 节点个数 2
62310 2 0.99
68257 2 0.96
vertex3: 节点个数 2
634 3 0.53
2150 3 0.6
vertex4: 节点个数 2
25180 4 0.88
102291 4 0.59
edge_match: 
from 1 to 4 matchnode 85427

85427 25180 2  0.637  0.5984  0.633333  9.86067e-312
85427 102291 2  0.5369  0.6664  0.536667  9.86067e-312
edge_match: 
from 2 to 1 matchnode 62310

62310 85427 2  0.4544  0.6097  0.72  9.85969e-312
from 2 to 1 matchnode 68257

68257 85427 2  0.7304  0.6256  0.66  9.85969e-312
edge_match: 
from 3 to 1 matchnode 634

634 85427 2  0.6248  0.6188  0.566667  9.85944e-312
from 3 to 2 matchnode 634

634 62310 2  0.66  0.4556  0.696667  6.95157e-310
634 68257 2  0.8448  0.5576  0.686667  6.95157e-310
from 3 to 1 matchnode 2150

2150 85427 2  0.4899  0.6916  0.59  9.85944e-312
from 3 to 2 matchnode 2150

2150 62310 2  0.5175  0.5092  0.72  6.95157e-310
2150 68257 2  0.6624  0.6232  0.71  6.95157e-310
edge_match: 
from 4 to 1 matchnode 25180

25180 85427 2  0.4899  0.91  0.683333  9.85944e-312
from 4 to 2 matchnode 25180

25180 62310 2  0.5175  0.67  0.813333  6.95157e-310
25180 68257 2  0.6624  0.82  0.803333  6.95157e-310
from 4 to 1 matchnode 102291

102291 85427 2  0.4757  0.637  0.586667  9.85944e-312
from 4 to 2 matchnode 102291

102291 62310 2  0.4982  0.4692  0.753333  9.86206e-312
102291 68257 2  0.6432  0.574  0.706667  9.86206e-312

pattern answer13:
vertex1: 节点个数 1
93595 1 0.86
vertex2: 节点个数 2
62676 2 0.6
65240 2 0.85
vertex3: 节点个数 2
5385 3 0.53
16842 3 0.59
vertex4: 节点个数 2
125569 4 0.72
136976 4 0.56
edge_match: 
from 1 to 4 matchnode 93595

93595 125569 2  0.6205  0.5229  0.753333  9.86624e-312
93595 136976 2  0.6862  0.4565  0.7  9.86624e-312
edge_match: 
from 2 to 1 matchnode 62676

62676 93595 2  0.9312  0.8918  0.626667  9.86632e-312
from 2 to 1 matchnode 65240

65240 93595 2  0.7104  0.7644  0.71  9.86632e-312
edge_match: 
from 3 to 1 matchnode 5385

5385 93595 2  0.7584  0.6958  0.603333  9.85944e-312
from 3 to 2 matchnode 5385

5385 62676 2  0.5846  0.5751  0.516667  6.95157e-310
5385 65240 2  0.7663  0.568  0.6  9.85749e-312
from 3 to 1 matchnode 16842

16842 93595 2  0.9504  0.5782  0.623333  9.85944e-312
from 3 to 2 matchnode 16842

16842 62676 2  0.7326  0.4779  0.536667  6.95157e-310
16842 65240 2  0.9603  0.472  0.62  9.85749e-312
edge_match: 
from 4 to 1 matchnode 125569

125569 93595 2  0.6432  0.5978  0.666667  9.85944e-312
from 4 to 2 matchnode 125569

125569 62676 2  0.4958  0.4941  0.58  9.8664e-312
125569 65240 2  0.6499  0.488  0.663333  9.8664e-312
from 4 to 1 matchnode 136976

136976 93595 2  0.5952  0.8134  0.613333  9.85944e-312
from 4 to 2 matchnode 136976

136976 62676 2  0.4588  0.6723  0.526667  9.85828e-312
136976 65240 2  0.6014  0.664  0.61  9.85828e-312

pattern answer14:
vertex1: 节点个数 1
95539 1 0.54
vertex2: 节点个数 2
62676 2 0.6
65240 2 0.85
vertex3: 节点个数 2
5385 3 0.53
16842 3 0.59
vertex4: 节点个数 2
71744 4 0.95
92854 4 0.5
edge_match: 
from 1 to 4 matchnode 95539

95539 71744 2  0.7735  0.5916  0.636667  9.8596e-312
95539 92854 2  0.5695  0.4896  0.486667  9.8596e-312
edge_match: 
from 2 to 1 matchnode 62676

62676 95539 2  0.6693  0.8281  0.52  2.82659e-312
from 2 to 1 matchnode 65240

65240 95539 2  0.5106  0.7098  0.603333  2.82659e-312
edge_match: 
from 3 to 1 matchnode 5385

5385 95539 2  0.5451  0.6461  0.496667  9.8596e-312
from 3 to 2 matchnode 5385

5385 62676 2  0.5846  0.5751  0.516667  6.95157e-310
5385 65240 2  0.7663  0.568  0.6  9.85749e-312
from 3 to 1 matchnode 16842

16842 95539 2  0.6831  0.5369  0.516667  9.8596e-312
from 3 to 2 matchnode 16842

16842 62676 2  0.7326  0.4779  0.536667  6.95157e-310
16842 65240 2  0.9603  0.472  0.62  9.85749e-312
edge_match: 
from 4 to 1 matchnode 71744

71744 95539 2  0.552  0.8554  0.636667  9.8596e-312
from 4 to 2 matchnode 71744

71744 62676 2  0.592  0.7614  0.656667  6.95157e-310
71744 65240 2  0.776  0.752  0.74  6.95157e-310
from 4 to 1 matchnode 92854

92854 95539 2  0.5313  0.8827  0.486667  9.8596e-312
from 4 to 2 matchnode 92854

92854 62676 2  0.5698  0.7857  0.506667  9.85828e-312
92854 65240 2  0.7469  0.776  0.59  9.85828e-312

pattern answer15:
vertex1: 节点个数 1
95883 1 0.47
vertex2: 节点个数 2
68257 2 0.96
129258 2 0.56
vertex3: 节点个数 2
634 3 0.53
2150 3 0.6
vertex4: 节点个数 2
79682 4 0.95
97974 4 0.72
edge_match: 
from 1 to 4 matchnode 95883

95883 79682 2  0.5124  0.5822  0.663333  9.86624e-312
95883 97974 2  0.7056  0.6674  0.586667  9.86624e-312
edge_match: 
from 2 to 1 matchnode 68257

68257 95883 2  0.7533  0.504  0.666667  2.82659e-312
from 2 to 1 matchnode 129258

129258 95883 2  0.4588  0.6552  0.483333  2.82659e-312
edge_match: 
from 3 to 1 matchnode 634

634 95883 2  0.7128  0.5712  0.523333  9.8596e-312
from 3 to 2 matchnode 634

634 68257 2  0.8448  0.5576  0.686667  6.95157e-310
634 129258 2  0.616  0.5576  0.553333  9.86059e-312
from 3 to 1 matchnode 2150

2150 95883 2  0.5589  0.6384  0.546667  9.8596e-312
from 3 to 2 matchnode 2150

2150 68257 2  0.6624  0.6232  0.71  6.95157e-310
2150 129258 2  0.483  0.6232  0.576667  9.86059e-312
edge_match: 
from 4 to 1 matchnode 79682

79682 95883 2  0.7209  0.4788  0.663333  9.86624e-312
from 4 to 2 matchnode 79682

79682 68257 2  0.8544  0.4674  0.826667  9.86698e-312
79682 129258 2  0.623  0.4674  0.693333  9.86698e-312
from 4 to 1 matchnode 97974

97974 95883 2  0.5427  0.5124  0.586667  9.86624e-312
from 4 to 2 matchnode 97974

97974 68257 2  0.6432  0.5002  0.75  6.95157e-310
97974 129258 2  0.469  0.5002  0.616667  6.95157e-310

pattern answer16:
vertex1: 节点个数 1
96298 1 0.69
vertex2: 节点个数 2
104958 2 0.61
121805 2 0.45
vertex3: 节点个数 2
58354 3 0.97
59804 3 0.89
vertex4: 节点个数 2
68448 4 0.86
125071 4 0.47
edge_match: 
from 1 to 4 matchnode 96298

96298 68448 2  0.6806  0.4508  0.706667  9.8596e-312
96298 125071 2  0.5063  0.46  0.576667  9.8596e-312
edge_match: 
from 2 to 1 matchnode 104958

104958 96298 2  0.8  0.4697  0.66  2.82659e-312
from 2 to 1 matchnode 121805

121805 96298 2  0.55  0.616  0.606667  2.82659e-312
edge_match: 
from 3 to 1 matchnode 58354

58354 96298 2  0.63  0.6006  0.78  9.8596e-312
from 3 to 2 matchnode 58354

58354 104958 2  0.6237  0.741  0.753333  6.95157e-310
58354 121805 2  0.5355  0.5616  0.7  9.86345e-312
from 3 to 1 matchnode 59804

59804 96298 2  0.75  0.616  0.753333  9.8596e-312
from 3 to 2 matchnode 59804

59804 104958 2  0.7425  0.76  0.726667  6.95157e-310
59804 121805 2  0.6375  0.576  0.673333  9.86345e-312
edge_match: 
from 4 to 1 matchnode 68448

68448 96298 2  0.57  0.7315  0.743333  9.85936e-312
from 4 to 2 matchnode 68448

68448 104958 2  0.5643  0.9025  0.716667  6.95157e-310
68448 121805 2  0.4845  0.684  0.663333  6.95157e-310
from 4 to 1 matchnode 125071

125071 96298 2  0.98  0.6468  0.613333  9.85936e-312
from 4 to 2 matchnode 125071

125071 104958 2  0.9702  0.798  0.586667  9.85828e-312
125071 121805 2  0.833  0.6048  0.533333  9.85828e-312

pattern answer17:
vertex1: 节点个数 1
103238 1 0.79
vertex2: 节点个数 2
62676 2 0.6
97978 2 0.96
vertex3: 节点个数 2
50733 3 0.83
61714 3 0.73
vertex4: 节点个数 2
71744 4 0.95
81005 4 0.63
edge_match: 
from 1 to 4 matchnode 103238

103238 71744 2  0.5915  0.8526  0.72  9.86509e-312
103238 81005 2  0.5525  0.4508  0.613333  9.86509e-312
edge_match: 
from 2 to 1 matchnode 62676

62676 103238 2  0.8051  0.5005  0.603333  9.86743e-312
from 2 to 1 matchnode 97978

97978 103238 2  0.4686  0.4897  0.666667  9.86743e-312
edge_match: 
from 3 to 1 matchnode 50733

50733 103238 2  0.7802  0.4565  0.68  9.86542e-312
from 3 to 2 matchnode 50733

50733 62676 2  0.6956  0.6723  0.616667  6.95157e-310
50733 97978 2  0.5452  0.6142  0.736667  9.86509e-312
from 3 to 1 matchnode 61714

61714 103238 2  0.6806  0.506  0.646667  9.86542e-312
from 3 to 2 matchnode 61714

61714 62676 2  0.6068  0.7452  0.583333  6.95157e-310
61714 97978 2  0.4756  0.6808  0.703333  9.86509e-312
edge_match: 
from 4 to 1 matchnode 71744

71744 103238 2  0.664  0.517  0.72  9.86509e-312
from 4 to 2 matchnode 71744

71744 62676 2  0.592  0.7614  0.656667  6.95157e-310
71744 97978 2  0.464  0.6956  0.776667  6.95157e-310
from 4 to 1 matchnode 81005

81005 103238 2  0.7138  0.451  0.613333  9.86509e-312
from 4 to 2 matchnode 81005

81005 62676 2  0.6364  0.6642  0.55  9.86743e-312
81005 97978 2  0.4988  0.6068  0.67  9.86743e-312

pattern answer18:
vertex1: 节点个数 1
107462 1 0.72
vertex2: 节点个数 2
62310 2 0.99
66559 2 0.75
vertex3: 节点个数 2
14663 3 0.61
63268 3 0.9
vertex4: 节点个数 2
125354 4 0.71
186657 4 0.65
edge_match: 
from 1 to 4 matchnode 107462

107462 125354 2  0.5538  0.6768  0.666667  9.86542e-312
107462 186657 2  0.5893  0.72  0.646667  9.86542e-312
edge_match: 
from 2 to 1 matchnode 62310

62310 107462 2  0.5696  0.469  0.76  2.82659e-312
from 2 to 1 matchnode 66559

66559 107462 2  0.6853  0.609  0.68  2.82659e-312
edge_match: 
from 3 to 1 matchnode 14663

14663 107462 2  0.8633  0.686  0.633333  9.86542e-312
from 3 to 2 matchnode 14663

14663 62310 2  0.7275  0.6566  0.723333  6.95157e-310
14663 66559 2  0.6305  0.5978  0.643333  6.95157e-310
from 3 to 1 matchnode 63268

63268 107462 2  0.89  0.658  0.73  9.86542e-312
from 3 to 2 matchnode 63268

63268 62310 2  0.75  0.6298  0.82  6.95157e-310
63268 66559 2  0.65  0.5734  0.74  6.95157e-310
edge_match: 
from 4 to 1 matchnode 125354

125354 107462 2  0.8455  0.525  0.666667  9.86542e-312
from 4 to 2 matchnode 125354

125354 62310 2  0.7125  0.5025  0.756667  6.95157e-310
125354 66559 2  0.6175  0.4575  0.676667  6.95157e-310
from 4 to 1 matchnode 186657

186657 107462 2  0.623  0.567  0.646667  9.86542e-312
from 4 to 2 matchnode 186657

186657 62310 2  0.525  0.5427  0.736667  9.85828e-312
186657 66559 2  0.455  0.4941  0.656667  9.85828e-312

pattern answer19:
vertex1: 节点个数 1
111468 1 0.68
vertex2: 节点个数 2
225709 2 0.82
255485 2 0.83
vertex3: 节点个数 2
7475 3 0.63
21620 3 0.81
vertex4: 节点个数 2
56701 4 0.98
84846 4 0.83
edge_match: 
from 1 to 4 matchnode 111468

111468 56701 2  0.7098  0.5112  0.8  9.86517e-312
111468 84846 2  0.5278  0.4544  0.75  9.86517e-312
edge_match: 
from 2 to 1 matchnode 225709

225709 111468 2  0.5576  0.5795  0.746667  9.86743e-312
from 2 to 1 matchnode 255485

255485 111468 2  0.7298  0.5035  0.75  9.86743e-312
edge_match: 
from 3 to 1 matchnode 7475

7475 111468 2  0.5576  0.9405  0.683333  9.86493e-312
from 3 to 2 matchnode 7475

7475 225709 2  0.5508  0.9108  0.73  6.95157e-310
7475 255485 2  0.5712  0.7128  0.733333  9.86542e-312
from 3 to 1 matchnode 21620

21620 111468 2  0.5166  0.76  0.743333  9.86493e-312
from 3 to 2 matchnode 21620

21620 225709 2  0.5103  0.736  0.79  6.95157e-310
21620 255485 2  0.5292  0.576  0.793333  9.86542e-312
edge_match: 
from 4 to 1 matchnode 56701

56701 111468 2  0.615  0.836  0.8  9.86493e-312
from 4 to 2 matchnode 56701

56701 225709 2  0.6075  0.8096  0.846667  6.95157e-310
56701 255485 2  0.63  0.6336  0.85  6.95157e-310
from 4 to 1 matchnode 84846

84846 111468 2  0.5084  0.627  0.75  9.86493e-312
from 4 to 2 matchnode 84846

84846 225709 2  0.5022  0.6072  0.796667  9.86744e-312
84846 255485 2  0.5208  0.4752  0.8  9.86744e-312

pattern answer20:
vertex1: 节点个数 1
119650 1 0.93
vertex2: 节点个数 2
62676 2 0.6
65240 2 0.85
vertex3: 节点个数 2
5385 3 0.53
16842 3 0.59
vertex4: 节点个数 2
71744 4 0.95
119255 4 0.55
edge_match: 
from 1 to 4 matchnode 119650

119650 71744 2  0.7007  0.5394  0.766667  9.86395e-312
119650 119255 2  0.5698  0.6138  0.633333  9.86395e-312
edge_match: 
from 2 to 1 matchnode 62676

62676 119650 2  0.9312  0.8645  0.65  2.82659e-312
from 2 to 1 matchnode 65240

65240 119650 2  0.7104  0.741  0.733333  2.82659e-312
edge_match: 
from 3 to 1 matchnode 5385

5385 119650 2  0.7584  0.6745  0.626667  9.86411e-312
from 3 to 2 matchnode 5385

5385 62676 2  0.5846  0.5751  0.516667  6.95157e-310
5385 65240 2  0.7663  0.568  0.6  9.85749e-312
from 3 to 1 matchnode 16842

16842 119650 2  0.9504  0.5605  0.646667  9.86411e-312
from 3 to 2 matchnode 16842

16842 62676 2  0.7326  0.4779  0.536667  6.95157e-310
16842 65240 2  0.9603  0.472  0.62  9.85749e-312
edge_match: 
from 4 to 1 matchnode 71744

71744 119650 2  0.768  0.893  0.766667  9.86395e-312
from 4 to 2 matchnode 71744

71744 62676 2  0.592  0.7614  0.656667  6.95157e-310
71744 65240 2  0.776  0.752  0.74  6.95157e-310
from 4 to 1 matchnode 119255

119255 119650 2  0.9408  0.627  0.633333  9.86395e-312
from 4 to 2 matchnode 119255

119255 62676 2  0.7252  0.5346  0.523333  9.85828e-312
119255 65240 2  0.9506  0.528  0.606667  9.85828e-312

pattern answer21:
vertex1: 节点个数 1
124883 1 0.47
vertex2: 节点个数 2
62676 2 0.6
65240 2 0.85
vertex3: 节点个数 2
5385 3 0.53
16842 3 0.59
vertex4: 节点个数 2
71744 4 0.95
92854 4 0.5
edge_match: 
from 1 to 4 matchnode 124883

124883 71744 2  0.8554  0.696  0.613333  9.86395e-312
124883 92854 2  0.6298  0.576  0.463333  9.86395e-312
edge_match: 
from 2 to 1 matchnode 62676

62676 124883 2  0.8245  0.8463  0.496667  9.86395e-312
from 2 to 1 matchnode 65240

65240 124883 2  0.629  0.7254  0.58  9.86395e-312
edge_match: 
from 3 to 1 matchnode 5385

5385 124883 2  0.6715  0.6603  0.473333  9.86395e-312
from 3 to 2 matchnode 5385

5385 62676 2  0.5846  0.5751  0.516667  6.95157e-310
5385 65240 2  0.7663  0.568  0.6  9.85749e-312
from 3 to 1 matchnode 16842

16842 124883 2  0.8415  0.5487  0.493333  9.86395e-312
from 3 to 2 matchnode 16842

16842 62676 2  0.7326  0.4779  0.536667  6.95157e-310
16842 65240 2  0.9603  0.472  0.62  9.85749e-312
edge_match: 
from 4 to 1 matchnode 71744

71744 124883 2  0.68  0.8742  0.613333  9.86395e-312
from 4 to 2 matchnode 71744

71744 62676 2  0.592  0.7614  0.656667  6.95157e-310
71744 65240 2  0.776  0.752  0.74  6.95157e-310
from 4 to 1 matchnode 92854

92854 124883 2  0.6545  0.9021  0.463333  9.86395e-312
from 4 to 2 matchnode 92854

92854 62676 2  0.5698  0.7857  0.506667  9.85828e-312
92854 65240 2  0.7469  0.776  0.59  9.85828e-312

pattern answer22:
vertex1: 节点个数 1
125240 1 0.89
vertex2: 节点个数 2
62310 2 0.99
68257 2 0.96
vertex3: 节点个数 2
634 3 0.53
2150 3 0.6
vertex4: 节点个数 2
25180 4 0.88
102291 4 0.59
edge_match: 
from 1 to 4 matchnode 125240

125240 25180 2  0.658  0.484  0.73  9.86509e-312
125240 102291 2  0.5546  0.539  0.633333  9.86509e-312
edge_match: 
from 2 to 1 matchnode 62310

62310 125240 2  0.4992  0.6298  0.816667  9.85828e-312
from 2 to 1 matchnode 68257

68257 125240 2  0.7254  0.564  0.806667  9.85828e-312
edge_match: 
from 3 to 1 matchnode 634

634 125240 2  0.6864  0.6392  0.663333  9.86386e-312
from 3 to 2 matchnode 634

634 62310 2  0.66  0.4556  0.696667  6.95157e-310
634 68257 2  0.8448  0.5576  0.686667  6.95157e-310
from 3 to 1 matchnode 2150

2150 125240 2  0.5382  0.7144  0.686667  9.86386e-312
from 3 to 2 matchnode 2150

2150 62310 2  0.5175  0.5092  0.72  6.95157e-310
2150 68257 2  0.6624  0.6232  0.71  6.95157e-310
edge_match: 
from 4 to 1 matchnode 25180

25180 125240 2  0.5382  0.94  0.78  9.86386e-312
from 4 to 2 matchnode 25180

25180 62310 2  0.5175  0.67  0.813333  6.95157e-310
25180 68257 2  0.6624  0.82  0.803333  6.95157e-310
from 4 to 1 matchnode 102291

102291 125240 2  0.5226  0.658  0.683333  9.86386e-312
from 4 to 2 matchnode 102291

102291 62310 2  0.4982  0.4692  0.753333  9.86206e-312
102291 68257 2  0.6432  0.574  0.706667  9.86206e-312

pattern answer23:
vertex1: 节点个数 1
130133 1 0.82
vertex2: 节点个数 2
104958 2 0.61
121805 2 0.45
vertex3: 节点个数 2
58354 3 0.97
59804 3 0.89
vertex4: 节点个数 2
52204 4 0.61
70980 4 0.48
edge_match: 
from 1 to 4 matchnode 130133

130133 52204 2  0.4536  0.5307  0.616667  9.86378e-312
130133 70980 2  0.6624  0.6612  0.573333  9.86378e-312
edge_match: 
from 2 to 1 matchnode 104958

104958 130133 2  0.792  0.5307  0.703333  9.85969e-312
from 2 to 1 matchnode 121805

121805 130133 2  0.5445  0.696  0.65  9.85969e-312
edge_match: 
from 3 to 1 matchnode 58354

58354 130133 2  0.6237  0.6786  0.823333  9.86378e-312
from 3 to 2 matchnode 58354

58354 104958 2  0.6237  0.741  0.753333  6.95157e-310
58354 121805 2  0.5355  0.5616  0.7  9.86345e-312
from 3 to 1 matchnode 59804

59804 130133 2  0.7425  0.696  0.796667  9.86378e-312
from 3 to 2 matchnode 59804

59804 104958 2  0.7425  0.76  0.726667  6.95157e-310
59804 121805 2  0.6375  0.576  0.673333  9.86345e-312
edge_match: 
from 4 to 1 matchnode 52204

52204 130133 2  0.9009  0.8265  0.703333  9.86378e-312
from 4 to 2 matchnode 52204

52204 104958 2  0.9009  0.9025  0.633333  6.95157e-310
52204 121805 2  0.7735  0.684  0.58  6.95157e-310
from 4 to 1 matchnode 70980

70980 130133 2  0.6336  0.6438  0.66  9.86378e-312
from 4 to 2 matchnode 70980

70980 104958 2  0.6336  0.703  0.59  9.86744e-312
70980 121805 2  0.544  0.5328  0.536667  9.86744e-312

pattern answer24:
vertex1: 节点个数 1
136982 1 0.82
vertex2: 节点个数 2
62676 2 0.6
65240 2 0.85
vertex3: 节点个数 2
5385 3 0.53
50733 3 0.83
vertex4: 节点个数 2
98004 4 0.5
137706 4 0.72
edge_match: 
from 1 to 4 matchnode 136982

136982 98004 2  0.5643  0.7938  0.63  9.86744e-312
136982 137706 2  0.6138  0.7857  0.703333  9.86744e-312
edge_match: 
from 2 to 1 matchnode 62676

62676 136982 2  0.9215  0.6006  0.613333  2.82659e-312
from 2 to 1 matchnode 65240

65240 136982 2  0.703  0.5148  0.696667  2.82659e-312
edge_match: 
from 3 to 1 matchnode 5385

5385 136982 2  0.7505  0.4686  0.59  9.8637e-312
from 3 to 2 matchnode 5385

5385 62676 2  0.5846  0.5751  0.516667  6.95157e-310
5385 65240 2  0.7663  0.568  0.6  9.85749e-312
from 3 to 1 matchnode 50733

50733 136982 2  0.893  0.5478  0.69  9.8637e-312
from 3 to 2 matchnode 50733

50733 62676 2  0.6956  0.6723  0.616667  6.95157e-310
50733 65240 2  0.9118  0.664  0.7  9.85749e-312
edge_match: 
from 4 to 1 matchnode 98004

98004 136982 2  0.722  0.627  0.58  9.8637e-312
from 4 to 2 matchnode 98004

98004 62676 2  0.5624  0.7695  0.506667  6.95157e-310
98004 65240 2  0.7372  0.76  0.59  6.95157e-310
from 4 to 1 matchnode 137706

137706 136982 2  0.912  0.5082  0.653333  9.8637e-312
from 4 to 2 matchnode 137706

137706 62676 2  0.7104  0.6237  0.58  9.85828e-312
137706 65240 2  0.9312  0.616  0.663333  9.85828e-312

pattern answer25:
vertex1: 节点个数 1
169594 1 0.85
vertex2: 节点个数 2
62310 2 0.99
66559 2 0.75
vertex3: 节点个数 2
14663 3 0.61
63268 3 0.9
vertex4: 节点个数 2
125354 4 0.71
186657 4 0.65
edge_match: 
from 1 to 4 matchnode 169594

169594 125354 2  0.4758  0.7144  0.71  9.86745e-312
169594 186657 2  0.5063  0.76  0.69  9.86745e-312
edge_match: 
from 2 to 1 matchnode 62310

62310 169594 2  0.512  0.4824  0.803333  9.86743e-312
from 2 to 1 matchnode 66559

66559 169594 2  0.616  0.6264  0.723333  9.86743e-312
edge_match: 
from 3 to 1 matchnode 14663

14663 169594 2  0.776  0.7056  0.676667  9.86745e-312
from 3 to 2 matchnode 14663

14663 62310 2  0.7275  0.6566  0.723333  6.95157e-310
14663 66559 2  0.6305  0.5978  0.643333  6.95157e-310
from 3 to 1 matchnode 63268

63268 169594 2  0.8  0.6768  0.773333  9.86745e-312
from 3 to 2 matchnode 63268

63268 62310 2  0.75  0.6298  0.82  6.95157e-310
63268 66559 2  0.65  0.5734  0.74  6.95157e-310
edge_match: 
from 4 to 1 matchnode 125354

125354 169594 2  0.76  0.54  0.71  9.86745e-312
from 4 to 2 matchnode 125354

125354 62310 2  0.7125  0.5025  0.756667  6.95157e-310
125354 66559 2  0.6175  0.4575  0.676667  6.95157e-310
from 4 to 1 matchnode 186657

186657 169594 2  0.56  0.5832  0.69  9.86745e-312
from 4 to 2 matchnode 186657

186657 62310 2  0.525  0.5427  0.736667  9.85828e-312
186657 66559 2  0.455  0.4941  0.656667  9.85828e-312

pattern answer26:
vertex1: 节点个数 1
180959 1 0.93
vertex2: 节点个数 2
66695 2 0.96
220927 2 0.93
vertex3: 节点个数 2
7475 3 0.63
43328 3 0.51
vertex4: 节点个数 2
56701 4 0.98
100268 4 0.73
edge_match: 
from 1 to 4 matchnode 180959

180959 56701 2  0.546  0.5256  0.883333  9.86288e-312
180959 100268 2  0.665  0.4745  0.8  9.86288e-312
edge_match: 
from 2 to 1 matchnode 66695

66695 180959 2  0.5346  0.546  0.876667  2.82659e-312
from 2 to 1 matchnode 220927

220927 180959 2  0.5427  0.5278  0.866667  2.82659e-312
edge_match: 
from 3 to 1 matchnode 7475

7475 180959 2  0.5508  0.9009  0.766667  9.86247e-312
from 3 to 2 matchnode 7475

7475 66695 2  0.4828  0.6732  0.776667  6.95157e-310
7475 220927 2  0.4896  0.7524  0.766667  9.86714e-312
from 3 to 1 matchnode 43328

43328 180959 2  0.7614  0.8918  0.726667  9.86247e-312
from 3 to 2 matchnode 43328

43328 66695 2  0.6674  0.6664  0.736667  6.95157e-310
43328 220927 2  0.6768  0.7448  0.726667  9.86714e-312
edge_match: 
from 4 to 1 matchnode 56701

56701 180959 2  0.6075  0.8008  0.883333  9.86288e-312
from 4 to 2 matchnode 56701

56701 66695 2  0.5325  0.5984  0.893333  6.95157e-310
56701 220927 2  0.54  0.6688  0.883333  6.95157e-310
from 4 to 1 matchnode 100268

100268 180959 2  0.5589  0.8918  0.8  9.86288e-312
from 4 to 2 matchnode 100268

100268 66695 2  0.4899  0.6664  0.81  9.86745e-312
100268 220927 2  0.4968  0.7448  0.8  9.86745e-312

pattern answer27:
vertex1: 节点个数 1
188031 1 0.67
vertex2: 节点个数 2
66695 2 0.96
220927 2 0.93
vertex3: 节点个数 2
7475 3 0.63
43328 3 0.51
vertex4: 节点个数 2
56701 4 0.98
100268 4 0.73
edge_match: 
from 1 to 4 matchnode 188031

188031 56701 2  0.741  0.5184  0.796667  9.86247e-312
188031 100268 2  0.9025  0.468  0.713333  9.86247e-312
edge_match: 
from 2 to 1 matchnode 66695

66695 188031 2  0.5676  0.492  0.79  9.85828e-312
from 2 to 1 matchnode 220927

220927 188031 2  0.5762  0.4756  0.78  9.85828e-312
edge_match: 
from 3 to 1 matchnode 7475

7475 188031 2  0.5848  0.8118  0.68  9.86247e-312
from 3 to 2 matchnode 7475

7475 66695 2  0.4828  0.6732  0.776667  6.95157e-310
7475 220927 2  0.4896  0.7524  0.766667  9.86714e-312
from 3 to 1 matchnode 43328

43328 188031 2  0.8084  0.8036  0.64  9.86247e-312
from 3 to 2 matchnode 43328

43328 66695 2  0.6674  0.6664  0.736667  6.95157e-310
43328 220927 2  0.6768  0.7448  0.726667  9.86714e-312
edge_match: 
from 4 to 1 matchnode 56701

56701 188031 2  0.645  0.7216  0.796667  9.86247e-312
from 4 to 2 matchnode 56701

56701 66695 2  0.5325  0.5984  0.893333  6.95157e-310
56701 220927 2  0.54  0.6688  0.883333  6.95157e-310
from 4 to 1 matchnode 100268

100268 188031 2  0.5934  0.8036  0.713333  9.86247e-312
from 4 to 2 matchnode 100268

100268 66695 2  0.4899  0.6664  0.81  9.86745e-312
100268 220927 2  0.4968  0.7448  0.8  9.86745e-312

pattern answer28:
vertex1: 节点个数 1
422427 1 0.69
vertex2: 节点个数 2
74054 2 0.61
548852 2 0.99
vertex3: 节点个数 2
113464 3 0.61
213192 3 0.76
vertex4: 节点个数 2
73961 4 0.57
113412 4 0.73
edge_match: 
from 1 to 4 matchnode 422427

422427 73961 2  0.7128  0.5673  0.58  9.85919e-312
422427 113412 1  0.83  0.48  0.71  9.85919e-312
edge_match: 
from 2 to 1 matchnode 74054

74054 422427 1  0.75  0.51  0.65  2.82659e-312
from 2 to 1 matchnode 548852

548852 422427 2  0.8188  0.588  0.646667  2.82659e-312
edge_match: 
from 3 to 1 matchnode 113464

113464 422427 1  0.77  0.99  0.65  9.85919e-312
from 3 to 2 matchnode 113464

113464 74054 2  0.7546  0.8019  0.636667  6.95157e-310
113464 548852 2  0.616  0.693  0.763333  6.95157e-310
from 3 to 1 matchnode 213192

213192 422427 1  0.79  0.88  0.725  9.85919e-312
from 3 to 2 matchnode 213192

213192 74054 2  0.7742  0.7128  0.686667  6.95157e-310
213192 548852 2  0.632  0.616  0.813333  6.95157e-310
edge_match: 
from 4 to 1 matchnode 73961

73961 422427 2  0.6724  0.768  0.676667  9.85919e-312
from 4 to 2 matchnode 73961

73961 74054 2  0.8645  0.5187  0.51  6.95157e-310
73961 548852 1  0.95  0.87  0.78  6.95157e-310
from 4 to 1 matchnode 113412

113412 422427 1  0.73  0.8  0.71  9.85919e-312
from 4 to 2 matchnode 113412

113412 74054 2  0.7154  0.648  0.676667  9.86223e-312
113412 548852 2  0.584  0.56  0.803333  9.86223e-312

pattern answer29:
vertex1: 节点个数 1
500026 1 0.84
vertex2: 节点个数 2
466033 2 0.62
500141 2 0.45
vertex3: 节点个数 2
381933 3 0.77
421744 3 0.74
vertex4: 节点个数 2
202925 4 0.83
500348 4 0.99
edge_match: 
from 1 to 4 matchnode 500026

500026 202925 2  0.4503  0.6552  0.84  9.86751e-312
500026 500348 2  0.5796  0.5488  0.773333  9.86751e-312
edge_match: 
from 2 to 1 matchnode 466033

466033 500026 2  0.5106  0.4977  0.546667  2.82659e-312
from 2 to 1 matchnode 500141

500141 500026 2  0.4592  0.469  0.536667  2.82659e-312
edge_match: 
from 3 to 1 matchnode 381933

381933 500026 2  0.4958  0.846  0.716667  9.86751e-312
from 3 to 2 matchnode 381933

381933 466033 1  0.86  0.59  0.695  6.95157e-310
381933 500141 2  0.7104  0.864  0.586667  9.86751e-312
from 3 to 1 matchnode 421744

421744 500026 2  0.648  0.9506  0.626667  9.86751e-312
from 3 to 2 matchnode 421744

421744 466033 2  0.6045  0.57  0.513333  6.95157e-310
421744 500141 2  0.6864  0.792  0.49  9.86751e-312
edge_match: 
from 4 to 1 matchnode 202925

202925 500026 1  0.65  0.56  0.835  9.86751e-312
from 4 to 2 matchnode 202925

202925 466033 2  0.6816  0.5796  0.616667  6.95157e-310
202925 500141 2  0.611  0.4592  0.706667  6.95157e-310
from 4 to 1 matchnode 500348

500348 500026 2  0.4896  0.4732  0.73  9.86751e-312
from 4 to 2 matchnode 500348

500348 466033 2  0.496  0.6624  0.85  9.86751e-312
500348 500141 2  0.7008  0.8736  0.6  9.86751e-312

