pattern answer1:
vertex1: 节点个数 1
324 1 0.98
vertex2: 节点个数 2
2519 2 0.65
11788 2 0.59
vertex3: 节点个数 2
879 3 0.71
2529 3 0.74
vertex4: 节点个数 2
894 4 0.72
2949 4 0.53
edge_match: 
from 1 to 2 matchnode 324

324 2519 3  0.585808  0.750288  0.805  1.23617e-311
324 11788 3  0.551304  0.7776  0.785  1.23617e-311
from 1 to 3 matchnode 324

324 879 1  0.75  0.86  0.845  1.23616e-311
324 2529 2  0.7326  0.9024  0.776667  1.23616e-311
from 1 to 4 matchnode 324

324 894 3  0.627895  0.669438  0.8275  1.97626e-323
324 2949 3  0.73062  0.784148  0.575  1.97626e-323
edge_match: 
from 2 to 1 matchnode 2519

2519 324 3  0.627396  0.856128  0.695  1.97626e-323
from 2 to 3 matchnode 2519

2519 879 2  0.873  0.6132  0.786667  6.9513e-310
2519 2529 1  0.79  0.98  0.695  6.9513e-310
from 2 to 4 matchnode 2519

2519 894 3  0.531432  0.656964  0.54  1.23617e-311
2519 2949 3  0.88209  0.534576  0.51  1.23616e-311
from 2 to 1 matchnode 11788

11788 324 3  0.607848  0.656108  0.7525  1.97626e-323
from 2 to 3 matchnode 11788

11788 879 3  0.750974  0.621006  0.6525  6.9513e-310
11788 2529 3  0.646408  0.7968  0.5725  6.9513e-310
from 2 to 4 matchnode 11788

11788 894 2  0.8736  0.7905  0.543333  1.23617e-311
11788 2949 3  0.673374  0.50547  0.645  1.23616e-311
edge_match: 
from 3 to 1 matchnode 879

879 324 3  0.77418  0.678132  0.835  1.97626e-323
from 3 to 2 matchnode 879

879 2519 3  0.857092  0.591945  0.765  6.9513e-310
879 11788 3  0.599104  0.828234  0.5825  6.9513e-310
from 3 to 4 matchnode 879

879 894 3  0.663936  0.667554  0.53  1.23616e-311
879 2949 3  0.68886  0.60372  0.6  1.23616e-311
from 3 to 1 matchnode 2529

2529 324 2  0.8928  0.533  0.833333  1.97626e-323
from 3 to 2 matchnode 2529

2529 2519 3  0.556713  0.803225  0.76  6.9513e-310
2529 11788 3  0.510048  0.709555  0.61  6.9513e-310
from 3 to 4 matchnode 2529

2529 894 2  0.5396  0.83  0.533333  1.23616e-311
2529 2949 3  0.5467  0.640528  0.565  1.23616e-311
edge_match: 
from 4 to 1 matchnode 894

894 324 3  0.606832  0.82859  0.7825  1.97626e-323
from 4 to 2 matchnode 894

894 2519 3  0.720322  0.680316  0.7225  1.23616e-311
894 11788 3  0.586365  0.7315  0.6975  1.23616e-311
from 4 to 3 matchnode 894

894 879 3  0.780947  0.593782  0.785  1.23616e-311
894 2529 3  0.820911  0.606816  0.79  1.23616e-311
from 4 to 1 matchnode 2949

2949 324 3  0.711711  0.598752  0.765  1.97626e-323
from 4 to 2 matchnode 2949

2949 2519 3  0.6909  0.795522  0.675  1.23616e-311
2949 11788 3  0.8742  0.72  0.605  1.23616e-311
from 4 to 3 matchnode 2949

2949 879 3  0.56595  0.72709  0.69  1.23616e-311
2949 2529 3  0.557568  0.64944  0.54  1.23616e-311

pattern answer2:
vertex1: 节点个数 1
1632 1 0.77
vertex2: 节点个数 2
2519 2 0.65
11788 2 0.59
vertex3: 节点个数 2
879 3 0.71
2529 3 0.74
vertex4: 节点个数 2
894 4 0.72
5520 4 0.6
edge_match: 
from 1 to 2 matchnode 1632

1632 2519 3  0.791802  0.742438  0.6325  1.2362e-311
1632 11788 3  0.512512  0.830208  0.78  1.2362e-311
from 1 to 3 matchnode 1632

1632 879 1  0.98  0.86  0.74  1.23507e-311
1632 2529 3  0.56693  0.63468  0.795  1.23507e-311
from 1 to 4 matchnode 1632

1632 894 3  0.504868  0.502386  0.545  1.23616e-311
1632 5520 2  0.522  0.5292  0.763333  1.23616e-311
edge_match: 
from 2 to 1 matchnode 2519

2519 1632 3  0.658416  0.723926  0.5625  1.23616e-311
from 2 to 3 matchnode 2519

2519 879 2  0.873  0.6132  0.786667  6.9513e-310
2519 2529 1  0.79  0.98  0.695  6.9513e-310
from 2 to 4 matchnode 2519

2519 894 3  0.531432  0.656964  0.54  1.23617e-311
2519 5520 3  0.611697  0.748992  0.515  1.23616e-311
from 2 to 1 matchnode 11788

11788 1632 2  0.7663  0.7221  0.633333  1.23616e-311
from 2 to 3 matchnode 11788

11788 879 3  0.750974  0.621006  0.6525  6.9513e-310
11788 2529 3  0.646408  0.7968  0.5725  6.9513e-310
from 2 to 4 matchnode 11788

11788 894 2  0.8736  0.7905  0.543333  1.23617e-311
11788 5520 2  0.8256  0.6319  0.543333  1.23616e-311
edge_match: 
from 3 to 1 matchnode 879

879 1632 1  0.96  0.71  0.74  1.23616e-311
from 3 to 2 matchnode 879

879 2519 3  0.857092  0.591945  0.765  6.9513e-310
879 11788 3  0.599104  0.828234  0.5825  6.9513e-310
from 3 to 4 matchnode 879

879 894 3  0.663936  0.667554  0.53  1.23616e-311
879 5520 3  0.59856  0.568008  0.665  1.23616e-311
from 3 to 1 matchnode 2529

2529 1632 3  0.72459  0.8664  0.61  1.23616e-311
from 3 to 2 matchnode 2529

2529 2519 3  0.556713  0.803225  0.76  6.9513e-310
2529 11788 3  0.510048  0.709555  0.61  6.9513e-310
from 3 to 4 matchnode 2529

2529 894 2  0.5396  0.83  0.533333  1.23616e-311
2529 5520 3  0.72072  0.60515  0.605  1.23616e-311
edge_match: 
from 4 to 1 matchnode 894

894 1632 3  0.567062  0.715008  0.615  1.23616e-311
from 4 to 2 matchnode 894

894 2519 3  0.720322  0.680316  0.7225  1.23616e-311
894 11788 3  0.586365  0.7315  0.6975  1.23616e-311
from 4 to 3 matchnode 894

894 879 3  0.780947  0.593782  0.785  1.23616e-311
894 2529 3  0.820911  0.606816  0.79  1.23616e-311
from 4 to 1 matchnode 5520

5520 1632 3  0.659808  0.64752  0.7175  1.23616e-311
from 4 to 2 matchnode 5520

5520 2519 3  0.63984  0.51119  0.55  1.23616e-311
5520 11788 3  0.522288  0.9207  0.62  1.23616e-311
from 4 to 3 matchnode 5520

5520 879 2  0.6873  0.912  0.7  1.23616e-311
5520 2529 2  0.8624  0.594  0.676667  1.23616e-311

pattern answer3:
vertex1: 节点个数 1
1811 1 0.67
vertex2: 节点个数 2
2503 2 0.89
2519 2 0.65
vertex3: 节点个数 2
608 3 0.74
879 3 0.71
vertex4: 节点个数 2
2949 4 0.53
5520 4 0.6
edge_match: 
from 1 to 2 matchnode 1811

1811 2503 3  0.8208  0.90307  0.565  1.23507e-311
1811 2519 3  0.76896  0.66348  0.505  1.23507e-311
from 1 to 3 matchnode 1811

1811 608 3  0.523392  0.53088  0.685  1.2362e-311
1811 879 2  0.9215  0.5913  0.793333  1.2362e-311
from 1 to 4 matchnode 1811

1811 2949 3  0.51168  0.58806  0.7125  1.97626e-323
1811 5520 3  0.57222  0.7392  0.735  1.97626e-323
edge_match: 
from 2 to 1 matchnode 2503

2503 1811 2  0.7663  0.836  0.74  1.97626e-323
from 2 to 3 matchnode 2503

2503 608 3  0.57939  0.622656  0.7725  6.9513e-310
2503 879 3  0.664785  0.712448  0.72  6.9513e-310
from 2 to 4 matchnode 2503

2503 2949 3  0.52976  0.569088  0.775  1.23616e-311
2503 5520 3  0.633888  0.561412  0.69  1.23616e-311
from 2 to 1 matchnode 2519

2519 1811 3  0.6873  0.8428  0.515  1.97626e-323
from 2 to 3 matchnode 2519

2519 608 1  0.55  0.97  0.695  6.9513e-310
2519 879 2  0.873  0.6132  0.786667  6.9513e-310
from 2 to 4 matchnode 2519

2519 2949 3  0.88209  0.534576  0.51  1.23616e-311
2519 5520 3  0.611697  0.748992  0.515  1.23616e-311
edge_match: 
from 3 to 1 matchnode 608

608 1811 2  0.8051  0.8835  0.69  1.97626e-323
from 3 to 2 matchnode 608

608 2503 3  0.5874  0.737748  0.79  6.9513e-310
608 2519 1  0.7  0.91  0.695  6.9513e-310
from 3 to 4 matchnode 608

608 2949 3  0.52272  0.539392  0.6075  1.23616e-311
608 5520 3  0.811008  0.52234  0.79  1.23616e-311
from 3 to 1 matchnode 879

879 1811 3  0.75854  0.79534  0.7575  1.97626e-323
from 3 to 2 matchnode 879

879 2503 3  0.66542  0.657272  0.5775  6.9513e-310
879 2519 3  0.857092  0.591945  0.765  6.9513e-310
from 3 to 4 matchnode 879

879 2949 3  0.68886  0.60372  0.6  1.23616e-311
879 5520 3  0.59856  0.568008  0.665  1.23616e-311
edge_match: 
from 4 to 1 matchnode 2949

2949 1811 3  0.697333  0.70224  0.6875  1.97626e-323
from 4 to 2 matchnode 2949

2949 2503 1  0.91  0.84  0.71  1.23616e-311
2949 2519 3  0.6909  0.795522  0.675  1.23616e-311
from 4 to 3 matchnode 2949

2949 608 3  0.500892  0.813006  0.62  1.23616e-311
2949 879 3  0.56595  0.72709  0.69  1.23616e-311
from 4 to 1 matchnode 5520

5520 1811 3  0.674344  0.76076  0.705  1.97626e-323
from 4 to 2 matchnode 5520

5520 2503 1  0.88  0.91  0.745  1.23616e-311
5520 2519 3  0.63984  0.51119  0.55  1.23616e-311
from 4 to 3 matchnode 5520

5520 608 3  0.673554  0.58368  0.71  1.23616e-311
5520 879 2  0.6873  0.912  0.7  1.23616e-311

pattern answer4:
vertex1: 节点个数 1
2305 1 0.92
vertex2: 节点个数 2
2519 2 0.65
11788 2 0.59
vertex3: 节点个数 2
879 3 0.71
2529 3 0.74
vertex4: 节点个数 2
894 4 0.72
2949 4 0.53
edge_match: 
from 1 to 2 matchnode 2305

2305 2519 3  0.81972  0.642224  0.6275  1.2362e-311
2305 11788 3  0.884058  0.5985  0.7475  1.2362e-311
from 1 to 3 matchnode 2305

2305 879 3  0.582582  0.660914  0.77  1.23507e-311
2305 2529 3  0.65807  0.707616  0.6275  1.23507e-311
from 1 to 4 matchnode 2305

2305 894 2  0.8036  0.6188  0.67  9.88131e-324
2305 2949 3  0.75735  0.7826  0.515  9.88131e-324
edge_match: 
from 2 to 1 matchnode 2519

2519 2305 2  0.8265  0.7968  0.543333  9.88131e-324
from 2 to 3 matchnode 2519

2519 879 2  0.873  0.6132  0.786667  6.9513e-310
2519 2529 1  0.79  0.98  0.695  6.9513e-310
from 2 to 4 matchnode 2519

2519 894 3  0.531432  0.656964  0.54  1.23617e-311
2519 2949 3  0.88209  0.534576  0.51  1.23616e-311
from 2 to 1 matchnode 11788

11788 2305 2  0.8415  0.5236  0.78  9.88131e-324
from 2 to 3 matchnode 11788

11788 879 3  0.750974  0.621006  0.6525  6.9513e-310
11788 2529 3  0.646408  0.7968  0.5725  6.9513e-310
from 2 to 4 matchnode 11788

11788 894 2  0.8736  0.7905  0.543333  1.23617e-311
11788 2949 3  0.673374  0.50547  0.645  1.23616e-311
edge_match: 
from 3 to 1 matchnode 879

879 2305 2  0.6603  0.8075  0.593333  9.88131e-324
from 3 to 2 matchnode 879

879 2519 3  0.857092  0.591945  0.765  6.9513e-310
879 11788 3  0.599104  0.828234  0.5825  6.9513e-310
from 3 to 4 matchnode 879

879 894 3  0.663936  0.667554  0.53  1.23616e-311
879 2949 3  0.68886  0.60372  0.6  1.23616e-311
from 3 to 1 matchnode 2529

2529 2305 3  0.683559  0.767125  0.6675  9.88131e-324
from 3 to 2 matchnode 2529

2529 2519 3  0.556713  0.803225  0.76  6.9513e-310
2529 11788 3  0.510048  0.709555  0.61  6.9513e-310
from 3 to 4 matchnode 2529

2529 894 2  0.5396  0.83  0.533333  1.23616e-311
2529 2949 3  0.5467  0.640528  0.565  1.23616e-311
edge_match: 
from 4 to 1 matchnode 894

894 2305 3  0.606832  0.88445  0.7675  9.88131e-324
from 4 to 2 matchnode 894

894 2519 3  0.720322  0.680316  0.7225  1.23616e-311
894 11788 3  0.586365  0.7315  0.6975  1.23616e-311
from 4 to 3 matchnode 894

894 879 3  0.780947  0.593782  0.785  1.23616e-311
894 2529 3  0.820911  0.606816  0.79  1.23616e-311
from 4 to 1 matchnode 2949

2949 2305 3  0.52272  0.56056  0.62  9.88131e-324
from 4 to 2 matchnode 2949

2949 2519 3  0.6909  0.795522  0.675  1.23616e-311
2949 11788 3  0.8742  0.72  0.605  1.23616e-311
from 4 to 3 matchnode 2949

2949 879 3  0.56595  0.72709  0.69  1.23616e-311
2949 2529 3  0.557568  0.64944  0.54  1.23616e-311

pattern answer5:
vertex1: 节点个数 1
5178 1 0.92
vertex2: 节点个数 2
2503 2 0.89
5710 2 0.77
vertex3: 节点个数 2
879 3 0.71
2820 3 0.53
vertex4: 节点个数 2
2949 4 0.53
5520 4 0.6
edge_match: 
from 1 to 2 matchnode 5178

5178 2503 2  0.6561  0.6956  0.71  1.2362e-311
5178 5710 3  0.5874  0.502928  0.7925  1.2362e-311
from 1 to 3 matchnode 5178

5178 879 3  0.7938  0.54096  0.6675  1.2362e-311
5178 2820 3  0.7144  0.584496  0.715  1.2362e-311
from 1 to 4 matchnode 5178

5178 2949 3  0.6318  0.63112  0.6225  1.97626e-323
5178 5520 3  0.57728  0.50949  0.85  1.97626e-323
edge_match: 
from 2 to 1 matchnode 2503

2503 5178 3  0.567375  0.629052  0.555  1.97626e-323
from 2 to 3 matchnode 2503

2503 879 3  0.664785  0.712448  0.72  6.9513e-310
2503 2820 2  0.8096  0.7742  0.553333  6.9513e-310
from 2 to 4 matchnode 2503

2503 2949 3  0.52976  0.569088  0.775  1.23616e-311
2503 5520 3  0.633888  0.561412  0.69  1.23616e-311
from 2 to 1 matchnode 5710

5710 5178 3  0.61642  0.688896  0.86  1.97626e-323
from 2 to 3 matchnode 5710

5710 879 2  0.784  0.792  0.77  6.9513e-310
5710 2820 2  0.75  0.855  0.543333  6.9513e-310
from 2 to 4 matchnode 5710

5710 2949 3  0.6391  0.54036  0.655  1.23616e-311
5710 5520 2  0.6177  0.5396  0.57  1.23616e-311
edge_match: 
from 3 to 1 matchnode 879

879 5178 3  0.663936  0.710622  0.58  1.97626e-323
from 3 to 2 matchnode 879

879 2503 3  0.66542  0.657272  0.5775  6.9513e-310
879 5710 3  0.54912  0.7452  0.6125  6.9513e-310
from 3 to 4 matchnode 879

879 2949 3  0.68886  0.60372  0.6  1.23616e-311
879 5520 3  0.59856  0.568008  0.665  1.23616e-311
from 3 to 1 matchnode 2820

2820 5178 3  0.667554  0.731808  0.65  1.97626e-323
from 3 to 2 matchnode 2820

2820 2503 3  0.601996  0.5031  0.75  6.9513e-310
2820 5710 3  0.58786  0.559488  0.69  6.9513e-310
from 3 to 4 matchnode 2820

2820 2949 3  0.64449  0.763092  0.6325  1.23616e-311
2820 5520 3  0.634452  0.828234  0.505  1.23616e-311
edge_match: 
from 4 to 1 matchnode 2949

2949 5178 3  0.51243  0.52488  0.67  1.97626e-323
from 4 to 2 matchnode 2949

2949 2503 1  0.91  0.84  0.71  1.23616e-311
2949 5710 3  0.657888  0.7938  0.74  1.23616e-311
from 4 to 3 matchnode 2949

2949 879 3  0.56595  0.72709  0.69  1.23616e-311
2949 2820 3  0.736736  0.650328  0.5475  1.23616e-311
from 4 to 1 matchnode 5520

5520 5178 3  0.5904  0.81168  0.6875  1.97626e-323
from 4 to 2 matchnode 5520

5520 2503 1  0.88  0.91  0.745  1.23616e-311
5520 5710 2  0.756  0.6351  0.59  1.23616e-311
from 4 to 3 matchnode 5520

5520 879 2  0.6873  0.912  0.7  1.23616e-311
5520 2820 3  0.712448  0.704522  0.565  1.23616e-311

pattern answer6:
vertex1: 节点个数 1
5391 1 0.98
vertex2: 节点个数 2
5607 2 0.98
11788 2 0.59
vertex3: 节点个数 2
879 3 0.71
4564 3 0.53
vertex4: 节点个数 2
2949 4 0.53
3074 4 0.91
edge_match: 
from 1 to 2 matchnode 5391

5391 5607 3  0.56376  0.758016  0.805  1.2362e-311
5391 11788 3  0.650496  0.7182  0.57  1.2362e-311
from 1 to 3 matchnode 5391

5391 879 3  0.52972  0.514976  0.7925  1.2362e-311
5391 4564 3  0.8265  0.74493  0.5075  1.2362e-311
from 1 to 4 matchnode 5391

5391 2949 3  0.61983  0.500692  0.6375  9.88131e-324
5391 3074 3  0.576  0.576972  0.7275  9.88131e-324
edge_match: 
from 2 to 1 matchnode 5607

5607 5391 3  0.52528  0.537768  0.595  9.88131e-324
from 2 to 3 matchnode 5607

5607 879 2  0.9016  0.5616  0.6  6.9513e-310
5607 4564 3  0.7656  0.78678  0.5075  6.9513e-310
from 2 to 4 matchnode 5607

5607 2949 3  0.60384  0.69687  0.6225  1.23616e-311
5607 3074 3  0.56871  0.6324  0.895  1.2362e-311
from 2 to 1 matchnode 11788

11788 5391 3  0.8051  0.786315  0.575  9.88131e-324
from 2 to 3 matchnode 11788

11788 879 3  0.750974  0.621006  0.6525  6.9513e-310
11788 4564 3  0.803712  0.7905  0.6075  6.9513e-310
from 2 to 4 matchnode 11788

11788 2949 3  0.673374  0.50547  0.645  1.23616e-311
11788 3074 3  0.613008  0.828234  0.755  1.2362e-311
edge_match: 
from 3 to 1 matchnode 879

879 5391 3  0.695826  0.510255  0.7175  9.88131e-324
from 3 to 2 matchnode 879

879 5607 3  0.740692  0.612458  0.57  6.9513e-310
879 11788 3  0.599104  0.828234  0.5825  6.9513e-310
from 3 to 4 matchnode 879

879 2949 3  0.68886  0.60372  0.6  1.23616e-311
879 3074 3  0.648648  0.809622  0.785  1.2362e-311
from 3 to 1 matchnode 4564

4564 5391 3  0.5488  0.569492  0.6  9.88131e-324
from 3 to 2 matchnode 4564

4564 5607 3  0.827022  0.633992  0.5375  6.9513e-310
4564 11788 3  0.52122  0.788998  0.515  6.9513e-310
from 3 to 4 matchnode 4564

4564 2949 3  0.50764  0.68112  0.6375  1.23616e-311
4564 3074 3  0.67158  0.6336  0.705  1.2362e-311
edge_match: 
from 4 to 1 matchnode 2949

2949 5391 3  0.756756  0.5928  0.84  9.88131e-324
from 4 to 2 matchnode 2949

2949 5607 3  0.63063  0.6732  0.6525  1.23616e-311
2949 11788 3  0.8742  0.72  0.605  1.23616e-311
from 4 to 3 matchnode 2949

2949 879 3  0.56595  0.72709  0.69  1.23616e-311
2949 4564 3  0.732648  0.73206  0.68  1.23616e-311
from 4 to 1 matchnode 3074

3074 5391 2  0.5822  0.5346  0.96  9.88131e-324
from 4 to 2 matchnode 3074

3074 5607 3  0.642334  0.555632  0.7675  1.2362e-311
3074 11788 2  0.5278  0.5328  0.776667  1.2362e-311
from 4 to 3 matchnode 3074

3074 879 2  0.728  0.592  0.816667  1.2362e-311
3074 4564 2  0.5187  0.7178  0.756667  1.2362e-311

pattern answer7:
vertex1: 节点个数 1
5581 1 0.87
vertex2: 节点个数 2
2503 2 0.89
4809 2 0.88
vertex3: 节点个数 2
608 3 0.74
879 3 0.71
vertex4: 节点个数 2
2949 4 0.53
6303 4 0.72
edge_match: 
from 1 to 2 matchnode 5581

5581 2503 3  0.73549  0.666792  0.655  1.23507e-311
5581 4809 3  0.64328  0.5796  0.7075  1.23507e-311
from 1 to 3 matchnode 5581

5581 608 3  0.59808  0.6674  0.68  1.2362e-311
5581 879 3  0.766458  0.798336  0.6825  1.2362e-311
from 1 to 4 matchnode 5581

5581 2949 3  0.54978  0.619248  0.78  1.97626e-323
5581 6303 3  0.656115  0.53544  0.545  1.97626e-323
edge_match: 
from 2 to 1 matchnode 2503

2503 5581 2  0.7227  0.8455  0.88  1.97626e-323
from 2 to 3 matchnode 2503

2503 608 3  0.57939  0.622656  0.7725  6.9513e-310
2503 879 3  0.664785  0.712448  0.72  6.9513e-310
from 2 to 4 matchnode 2503

2503 2949 3  0.52976  0.569088  0.775  1.23616e-311
2503 6303 3  0.552  0.601524  0.62  1.23617e-311
from 2 to 1 matchnode 4809

4809 5581 3  0.773388  0.503118  0.86  1.97626e-323
from 2 to 3 matchnode 4809

4809 608 1  0.7  0.6  0.81  6.9513e-310
4809 879 3  0.883568  0.56848  0.7575  6.9513e-310
from 2 to 4 matchnode 4809

4809 2949 3  0.767536  0.51129  0.6125  1.23616e-311
4809 6303 3  0.51688  0.65286  0.6425  1.23617e-311
edge_match: 
from 3 to 1 matchnode 608

608 5581 3  0.52283  0.589498  0.7775  1.97626e-323
from 3 to 2 matchnode 608

608 2503 3  0.5874  0.737748  0.79  6.9513e-310
608 4809 3  0.639576  0.523404  0.75  6.9513e-310
from 3 to 4 matchnode 608

608 2949 3  0.52272  0.539392  0.6075  1.23616e-311
608 6303 3  0.54528  0.646408  0.6475  1.23617e-311
from 3 to 1 matchnode 879

879 5581 2  0.6716  0.5612  0.856667  1.97626e-323
from 3 to 2 matchnode 879

879 2503 3  0.66542  0.657272  0.5775  6.9513e-310
879 4809 3  0.622656  0.636272  0.6675  6.9513e-310
from 3 to 4 matchnode 879

879 2949 3  0.68886  0.60372  0.6  1.23616e-311
879 6303 3  0.649344  0.602952  0.53  1.23617e-311
edge_match: 
from 4 to 1 matchnode 2949

2949 5581 3  0.657657  0.71022  0.7925  1.97626e-323
from 4 to 2 matchnode 2949

2949 2503 1  0.91  0.84  0.71  1.23616e-311
2949 4809 2  0.7372  0.5568  0.783333  1.23616e-311
from 4 to 3 matchnode 2949

2949 608 3  0.500892  0.813006  0.62  1.23616e-311
2949 879 3  0.56595  0.72709  0.69  1.23616e-311
from 4 to 1 matchnode 6303

6303 5581 2  0.6141  0.5576  0.63  1.97626e-323
from 4 to 2 matchnode 6303

6303 2503 2  0.7533  0.8648  0.643333  1.2362e-311
6303 4809 3  0.752  0.603856  0.79  1.2362e-311
from 4 to 3 matchnode 6303

6303 608 3  0.6732  0.55692  0.5725  1.2362e-311
6303 879 3  0.866016  0.51976  0.65  1.2362e-311

pattern answer8:
vertex1: 节点个数 1
8658 1 0.7
vertex2: 节点个数 2
5156 2 0.73
9854 2 0.92
vertex3: 节点个数 2
608 3 0.74
879 3 0.71
vertex4: 节点个数 2
2949 4 0.53
4709 4 0.7
edge_match: 
from 1 to 2 matchnode 8658

8658 5156 3  0.670972  0.5202  0.585  1.2362e-311
8658 9854 2  0.6675  0.8439  0.72  1.2362e-311
from 1 to 3 matchnode 8658

8658 608 2  0.5625  0.7081  0.66  1.2362e-311
8658 879 3  0.58065  0.725754  0.68  1.2362e-311
from 1 to 4 matchnode 8658

8658 2949 3  0.52065  0.59073  0.6725  9.88131e-324
8658 4709 2  0.7425  0.679  0.646667  9.88131e-324
edge_match: 
from 2 to 1 matchnode 5156

5156 8658 3  0.75854  0.580545  0.6  9.88131e-324
from 2 to 3 matchnode 5156

5156 608 2  0.8036  0.5696  0.726667  6.9513e-310
5156 879 1  0.82  0.89  0.72  6.9513e-310
from 2 to 4 matchnode 5156

5156 2949 3  0.66564  0.523224  0.605  1.23616e-311
5156 4709 3  0.62016  0.55458  0.795  1.23619e-311
from 2 to 1 matchnode 9854

9854 8658 1  0.86  0.89  0.81  9.88131e-324
from 2 to 3 matchnode 9854

9854 608 3  0.52731  0.647976  0.695  6.9513e-310
9854 879 1  0.98  0.6  0.815  6.9513e-310
from 2 to 4 matchnode 9854

9854 2949 1  0.78  0.7  0.725  1.23616e-311
9854 4709 3  0.63855  0.60431  0.715  1.23619e-311
edge_match: 
from 3 to 1 matchnode 608

608 8658 1  0.72  0.91  0.72  9.88131e-324
from 3 to 2 matchnode 608

608 5156 3  0.663834  0.941094  0.7125  6.9513e-310
608 9854 2  0.8924  0.5355  0.663333  6.9513e-310
from 3 to 4 matchnode 608

608 2949 3  0.52272  0.539392  0.6075  1.23616e-311
608 4709 3  0.5346  0.61789  0.67  1.2362e-311
from 3 to 1 matchnode 879

879 8658 3  0.855855  0.620136  0.7325  9.88131e-324
from 3 to 2 matchnode 879

879 5156 2  0.9604  0.5372  0.75  6.9513e-310
879 9854 3  0.514865  0.77517  0.7825  6.9513e-310
from 3 to 4 matchnode 879

879 2949 3  0.68886  0.60372  0.6  1.23616e-311
879 4709 3  0.572715  0.6237  0.7275  1.2362e-311
edge_match: 
from 4 to 1 matchnode 2949

2949 8658 2  0.504  0.5369  0.656667  9.88131e-324
from 4 to 2 matchnode 2949

2949 5156 2  0.75  0.7644  0.66  1.23616e-311
2949 9854 3  0.681384  0.50112  0.5475  1.23616e-311
from 4 to 3 matchnode 2949

2949 608 3  0.500892  0.813006  0.62  1.23616e-311
2949 879 3  0.56595  0.72709  0.69  1.23616e-311
from 4 to 1 matchnode 4709

4709 8658 2  0.6942  0.6318  0.633333  9.88131e-324
from 4 to 2 matchnode 4709

4709 5156 2  0.7832  0.97  0.643333  1.2362e-311
4709 9854 3  0.711822  0.720099  0.5625  1.2362e-311
from 4 to 3 matchnode 4709

4709 608 3  0.52688  0.568032  0.6625  1.2362e-311
4709 879 3  0.642224  0.8633  0.66  1.2362e-311

pattern answer9:
vertex1: 节点个数 1
9751 1 0.98
vertex2: 节点个数 2
2519 2 0.65
6350 2 0.71
vertex3: 节点个数 2
879 3 0.71
4564 3 0.53
vertex4: 节点个数 2
2949 4 0.53
5520 4 0.6
edge_match: 
from 1 to 2 matchnode 9751

9751 2519 3  0.54285  0.683271  0.77  1.2362e-311
9751 6350 3  0.569088  0.616308  0.6475  1.2362e-311
from 1 to 3 matchnode 9751

9751 879 2  0.7938  0.7138  0.82  1.2362e-311
9751 4564 3  0.865536  0.530453  0.74  1.2362e-311
from 1 to 4 matchnode 9751

9751 2949 2  0.7392  0.57  0.833333  1.97626e-323
9751 5520 3  0.51264  0.63072  0.7575  1.97626e-323
edge_match: 
from 2 to 1 matchnode 2519

2519 9751 3  0.508776  0.634452  0.615  1.97626e-323
from 2 to 3 matchnode 2519

2519 879 2  0.873  0.6132  0.786667  6.9513e-310
2519 4564 2  0.534  0.7448  0.526667  6.9513e-310
from 2 to 4 matchnode 2519

2519 2949 3  0.88209  0.534576  0.51  1.23616e-311
2519 5520 3  0.611697  0.748992  0.515  1.23616e-311
from 2 to 1 matchnode 6350

6350 9751 3  0.515712  0.522522  0.75  1.97626e-323
from 2 to 3 matchnode 6350

6350 879 3  0.73696  0.72864  0.755  6.9513e-310
6350 4564 3  0.525084  0.883476  0.71  6.9513e-310
from 2 to 4 matchnode 6350

6350 2949 3  0.710622  0.64328  0.6525  1.23616e-311
6350 5520 3  0.884352  0.694617  0.515  1.23616e-311
edge_match: 
from 3 to 1 matchnode 879

879 9751 2  0.6528  0.5538  0.82  1.97626e-323
from 3 to 2 matchnode 879

879 2519 3  0.857092  0.591945  0.765  6.9513e-310
879 6350 3  0.686565  0.541233  0.705  6.9513e-310
from 3 to 4 matchnode 879

879 2949 3  0.68886  0.60372  0.6  1.23616e-311
879 5520 3  0.59856  0.568008  0.665  1.23616e-311
from 3 to 1 matchnode 4564

4564 9751 3  0.511434  0.551369  0.6925  1.97626e-323
from 3 to 2 matchnode 4564

4564 2519 3  0.57939  0.667212  0.645  6.9513e-310
4564 6350 3  0.77273  0.66048  0.5925  6.9513e-310
from 3 to 4 matchnode 4564

4564 2949 3  0.50764  0.68112  0.6375  1.23616e-311
4564 5520 3  0.578592  0.817  0.5825  1.23616e-311
edge_match: 
from 4 to 1 matchnode 2949

2949 9751 2  0.7614  0.747  0.656667  1.97626e-323
from 4 to 2 matchnode 2949

2949 2519 3  0.6909  0.795522  0.675  1.23616e-311
2949 6350 3  0.558888  0.52272  0.5425  1.23616e-311
from 4 to 3 matchnode 2949

2949 879 3  0.56595  0.72709  0.69  1.23616e-311
2949 4564 3  0.732648  0.73206  0.68  1.23616e-311
from 4 to 1 matchnode 5520

5520 9751 3  0.634392  0.672945  0.845  1.97626e-323
from 4 to 2 matchnode 5520

5520 2519 3  0.63984  0.51119  0.55  1.23616e-311
5520 6350 2  0.5187  0.8366  0.636667  1.23616e-311
from 4 to 3 matchnode 5520

5520 879 2  0.6873  0.912  0.7  1.23616e-311
5520 4564 2  0.8272  0.5642  0.673333  1.23616e-311

pattern answer10:
vertex1: 节点个数 1
10174 1 0.84
vertex2: 节点个数 2
2503 2 0.89
4809 2 0.88
vertex3: 节点个数 2
608 3 0.74
879 3 0.71
vertex4: 节点个数 2
2949 4 0.53
5520 4 0.6
edge_match: 
from 1 to 2 matchnode 10174

10174 2503 3  0.56658  0.755384  0.5275  1.23507e-311
10174 4809 3  0.79299  0.634926  0.6925  1.23507e-311
from 1 to 3 matchnode 10174

10174 608 3  0.8379  0.662112  0.7575  1.2362e-311
10174 879 3  0.80997  0.592416  0.75  1.2362e-311
from 1 to 4 matchnode 10174

10174 2949 2  0.5106  0.5952  0.613333  1.97626e-323
10174 5520 3  0.5859  0.619262  0.625  1.97626e-323
edge_match: 
from 2 to 1 matchnode 2503

2503 10174 3  0.76912  0.603876  0.625  1.97626e-323
from 2 to 3 matchnode 2503

2503 608 3  0.57939  0.622656  0.7725  6.9513e-310
2503 879 3  0.664785  0.712448  0.72  6.9513e-310
from 2 to 4 matchnode 2503

2503 2949 3  0.52976  0.569088  0.775  1.23616e-311
2503 5520 3  0.633888  0.561412  0.69  1.23616e-311
from 2 to 1 matchnode 4809

4809 10174 3  0.710148  0.61523  0.8225  1.97626e-323
from 2 to 3 matchnode 4809

4809 608 1  0.7  0.6  0.81  6.9513e-310
4809 879 3  0.883568  0.56848  0.7575  6.9513e-310
from 2 to 4 matchnode 4809

4809 2949 3  0.767536  0.51129  0.6125  1.23616e-311
4809 5520 3  0.692874  0.731768  0.6675  1.23616e-311
edge_match: 
from 3 to 1 matchnode 608

608 10174 3  0.578952  0.56056  0.8075  1.97626e-323
from 3 to 2 matchnode 608

608 2503 3  0.5874  0.737748  0.79  6.9513e-310
608 4809 3  0.639576  0.523404  0.75  6.9513e-310
from 3 to 4 matchnode 608

608 2949 3  0.52272  0.539392  0.6075  1.23616e-311
608 5520 3  0.811008  0.52234  0.79  1.23616e-311
from 3 to 1 matchnode 879

879 10174 3  0.502835  0.79002  0.7325  1.97626e-323
from 3 to 2 matchnode 879

879 2503 3  0.66542  0.657272  0.5775  6.9513e-310
879 4809 3  0.622656  0.636272  0.6675  6.9513e-310
from 3 to 4 matchnode 879

879 2949 3  0.68886  0.60372  0.6  1.23616e-311
879 5520 3  0.59856  0.568008  0.665  1.23616e-311
edge_match: 
from 4 to 1 matchnode 2949

2949 10174 2  0.6768  0.6586  0.763333  1.97626e-323
from 4 to 2 matchnode 2949

2949 2503 1  0.91  0.84  0.71  1.23616e-311
2949 4809 2  0.7372  0.5568  0.783333  1.23616e-311
from 4 to 3 matchnode 2949

2949 608 3  0.500892  0.813006  0.62  1.23616e-311
2949 879 3  0.56595  0.72709  0.69  1.23616e-311
from 4 to 1 matchnode 5520

5520 10174 3  0.64239  0.6783  0.7725  1.97626e-323
from 4 to 2 matchnode 5520

5520 2503 1  0.88  0.91  0.745  1.23616e-311
5520 4809 3  0.875328  0.601312  0.64  1.23616e-311
from 4 to 3 matchnode 5520

5520 608 3  0.673554  0.58368  0.71  1.23616e-311
5520 879 2  0.6873  0.912  0.7  1.23616e-311

