pattern answer1:
vertex1: 节点个数 1
138 1 0.88
vertex2: 节点个数 2
335 2 0.57
5710 2 0.77
vertex3: 节点个数 2
1192 3 0.99
2820 3 0.53
vertex4: 节点个数 2
111 4 0.8
1038 4 0.68
edge_match: 
from 1 to 3 matchnode 138

138 1192 3  0.76734  0.749112  0.87  1.97626e-323
138 2820 3  0.547584  0.5148  0.5025  1.97626e-323
edge_match: 
from 2 to 4 matchnode 335

335 111 3  0.5508  0.58464  0.6075  6.95162e-310
335 1038 3  0.607425  0.5568  0.545  6.95162e-310
from 2 to 4 matchnode 5710

5710 111 3  0.553112  0.749331  0.75  6.95162e-310
5710 1038 3  0.679272  0.60264  0.5525  6.95162e-310
edge_match: 
from 3 to 1 matchnode 1192

1192 138 3  0.625968  0.53382  0.785  1.97626e-323
from 3 to 1 matchnode 2820

2820 138 2  0.6156  0.693  0.566667  1.97626e-323
edge_match: 
from 4 to 1 matchnode 111

111 138 2  0.7371  0.511  0.656667  1.97626e-323
from 4 to 1 matchnode 1038

1038 138 3  0.53754  0.862488  0.8  1.97626e-323

pattern answer2:
vertex1: 节点个数 1
324 1 0.98
vertex2: 节点个数 2
2519 2 0.65
4809 2 0.88
vertex3: 节点个数 2
608 3 0.74
879 3 0.71
vertex4: 节点个数 2
662 4 0.53
894 4 0.72
edge_match: 
from 1 to 3 matchnode 324

324 608 2  0.8613  0.799  0.776667  1.97626e-323
324 879 1  0.75  0.86  0.845  1.97626e-323
edge_match: 
from 2 to 4 matchnode 2519

2519 662 3  0.67068  0.568032  0.6875  6.95162e-310
2519 894 3  0.531432  0.656964  0.54  6.95162e-310
from 2 to 4 matchnode 4809

4809 662 3  0.827904  0.58497  0.6375  6.95162e-310
4809 894 3  0.605346  0.7144  0.58  6.95162e-310
edge_match: 
from 3 to 1 matchnode 608

608 324 3  0.746496  0.755384  0.885  1.97626e-323
from 3 to 1 matchnode 879

879 324 3  0.77418  0.678132  0.835  1.97626e-323
edge_match: 
from 4 to 1 matchnode 662

662 324 2  0.5964  0.5141  0.56  1.97626e-323
from 4 to 1 matchnode 894

894 324 3  0.606832  0.82859  0.7825  1.97626e-323

pattern answer3:
vertex1: 节点个数 1
348 1 0.6
vertex2: 节点个数 2
2196 2 0.6
2519 2 0.65
vertex3: 节点个数 2
608 3 0.74
879 3 0.71
vertex4: 节点个数 2
111 4 0.8
540 4 0.96
edge_match: 
from 1 to 3 matchnode 348

348 608 3  0.635816  0.735174  0.5725  9.60756e-312
348 879 3  0.59808  0.545722  0.6675  9.60756e-312
edge_match: 
from 2 to 4 matchnode 2196

2196 111 1  0.68  0.87  0.7  6.95162e-310
2196 540 3  0.507788  0.671832  0.8375  9.60756e-312
from 2 to 4 matchnode 2519

2519 111 3  0.59926  0.56406  0.6  6.95162e-310
2519 540 2  0.5005  0.7544  0.82  9.60756e-312
edge_match: 
from 3 to 1 matchnode 608

608 348 3  0.777504  0.727748  0.585  9.60756e-312
from 3 to 1 matchnode 879

879 348 3  0.639821  0.64296  0.555  9.60756e-312
edge_match: 
from 4 to 1 matchnode 111

111 348 3  0.813483  0.5292  0.615  9.60756e-312
from 4 to 1 matchnode 540

540 348 3  0.503644  0.52164  0.65  9.60756e-312

pattern answer4:
vertex1: 节点个数 1
712 1 0.78
vertex2: 节点个数 2
3140 2 0.62
5710 2 0.77
vertex3: 节点个数 2
879 3 0.71
2820 3 0.53
vertex4: 节点个数 2
111 4 0.8
523 4 1
edge_match: 
from 1 to 3 matchnode 712

712 879 3  0.77469  0.728376  0.7125  1.97626e-323
712 2820 3  0.57624  0.52272  0.71  1.97626e-323
edge_match: 
from 2 to 4 matchnode 3140

3140 111 3  0.662888  0.692664  0.51  6.95162e-310
3140 523 2  0.6512  0.5369  0.603333  9.60756e-312
from 2 to 4 matchnode 5710

5710 111 3  0.553112  0.749331  0.75  6.95162e-310
5710 523 3  0.738234  0.578411  0.6225  9.60756e-312
edge_match: 
from 3 to 1 matchnode 879

879 712 2  0.6432  0.7029  0.603333  1.97626e-323
from 3 to 1 matchnode 2820

2820 712 3  0.76896  0.8712  0.65  1.97626e-323
edge_match: 
from 4 to 1 matchnode 111

111 712 3  0.715392  0.556974  0.63  1.97626e-323
from 4 to 1 matchnode 523

523 712 2  0.5856  0.8019  0.7  1.97626e-323

pattern answer5:
vertex1: 节点个数 1
1226 1 0.64
vertex2: 节点个数 2
335 2 0.57
2519 2 0.65
vertex3: 节点个数 2
616 3 0.82
1192 3 0.99
vertex4: 节点个数 2
111 4 0.8
215 4 0.84
edge_match: 
from 1 to 3 matchnode 1226

1226 616 2  0.882  0.783  0.693333  0
1226 1192 3  0.57768  0.679679  0.55  0
edge_match: 
from 2 to 4 matchnode 335

335 111 3  0.5508  0.58464  0.6075  6.95162e-310
335 215 3  0.748992  0.582528  0.6275  9.60756e-312
from 2 to 4 matchnode 2519

2519 111 3  0.59926  0.56406  0.6  6.95162e-310
2519 215 3  0.52041  0.750092  0.7425  9.60756e-312
edge_match: 
from 3 to 1 matchnode 616

616 1226 3  0.5439  0.6732  0.695  0
from 3 to 1 matchnode 1192

1192 1226 3  0.609168  0.8613  0.7375  0
edge_match: 
from 4 to 1 matchnode 111

111 1226 3  0.587412  0.9603  0.69  0
from 4 to 1 matchnode 215

215 1226 3  0.600732  0.573705  0.545  0

pattern answer6:
vertex1: 节点个数 1
1312 1 0.53
vertex2: 节点个数 2
2196 2 0.6
2503 2 0.89
vertex3: 节点个数 2
608 3 0.74
6294 3 0.66
vertex4: 节点个数 2
1706 4 0.99
5520 4 0.6
edge_match: 
from 1 to 3 matchnode 1312

1312 608 3  0.513421  0.627  0.7225  0
1312 6294 1  0.75  0.97  0.595  0
edge_match: 
from 2 to 4 matchnode 2196

2196 1706 3  0.622398  0.761024  0.8  6.95162e-310
2196 5520 3  0.57086  0.616358  0.6475  9.60756e-312
from 2 to 4 matchnode 2503

2503 1706 3  0.5208  0.62928  0.835  6.95162e-310
2503 5520 3  0.633888  0.561412  0.69  9.60756e-312
edge_match: 
from 3 to 1 matchnode 608

608 1312 3  0.545237  0.533232  0.6025  0
from 3 to 1 matchnode 6294

6294 1312 1  0.5  0.55  0.595  0
edge_match: 
from 4 to 1 matchnode 1706

1706 1312 3  0.672672  0.61013  0.73  0
from 4 to 1 matchnode 5520

5520 1312 2  0.7644  0.8245  0.643333  0

pattern answer7:
vertex1: 节点个数 1
1376 1 0.72
vertex2: 节点个数 2
2196 2 0.6
2519 2 0.65
vertex3: 节点个数 2
879 3 0.71
3457 3 0.66
vertex4: 节点个数 2
111 4 0.8
540 4 0.96
edge_match: 
from 1 to 3 matchnode 1376

1376 879 3  0.595232  0.63308  0.59  1.97626e-323
1376 3457 3  0.717948  0.53253  0.5875  1.97626e-323
edge_match: 
from 2 to 4 matchnode 2196

2196 111 1  0.68  0.87  0.7  6.95162e-310
2196 540 3  0.507788  0.671832  0.8375  9.60756e-312
from 2 to 4 matchnode 2519

2519 111 3  0.59926  0.56406  0.6  6.95162e-310
2519 540 2  0.5005  0.7544  0.82  9.60756e-312
edge_match: 
from 3 to 1 matchnode 879

879 1376 3  0.682007  0.65664  0.585  1.97626e-323
from 3 to 1 matchnode 3457

3457 1376 3  0.543348  0.616869  0.76  1.97626e-323
edge_match: 
from 4 to 1 matchnode 111

111 1376 3  0.555984  0.854667  0.7775  1.97626e-323
from 4 to 1 matchnode 540

540 1376 3  0.620412  0.60066  0.8025  1.97626e-323

pattern answer8:
vertex1: 节点个数 1
1632 1 0.77
vertex2: 节点个数 2
2985 2 0.85
3374 2 0.81
vertex3: 节点个数 2
608 3 0.74
879 3 0.71
vertex4: 节点个数 2
267 4 0.59
882 4 0.66
edge_match: 
from 1 to 3 matchnode 1632

1632 608 2  0.9604  0.5504  0.74  9.60756e-312
1632 879 1  0.98  0.86  0.74  9.60756e-312
edge_match: 
from 2 to 4 matchnode 2985

2985 267 2  0.54  0.6732  0.776667  6.95162e-310
2985 882 3  0.56457  0.5643  0.5975  6.95162e-310
from 2 to 4 matchnode 3374

3374 267 2  0.63  0.578  0.763333  6.95162e-310
3374 882 3  0.6345  0.501492  0.71  6.95162e-310
edge_match: 
from 3 to 1 matchnode 608

608 1632 3  0.9024  0.61642  0.765  9.60756e-312
from 3 to 1 matchnode 879

879 1632 1  0.96  0.71  0.74  9.60756e-312
edge_match: 
from 4 to 1 matchnode 267

267 1632 3  0.66123  0.643104  0.655  9.60756e-312
from 4 to 1 matchnode 882

882 1632 2  0.8428  0.8372  0.506667  9.60756e-312

pattern answer9:
vertex1: 节点个数 1
1648 1 0.67
vertex2: 节点个数 2
2196 2 0.6
4793 2 0.76
vertex3: 节点个数 2
2235 3 0.63
8561 3 0.76
vertex4: 节点个数 2
111 4 0.8
1177 4 0.65
edge_match: 
from 1 to 3 matchnode 1648

1648 2235 3  0.50808  0.783783  0.655  9.60756e-312
1648 8561 3  0.636706  0.507123  0.685  9.60756e-312
edge_match: 
from 2 to 4 matchnode 2196

2196 111 1  0.68  0.87  0.7  6.95162e-310
2196 1177 3  0.52326  0.556974  0.6675  9.60756e-312
from 2 to 4 matchnode 4793

4793 111 3  0.619346  0.56745  0.71  6.95162e-310
4793 1177 3  0.81928  0.52668  0.65  9.60756e-312
edge_match: 
from 3 to 1 matchnode 2235

2235 1648 2  0.5589  0.5621  0.64  9.60756e-312
from 3 to 1 matchnode 8561

8561 1648 3  0.50232  0.511511  0.655  9.60756e-312
edge_match: 
from 4 to 1 matchnode 111

111 1648 2  0.5589  0.7469  0.696667  9.60756e-312
from 4 to 1 matchnode 1177

1177 1648 2  0.6831  0.6314  0.646667  9.60756e-312

pattern answer10:
vertex1: 节点个数 1
1716 1 0.56
vertex2: 节点个数 2
2196 2 0.6
2519 2 0.65
vertex3: 节点个数 2
2529 3 0.74
17960 3 0.89
vertex4: 节点个数 2
111 4 0.8
540 4 0.96
edge_match: 
from 1 to 3 matchnode 1716

1716 2529 3  0.56644  0.51744  0.7625  0
1716 17960 2  0.68  0.5159  0.77  0
edge_match: 
from 2 to 4 matchnode 2196

2196 111 1  0.68  0.87  0.7  6.95162e-310
2196 540 3  0.507788  0.671832  0.8375  9.60756e-312
from 2 to 4 matchnode 2519

2519 111 3  0.59926  0.56406  0.6  6.95162e-310
2519 540 2  0.5005  0.7544  0.82  9.60756e-312
edge_match: 
from 3 to 1 matchnode 2529

2529 1716 3  0.646464  0.846  0.5275  0
from 3 to 1 matchnode 17960

17960 1716 3  0.648648  0.6273  0.6275  0
edge_match: 
from 4 to 1 matchnode 111

111 1716 3  0.891891  0.756  0.605  0
from 4 to 1 matchnode 540

540 1716 3  0.552188  0.7452  0.64  0

pattern answer11:
vertex1: 节点个数 1
1811 1 0.67
vertex2: 节点个数 2
2985 2 0.85
4794 2 0.76
vertex3: 节点个数 2
608 3 0.74
879 3 0.71
vertex4: 节点个数 2
111 4 0.8
267 4 0.59
edge_match: 
from 1 to 3 matchnode 1811

1811 608 3  0.523392  0.53088  0.685  1.97626e-323
1811 879 2  0.9215  0.5913  0.793333  1.97626e-323
edge_match: 
from 2 to 4 matchnode 2985

2985 111 2  0.8836  0.5168  0.56  6.95162e-310
2985 267 2  0.54  0.6732  0.776667  6.95162e-310
from 2 to 4 matchnode 4794

4794 111 3  0.615342  0.65637  0.645  6.95162e-310
4794 267 3  0.660114  0.617463  0.6725  6.95162e-310
edge_match: 
from 3 to 1 matchnode 608

608 1811 2  0.8051  0.8835  0.69  1.97626e-323
from 3 to 1 matchnode 879

879 1811 3  0.75854  0.79534  0.7575  1.97626e-323
edge_match: 
from 4 to 1 matchnode 111

111 1811 3  0.60507  0.676575  0.76  1.97626e-323
from 4 to 1 matchnode 267

267 1811 3  0.63945  0.51243  0.5425  1.97626e-323

pattern answer12:
vertex1: 节点个数 1
2035 1 0.91
vertex2: 节点个数 2
1129 2 0.63
2503 2 0.89
vertex3: 节点个数 2
879 3 0.71
3457 3 0.66
vertex4: 节点个数 2
4709 4 0.7
5520 4 0.6
edge_match: 
from 1 to 3 matchnode 2035

2035 879 1  0.89  0.77  0.81  0
2035 3457 3  0.52955  0.551397  0.585  0
edge_match: 
from 2 to 4 matchnode 1129

1129 4709 3  0.50922  0.512818  0.535  6.95162e-310
1129 5520 3  0.50388  0.9207  0.54  9.60756e-312
from 2 to 4 matchnode 2503

2503 4709 3  0.692064  0.66555  0.87  6.95162e-310
2503 5520 3  0.633888  0.561412  0.69  9.60756e-312
edge_match: 
from 3 to 1 matchnode 879

879 2035 3  0.5568  0.642978  0.74  0
from 3 to 1 matchnode 3457

3457 2035 2  0.602  0.5925  0.6  0
edge_match: 
from 4 to 1 matchnode 4709

4709 2035 3  0.572715  0.51192  0.775  0
from 4 to 1 matchnode 5520

5520 2035 2  0.664  0.5022  0.67  0

pattern answer13:
vertex1: 节点个数 1
2139 1 0.94
vertex2: 节点个数 2
4794 2 0.76
7629 2 0.51
vertex3: 节点个数 2
3457 3 0.66
5268 3 0.56
vertex4: 节点个数 2
111 4 0.8
1130 4 0.88
edge_match: 
from 1 to 3 matchnode 2139

2139 3457 3  0.576384  0.818235  0.5725  9.60756e-312
2139 5268 3  0.6048  0.570024  0.5025  9.60756e-312
edge_match: 
from 2 to 4 matchnode 4794

4794 111 3  0.615342  0.65637  0.645  6.95162e-310
4794 1130 3  0.638664  0.575424  0.8075  9.60756e-312
from 2 to 4 matchnode 7629

7629 111 2  0.8918  0.513  0.503333  6.95162e-310
7629 1130 3  0.785603  0.5661  0.5725  9.60756e-312
edge_match: 
from 3 to 1 matchnode 3457

3457 2139 3  0.541824  0.78498  0.785  9.60756e-312
from 3 to 1 matchnode 5268

5268 2139 2  0.5916  0.5292  0.75  9.60756e-312
edge_match: 
from 4 to 1 matchnode 111

111 2139 3  0.514188  0.528844  0.67  9.60756e-312
from 4 to 1 matchnode 1130

1130 2139 3  0.532611  0.632996  0.5975  9.60756e-312

pattern answer14:
vertex1: 节点个数 1
2305 1 0.92
vertex2: 节点个数 2
2985 2 0.85
4794 2 0.76
vertex3: 节点个数 2
608 3 0.74
879 3 0.71
vertex4: 节点个数 2
111 4 0.8
267 4 0.59
edge_match: 
from 1 to 3 matchnode 2305

2305 608 3  0.73692  0.523488  0.7875  9.60756e-312
2305 879 3  0.582582  0.660914  0.77  9.60756e-312
edge_match: 
from 2 to 4 matchnode 2985

2985 111 2  0.8836  0.5168  0.56  6.95162e-310
2985 267 2  0.54  0.6732  0.776667  6.95162e-310
from 2 to 4 matchnode 4794

4794 111 3  0.615342  0.65637  0.645  6.95162e-310
4794 267 3  0.660114  0.617463  0.6725  6.95162e-310
edge_match: 
from 3 to 1 matchnode 608

608 2305 2  0.6144  0.8232  0.85  9.60756e-312
from 3 to 1 matchnode 879

879 2305 2  0.6603  0.8075  0.593333  9.60756e-312
edge_match: 
from 4 to 1 matchnode 111

111 2305 3  0.536382  0.67221  0.825  9.60756e-312
from 4 to 1 matchnode 267

267 2305 3  0.52136  0.51678  0.62  9.60756e-312

pattern answer15:
vertex1: 节点个数 1
2848 1 0.81
vertex2: 节点个数 2
335 2 0.57
2519 2 0.65
vertex3: 节点个数 2
879 3 0.71
1469 3 0.99
vertex4: 节点个数 2
111 4 0.8
2182 4 0.85
edge_match: 
from 1 to 3 matchnode 2848

2848 879 3  0.5453  0.653883  0.8025  1.4822e-323
2848 1469 3  0.578178  0.515328  0.7925  1.4822e-323
edge_match: 
from 2 to 4 matchnode 335

335 111 3  0.5508  0.58464  0.6075  6.95162e-310
335 2182 3  0.676284  0.618375  0.51  9.60756e-312
from 2 to 4 matchnode 2519

2519 111 3  0.59926  0.56406  0.6  6.95162e-310
2519 2182 3  0.72819  0.564898  0.5225  9.60756e-312
edge_match: 
from 3 to 1 matchnode 879

879 2848 2  0.6365  0.6035  0.73  1.4822e-323
from 3 to 1 matchnode 1469

1469 2848 2  0.7872  0.7857  0.843333  1.4822e-323
edge_match: 
from 4 to 1 matchnode 111

111 2848 3  0.518245  0.61758  0.5675  1.4822e-323
from 4 to 1 matchnode 2182

2182 2848 3  0.5238  0.594  0.6325  1.4822e-323

pattern answer16:
vertex1: 节点个数 1
2879 1 0.51
vertex2: 节点个数 2
2985 2 0.85
4794 2 0.76
vertex3: 节点个数 2
177 3 0.83
608 3 0.74
vertex4: 节点个数 2
111 4 0.8
267 4 0.59
edge_match: 
from 1 to 3 matchnode 2879

2879 177 3  0.52272  0.587312  0.605  9.60756e-312
2879 608 3  0.803136  0.610906  0.69  9.60756e-312
edge_match: 
from 2 to 4 matchnode 2985

2985 111 2  0.8836  0.5168  0.56  6.95162e-310
2985 267 2  0.54  0.6732  0.776667  6.95162e-310
from 2 to 4 matchnode 4794

4794 111 3  0.615342  0.65637  0.645  6.95162e-310
4794 267 3  0.660114  0.617463  0.6725  6.95162e-310
edge_match: 
from 3 to 1 matchnode 177

177 2879 3  0.74304  0.5626  0.745  9.60756e-312
from 3 to 1 matchnode 608

608 2879 3  0.612794  0.527868  0.5925  9.60756e-312
edge_match: 
from 4 to 1 matchnode 111

111 2879 3  0.631962  0.693938  0.575  9.60756e-312
from 4 to 1 matchnode 267

267 2879 3  0.649152  0.5719  0.7475  9.60756e-312

pattern answer17:
vertex1: 节点个数 1
2955 1 0.65
vertex2: 节点个数 2
2503 2 0.89
5607 2 0.98
vertex3: 节点个数 2
2820 3 0.53
5961 3 0.97
vertex4: 节点个数 2
2949 4 0.53
2999 4 0.84
edge_match: 
from 1 to 3 matchnode 2955

2955 2820 3  0.69936  0.625048  0.5725  9.60756e-312
2955 5961 3  0.60458  0.557568  0.68  9.60756e-312
edge_match: 
from 2 to 4 matchnode 2503

2503 2949 3  0.52976  0.569088  0.775  6.95162e-310
2503 2999 3  0.538002  0.666072  0.88  6.95162e-310
from 2 to 4 matchnode 5607

5607 2949 3  0.60384  0.69687  0.6225  6.95162e-310
5607 2999 3  0.642224  0.621528  0.6975  6.95162e-310
edge_match: 
from 3 to 1 matchnode 2820

2820 2955 1  0.82  0.55  0.59  9.60756e-312
from 3 to 1 matchnode 5961

5961 2955 3  0.621576  0.503595  0.805  9.60756e-312
edge_match: 
from 4 to 1 matchnode 2949

2949 2955 3  0.56457  0.792232  0.5275  9.60756e-312
from 4 to 1 matchnode 2999

2999 2955 2  0.5192  0.5742  0.793333  9.60756e-312

pattern answer18:
vertex1: 节点个数 1
2989 1 0.78
vertex2: 节点个数 2
5710 2 0.77
8654 2 0.84
vertex3: 节点个数 2
879 3 0.71
3457 3 0.66
vertex4: 节点个数 2
111 4 0.8
6119 4 1
edge_match: 
from 1 to 3 matchnode 2989

2989 879 3  0.54194  0.6192  0.6075  9.60756e-312
2989 3457 3  0.50008  0.7857  0.615  9.60756e-312
edge_match: 
from 2 to 4 matchnode 5710

5710 111 3  0.553112  0.749331  0.75  6.95162e-310
5710 6119 3  0.569184  0.633798  0.72  9.60756e-312
from 2 to 4 matchnode 8654

8654 111 3  0.720322  0.5548  0.55  6.95162e-310
8654 6119 3  0.555291  0.648  0.705  9.60756e-312
edge_match: 
from 3 to 1 matchnode 879

879 2989 3  0.510692  0.55476  0.785  9.60756e-312
from 3 to 1 matchnode 3457

3457 2989 3  0.53802  0.548328  0.6175  9.60756e-312
edge_match: 
from 4 to 1 matchnode 111

111 2989 2  0.6643  0.7154  0.623333  9.60756e-312
from 4 to 1 matchnode 6119

6119 2989 3  0.54093  0.77469  0.535  9.60756e-312

pattern answer19:
vertex1: 节点个数 1
3028 1 0.91
vertex2: 节点个数 2
850 2 0.75
2073 2 0.92
vertex3: 节点个数 2
3689 3 0.98
4564 3 0.53
vertex4: 节点个数 2
662 4 0.53
2949 4 0.53
edge_match: 
from 1 to 3 matchnode 3028

3028 3689 2  0.846  0.5684  0.873333  9.60756e-312
3028 4564 3  0.810656  0.747348  0.6025  9.60756e-312
edge_match: 
from 2 to 4 matchnode 850

850 662 2  0.574  0.6231  0.633333  6.95162e-310
850 2949 3  0.6048  0.59241  0.525  6.95162e-310
from 2 to 4 matchnode 2073

2073 662 2  0.6478  0.5762  0.69  6.95162e-310
2073 2949 3  0.68256  0.54782  0.5675  6.95162e-310
edge_match: 
from 3 to 1 matchnode 3689

3689 3028 3  0.61101  0.628749  0.8325  9.60756e-312
from 3 to 1 matchnode 4564

4564 3028 3  0.66123  0.564282  0.655  9.60756e-312
edge_match: 
from 4 to 1 matchnode 662

662 3028 3  0.66123  0.528264  0.655  9.60756e-312
from 4 to 1 matchnode 2949

2949 3028 3  0.60078  0.696348  0.55  9.60756e-312

pattern answer20:
vertex1: 节点个数 1
3278 1 0.98
vertex2: 节点个数 2
2147 2 0.99
10093 2 0.68
vertex3: 节点个数 2
879 3 0.71
4564 3 0.53
vertex4: 节点个数 2
267 4 0.59
1177 4 0.65
edge_match: 
from 1 to 3 matchnode 3278

3278 879 2  0.8036  0.5418  0.82  1.97626e-323
3278 4564 3  0.57915  0.753296  0.645  1.97626e-323
edge_match: 
from 2 to 4 matchnode 2147

2147 267 2  0.79  0.5025  0.616667  6.95162e-310
2147 1177 3  0.69654  0.522192  0.7025  9.60756e-312
from 2 to 4 matchnode 10093

10093 267 3  0.78408  0.53222  0.66  6.95162e-310
10093 1177 3  0.81263  0.6072  0.685  9.60756e-312
edge_match: 
from 3 to 1 matchnode 879

879 3278 3  0.50184  0.59568  0.76  1.97626e-323
from 3 to 1 matchnode 4564

4564 3278 3  0.633604  0.672111  0.6  1.97626e-323
edge_match: 
from 4 to 1 matchnode 267

267 3278 3  0.600873  0.724185  0.7875  1.97626e-323
from 4 to 1 matchnode 1177

1177 3278 3  0.567666  0.506514  0.5725  1.97626e-323

pattern answer21:
vertex1: 节点个数 1
3996 1 0.85
vertex2: 节点个数 2
5710 2 0.77
11788 2 0.59
vertex3: 节点个数 2
879 3 0.71
6294 3 0.66
vertex4: 节点个数 2
3107 4 0.52
3511 4 0.86
edge_match: 
from 1 to 3 matchnode 3996

3996 879 3  0.520696  0.51264  0.6775  1.97626e-323
3996 6294 2  0.665  0.5546  0.51  1.97626e-323
edge_match: 
from 2 to 4 matchnode 5710

5710 3107 3  0.519498  0.682007  0.5025  6.95162e-310
5710 3511 3  0.960498  0.571725  0.845  6.95162e-310
from 2 to 4 matchnode 11788

11788 3107 3  0.586365  0.764181  0.635  6.95162e-310
11788 3511 3  0.693504  0.537115  0.6225  6.95162e-310
edge_match: 
from 3 to 1 matchnode 879

879 3996 3  0.82764  0.513422  0.6825  1.97626e-323
from 3 to 1 matchnode 6294

6294 3996 3  0.6188  0.689634  0.6025  1.97626e-323
edge_match: 
from 4 to 1 matchnode 3107

3107 3996 2  0.612  0.567  0.643333  1.97626e-323
from 4 to 1 matchnode 3511

3511 3996 3  0.61845  0.704522  0.8175  1.97626e-323

pattern answer22:
vertex1: 节点个数 1
4327 1 0.57
vertex2: 节点个数 2
2985 2 0.85
4794 2 0.76
vertex3: 节点个数 2
8269 3 0.7
14422 3 0.9
vertex4: 节点个数 2
111 4 0.8
267 4 0.59
edge_match: 
from 1 to 3 matchnode 4327

4327 8269 3  0.679604  0.644736  0.5325  1.97626e-323
4327 14422 2  0.576  0.6305  0.583333  1.97626e-323
edge_match: 
from 2 to 4 matchnode 2985

2985 111 2  0.8836  0.5168  0.56  6.95162e-310
2985 267 2  0.54  0.6732  0.776667  6.95162e-310
from 2 to 4 matchnode 4794

4794 111 3  0.615342  0.65637  0.645  6.95162e-310
4794 267 3  0.660114  0.617463  0.6725  6.95162e-310
edge_match: 
from 3 to 1 matchnode 8269

8269 4327 3  0.618184  0.7872  0.66  1.97626e-323
from 3 to 1 matchnode 14422

14422 4327 3  0.560032  0.51744  0.555  1.97626e-323
edge_match: 
from 4 to 1 matchnode 111

111 4327 3  0.706482  0.51992  0.665  1.97626e-323
from 4 to 1 matchnode 267

267 4327 3  0.52983  0.758814  0.58  1.97626e-323

pattern answer23:
vertex1: 节点个数 1
4661 1 0.84
vertex2: 节点个数 2
1543 2 0.88
2985 2 0.85
vertex3: 节点个数 2
879 3 0.71
2909 3 0.52
vertex4: 节点个数 2
267 4 0.59
2949 4 0.53
edge_match: 
from 1 to 3 matchnode 4661

4661 879 3  0.5696  0.611226  0.74  1.97626e-323
4661 2909 3  0.65059  0.56212  0.66  1.97626e-323
edge_match: 
from 2 to 4 matchnode 1543

1543 267 3  0.61776  0.586971  0.765  6.95162e-310
1543 2949 3  0.950796  0.587202  0.5325  6.95162e-310
from 2 to 4 matchnode 2985

2985 267 2  0.54  0.6732  0.776667  6.95162e-310
2985 2949 3  0.59126  0.59752  0.7375  6.95162e-310
edge_match: 
from 3 to 1 matchnode 879

879 4661 1  0.87  0.81  0.775  1.97626e-323
from 3 to 1 matchnode 2909

2909 4661 3  0.504504  0.53508  0.6225  1.97626e-323
edge_match: 
from 4 to 1 matchnode 267

267 4661 3  0.609609  0.558831  0.525  1.97626e-323
from 4 to 1 matchnode 2949

2949 4661 3  0.519912  0.539784  0.6975  1.97626e-323

pattern answer24:
vertex1: 节点个数 1
5178 1 0.92
vertex2: 节点个数 2
6353 2 0.63
6424 2 0.56
vertex3: 节点个数 2
879 3 0.71
2820 3 0.53
vertex4: 节点个数 2
267 4 0.59
894 4 0.72
edge_match: 
from 1 to 3 matchnode 5178

5178 879 3  0.7938  0.54096  0.6675  1.97626e-323
5178 2820 3  0.7144  0.584496  0.715  1.97626e-323
edge_match: 
from 2 to 4 matchnode 6353

6353 267 3  0.50094  0.612128  0.575  6.95162e-310
6353 894 3  0.526435  0.5244  0.5925  6.95162e-310
from 2 to 4 matchnode 6424

6424 267 3  0.5922  0.612612  0.73  6.95162e-310
6424 894 3  0.523908  0.521088  0.515  6.95162e-310
edge_match: 
from 3 to 1 matchnode 879

879 5178 3  0.663936  0.710622  0.58  1.97626e-323
from 3 to 1 matchnode 2820

2820 5178 3  0.667554  0.731808  0.65  1.97626e-323
edge_match: 
from 4 to 1 matchnode 267

267 5178 2  0.6438  0.8352  0.8  1.97626e-323
from 4 to 1 matchnode 894

894 5178 2  0.9009  0.5445  0.653333  1.97626e-323

pattern answer25:
vertex1: 节点个数 1
5222 1 0.61
vertex2: 节点个数 2
4308 2 0.51
5710 2 0.77
vertex3: 节点个数 2
3457 3 0.66
5865 3 0.83
vertex4: 节点个数 2
2182 4 0.85
6119 4 1
edge_match: 
from 1 to 3 matchnode 5222

5222 3457 3  0.5852  0.515592  0.735  1.97626e-323
5222 5865 3  0.7296  0.55309  0.6425  1.97626e-323
edge_match: 
from 2 to 4 matchnode 4308

4308 2182 3  0.54405  0.694048  0.6125  9.60756e-312
4308 6119 3  0.702429  0.631842  0.7725  9.60756e-312
from 2 to 4 matchnode 5710

5710 2182 3  0.519498  0.787446  0.745  9.60756e-312
5710 6119 3  0.569184  0.633798  0.72  9.60756e-312
edge_match: 
from 3 to 1 matchnode 3457

3457 5222 3  0.547926  0.59052  0.5675  1.97626e-323
from 3 to 1 matchnode 5865

5865 5222 2  0.595  0.594  0.516667  1.97626e-323
edge_match: 
from 4 to 1 matchnode 2182

2182 5222 2  0.5133  0.5525  0.726667  1.97626e-323
from 4 to 1 matchnode 6119

6119 5222 2  0.679  0.9306  0.573333  1.97626e-323

pattern answer26:
vertex1: 节点个数 1
5231 1 0.98
vertex2: 节点个数 2
3140 2 0.62
5710 2 0.77
vertex3: 节点个数 2
1221 3 0.6
2820 3 0.53
vertex4: 节点个数 2
111 4 0.8
523 4 1
edge_match: 
from 1 to 3 matchnode 5231

5231 1221 3  0.98  0.660182  0.6625  9.60756e-312
5231 2820 3  0.631085  0.608  0.655  9.60756e-312
edge_match: 
from 2 to 4 matchnode 3140

3140 111 3  0.662888  0.692664  0.51  6.95162e-310
3140 523 2  0.6512  0.5369  0.603333  9.60756e-312
from 2 to 4 matchnode 5710

5710 111 3  0.553112  0.749331  0.75  6.95162e-310
5710 523 3  0.738234  0.578411  0.6225  9.60756e-312
edge_match: 
from 3 to 1 matchnode 1221

1221 5231 2  0.8245  0.672  0.78  9.60756e-312
from 3 to 1 matchnode 2820

2820 5231 3  0.61161  0.557847  0.75  9.60756e-312
edge_match: 
from 4 to 1 matchnode 111

111 5231 3  0.585395  0.65184  0.785  9.60756e-312
from 4 to 1 matchnode 523

523 5231 3  0.6783  0.6048  0.77  9.60756e-312

pattern answer27:
vertex1: 节点个数 1
5391 1 0.98
vertex2: 节点个数 2
335 2 0.57
2519 2 0.65
vertex3: 节点个数 2
879 3 0.71
1221 3 0.6
vertex4: 节点个数 2
111 4 0.8
215 4 0.84
edge_match: 
from 1 to 3 matchnode 5391

5391 879 3  0.52972  0.514976  0.7925  1.97626e-323
5391 1221 3  0.654265  0.7942  0.695  1.97626e-323
edge_match: 
from 2 to 4 matchnode 335

335 111 3  0.5508  0.58464  0.6075  6.95162e-310
335 215 3  0.748992  0.582528  0.6275  9.60756e-312
from 2 to 4 matchnode 2519

2519 111 3  0.59926  0.56406  0.6  6.95162e-310
2519 215 3  0.52041  0.750092  0.7425  9.60756e-312
edge_match: 
from 3 to 1 matchnode 879

879 5391 3  0.695826  0.510255  0.7175  1.97626e-323
from 3 to 1 matchnode 1221

1221 5391 2  0.8556  0.5472  0.79  1.97626e-323
edge_match: 
from 4 to 1 matchnode 111

111 5391 3  0.607476  0.530784  0.7925  1.97626e-323
from 4 to 1 matchnode 215

215 5391 3  0.68172  0.513216  0.89  1.97626e-323

pattern answer28:
vertex1: 节点个数 1
5581 1 0.87
vertex2: 节点个数 2
2503 2 0.89
4794 2 0.76
vertex3: 节点个数 2
446 3 0.66
608 3 0.74
vertex4: 节点个数 2
1537 4 0.97
2949 4 0.53
edge_match: 
from 1 to 3 matchnode 5581

5581 446 3  0.590226  0.61028  0.76  1.97626e-323
5581 608 3  0.59808  0.6674  0.68  1.97626e-323
edge_match: 
from 2 to 4 matchnode 2503

2503 1537 3  0.501952  0.54033  0.7175  6.95162e-310
2503 2949 3  0.52976  0.569088  0.775  6.95162e-310
from 2 to 4 matchnode 4794

4794 1537 3  0.699132  0.6732  0.6275  6.95162e-310
4794 2949 3  0.501952  0.563598  0.65  6.95162e-310
edge_match: 
from 3 to 1 matchnode 446

446 5581 3  0.600936  0.817  0.8175  1.97626e-323
from 3 to 1 matchnode 608

608 5581 3  0.52283  0.589498  0.7775  1.97626e-323
edge_match: 
from 4 to 1 matchnode 1537

1537 5581 3  0.773388  0.560175  0.65  1.97626e-323
from 4 to 1 matchnode 2949

2949 5581 3  0.657657  0.71022  0.7925  1.97626e-323

pattern answer29:
vertex1: 节点个数 1
5666 1 0.95
vertex2: 节点个数 2
850 2 0.75
2073 2 0.92
vertex3: 节点个数 2
608 3 0.74
2820 3 0.53
vertex4: 节点个数 2
709 4 0.86
2949 4 0.53
edge_match: 
from 1 to 3 matchnode 5666

5666 608 3  0.532  0.599675  0.535  9.60756e-312
5666 2820 3  0.9207  0.626808  0.5575  9.60756e-312
edge_match: 
from 2 to 4 matchnode 850

850 709 2  0.658  0.8928  0.743333  6.95162e-310
850 2949 3  0.6048  0.59241  0.525  6.95162e-310
from 2 to 4 matchnode 2073

2073 709 2  0.7426  0.8256  0.8  6.95162e-310
2073 2949 3  0.68256  0.54782  0.5675  6.95162e-310
edge_match: 
from 3 to 1 matchnode 608

608 5666 3  0.544824  0.50337  0.6825  9.60756e-312
from 3 to 1 matchnode 2820

2820 5666 3  0.642224  0.51205  0.72  9.60756e-312
edge_match: 
from 4 to 1 matchnode 709

709 5666 3  0.567021  0.5952  0.555  9.60756e-312
from 4 to 1 matchnode 2949

2949 5666 3  0.761306  0.625632  0.78  9.60756e-312

pattern answer30:
vertex1: 节点个数 1
5725 1 0.52
vertex2: 节点个数 2
3384 2 0.96
5554 2 0.58
vertex3: 节点个数 2
879 3 0.71
2828 3 0.95
vertex4: 节点个数 2
2152 4 0.78
2949 4 0.53
edge_match: 
from 1 to 3 matchnode 5725

5725 879 2  0.5487  0.8245  0.506667  9.60756e-312
5725 2828 3  0.555768  0.698544  0.555  9.60756e-312
edge_match: 
from 2 to 4 matchnode 3384

3384 2152 3  0.811538  0.585  0.7025  6.95162e-310
3384 2949 3  0.56832  0.827904  0.735  6.95162e-310
from 2 to 4 matchnode 5554

5554 2152 2  0.91  0.5226  0.566667  6.95162e-310
5554 2949 3  0.5766  0.512818  0.52  6.95162e-310
edge_match: 
from 3 to 1 matchnode 879

879 5725 3  0.573852  0.622398  0.5025  9.60756e-312
from 3 to 1 matchnode 2828

2828 5725 3  0.510048  0.5256  0.5425  9.60756e-312
edge_match: 
from 4 to 1 matchnode 2152

2152 5725 3  0.743328  0.5076  0.645  9.60756e-312
from 4 to 1 matchnode 2949

2949 5725 3  0.6144  0.541446  0.6225  9.60756e-312

pattern answer31:
vertex1: 节点个数 1
5924 1 0.86
vertex2: 节点个数 2
2196 2 0.6
2519 2 0.65
vertex3: 节点个数 2
608 3 0.74
879 3 0.71
vertex4: 节点个数 2
111 4 0.8
540 4 0.96
edge_match: 
from 1 to 3 matchnode 5924

5924 608 3  0.538447  0.557568  0.7875  1.97626e-323
5924 879 3  0.55678  0.8455  0.5525  1.97626e-323
edge_match: 
from 2 to 4 matchnode 2196

2196 111 1  0.68  0.87  0.7  6.95162e-310
2196 540 3  0.507788  0.671832  0.8375  9.60756e-312
from 2 to 4 matchnode 2519

2519 111 3  0.59926  0.56406  0.6  6.95162e-310
2519 540 2  0.5005  0.7544  0.82  9.60756e-312
edge_match: 
from 3 to 1 matchnode 608

608 5924 3  0.686576  0.53856  0.6775  1.97626e-323
from 3 to 1 matchnode 879

879 5924 3  0.50508  0.700488  0.5825  1.97626e-323
edge_match: 
from 4 to 1 matchnode 111

111 5924 3  0.555822  0.652131  0.8025  1.97626e-323
from 4 to 1 matchnode 540

540 5924 3  0.67773  0.6579  0.875  1.97626e-323

pattern answer32:
vertex1: 节点个数 1
5955 1 0.97
vertex2: 节点个数 2
1543 2 0.88
2059 2 0.57
vertex3: 节点个数 2
879 3 0.71
3457 3 0.66
vertex4: 节点个数 2
2852 4 0.6
2949 4 0.53
edge_match: 
from 1 to 3 matchnode 5955

5955 879 3  0.55309  0.504504  0.7775  9.60756e-312
5955 3457 3  0.60424  0.511434  0.62  9.60756e-312
edge_match: 
from 2 to 4 matchnode 1543

1543 2852 3  0.61479  0.7031  0.7275  6.95162e-310
1543 2949 3  0.950796  0.587202  0.5325  6.95162e-310
from 2 to 4 matchnode 2059

2059 2852 3  0.50715  0.626076  0.62  6.95162e-310
2059 2949 3  0.593096  0.837045  0.5225  6.95162e-310
edge_match: 
from 3 to 1 matchnode 879

879 5955 3  0.541824  0.590051  0.83  9.60756e-312
from 3 to 1 matchnode 3457

3457 5955 3  0.551286  0.67284  0.7575  9.60756e-312
edge_match: 
from 4 to 1 matchnode 2852

2852 5955 3  0.5229  0.529221  0.76  9.60756e-312
from 4 to 1 matchnode 2949

2949 5955 3  0.59878  0.580944  0.785  9.60756e-312

pattern answer33:
vertex1: 节点个数 1
6222 1 0.69
vertex2: 节点个数 2
1129 2 0.63
6027 2 0.72
vertex3: 节点个数 2
879 3 0.71
4564 3 0.53
vertex4: 节点个数 2
1637 4 0.79
2182 4 0.85
edge_match: 
from 1 to 3 matchnode 6222

6222 879 3  0.75852  0.67424  0.5575  1.97626e-323
6222 4564 3  0.607662  0.647566  0.5775  1.97626e-323
edge_match: 
from 2 to 4 matchnode 1129

1129 1637 3  0.71064  0.61938  0.6025  9.60756e-312
1129 2182 3  0.675924  0.6478  0.7125  9.60756e-312
from 2 to 4 matchnode 6027

6027 1637 3  0.60021  0.653184  0.6275  9.60756e-312
6027 2182 2  0.5184  0.5704  0.53  9.60756e-312
edge_match: 
from 3 to 1 matchnode 879

879 6222 3  0.891891  0.568458  0.73  1.97626e-323
from 3 to 1 matchnode 4564

4564 6222 2  0.6014  0.5986  0.606667  1.97626e-323
edge_match: 
from 4 to 1 matchnode 1637

1637 6222 3  0.765912  0.7227  0.57  1.97626e-323
from 4 to 1 matchnode 2182

2182 6222 3  0.51935  0.557428  0.7575  1.97626e-323

pattern answer34:
vertex1: 节点个数 1
6325 1 0.94
vertex2: 节点个数 2
1543 2 0.88
1919 2 0.56
vertex3: 节点个数 2
2828 3 0.95
15623 3 0.55
vertex4: 节点个数 2
2949 4 0.53
5520 4 0.6
edge_match: 
from 1 to 3 matchnode 6325

6325 2828 3  0.77615  0.541696  0.72  1.97626e-323
6325 15623 1  0.5  0.75  0.745  1.97626e-323
edge_match: 
from 2 to 4 matchnode 1543

1543 2949 3  0.950796  0.587202  0.5325  6.95162e-310
1543 5520 3  0.75348  0.87  0.63  9.60756e-312
from 2 to 4 matchnode 1919

1919 2949 3  0.516096  0.59724  0.5725  6.95162e-310
1919 5520 3  0.68816  0.583573  0.6375  9.60756e-312
edge_match: 
from 3 to 1 matchnode 2828

2828 6325 3  0.50778  0.5312  0.5325  1.97626e-323
from 3 to 1 matchnode 15623

15623 6325 1  0.76  0.59  0.745  1.97626e-323
edge_match: 
from 4 to 1 matchnode 2949

2949 6325 3  0.59878  0.533232  0.79  1.97626e-323
from 4 to 1 matchnode 5520

5520 6325 3  0.57904  0.577668  0.8075  1.97626e-323

pattern answer35:
vertex1: 节点个数 1
6385 1 0.72
vertex2: 节点个数 2
335 2 0.57
5710 2 0.77
vertex3: 节点个数 2
1453 3 0.65
4564 3 0.53
vertex4: 节点个数 2
111 4 0.8
1038 4 0.68
edge_match: 
from 1 to 3 matchnode 6385

6385 1453 3  0.683271  0.536268  0.7625  9.60756e-312
6385 4564 2  0.9504  0.66  0.736667  9.60756e-312
edge_match: 
from 2 to 4 matchnode 335

335 111 3  0.5508  0.58464  0.6075  6.95162e-310
335 1038 3  0.607425  0.5568  0.545  6.95162e-310
from 2 to 4 matchnode 5710

5710 111 3  0.553112  0.749331  0.75  6.95162e-310
5710 1038 3  0.679272  0.60264  0.5525  6.95162e-310
edge_match: 
from 3 to 1 matchnode 1453

1453 6385 2  0.52  0.5475  0.703333  9.60756e-312
from 3 to 1 matchnode 4564

4564 6385 2  0.8091  0.533  0.7  9.60756e-312
edge_match: 
from 4 to 1 matchnode 111

111 6385 2  0.7938  0.639  0.683333  9.60756e-312
from 4 to 1 matchnode 1038

1038 6385 3  0.6783  0.502326  0.545  9.60756e-312

pattern answer36:
vertex1: 节点个数 1
6400 1 0.55
vertex2: 节点个数 2
2196 2 0.6
2519 2 0.65
vertex3: 节点个数 2
2828 3 0.95
3232 3 0.6
vertex4: 节点个数 2
111 4 0.8
709 4 0.86
edge_match: 
from 1 to 3 matchnode 6400

6400 2828 2  0.741  0.5896  0.683333  9.60756e-312
6400 3232 3  0.8448  0.524964  0.63  9.60756e-312
edge_match: 
from 2 to 4 matchnode 2196

2196 111 1  0.68  0.87  0.7  6.95162e-310
2196 709 3  0.517752  0.810144  0.72  6.95162e-310
from 2 to 4 matchnode 2519

2519 111 3  0.59926  0.56406  0.6  6.95162e-310
2519 709 3  0.64155  0.551232  0.65  6.95162e-310
edge_match: 
from 3 to 1 matchnode 2828

2828 6400 3  0.6399  0.565656  0.8275  9.60756e-312
from 3 to 1 matchnode 3232

3232 6400 3  0.546364  0.518336  0.7175  9.60756e-312
edge_match: 
from 4 to 1 matchnode 111

111 6400 3  0.657558  0.587951  0.5875  9.60756e-312
from 4 to 1 matchnode 709

709 6400 3  0.540288  0.847602  0.535  9.60756e-312

pattern answer37:
vertex1: 节点个数 1
6639 1 0.84
vertex2: 节点个数 2
5710 2 0.77
9854 2 0.92
vertex3: 节点个数 2
3457 3 0.66
5537 3 0.72
vertex4: 节点个数 2
267 4 0.59
523 4 1
edge_match: 
from 1 to 3 matchnode 6639

6639 3457 3  0.52992  0.63756  0.5  1.97626e-323
6639 5537 3  0.623623  0.756794  0.6775  1.97626e-323
edge_match: 
from 2 to 4 matchnode 5710

5710 267 3  0.6715  0.64584  0.6475  6.95162e-310
5710 523 3  0.738234  0.578411  0.6225  9.60756e-312
from 2 to 4 matchnode 9854

9854 267 3  0.6557  0.62928  0.685  6.95162e-310
9854 523 2  0.7568  0.5723  0.703333  9.60756e-312
edge_match: 
from 3 to 1 matchnode 3457

3457 6639 2  0.8722  0.7098  0.626667  1.97626e-323
from 3 to 1 matchnode 5537

5537 6639 3  0.788998  0.761805  0.76  1.97626e-323
edge_match: 
from 4 to 1 matchnode 267

267 6639 3  0.665665  0.758814  0.62  1.97626e-323
from 4 to 1 matchnode 523

523 6639 3  0.839325  0.580725  0.7025  1.97626e-323

pattern answer38:
vertex1: 节点个数 1
7165 1 0.95
vertex2: 节点个数 2
2196 2 0.6
2519 2 0.65
vertex3: 节点个数 2
2828 3 0.95
5961 3 0.97
vertex4: 节点个数 2
111 4 0.8
709 4 0.86
edge_match: 
from 1 to 3 matchnode 7165

7165 2828 3  0.77616  0.740692  0.72  1.4822e-323
7165 5961 3  0.644688  0.562408  0.5875  1.4822e-323
edge_match: 
from 2 to 4 matchnode 2196

2196 111 1  0.68  0.87  0.7  6.95162e-310
2196 709 3  0.517752  0.810144  0.72  6.95162e-310
from 2 to 4 matchnode 2519

2519 111 3  0.59926  0.56406  0.6  6.95162e-310
2519 709 3  0.64155  0.551232  0.65  6.95162e-310
edge_match: 
from 3 to 1 matchnode 2828

2828 7165 3  0.588984  0.6264  0.7475  1.4822e-323
from 3 to 1 matchnode 5961

5961 7165 3  0.552368  0.79152  0.705  1.4822e-323
edge_match: 
from 4 to 1 matchnode 111

111 7165 3  0.67068  0.60528  0.6425  1.4822e-323
from 4 to 1 matchnode 709

709 7165 2  0.6164  0.8928  0.67  1.4822e-323

pattern answer39:
vertex1: 节点个数 1
8106 1 0.65
vertex2: 节点个数 2
4809 2 0.88
5156 2 0.73
vertex3: 节点个数 2
2764 3 0.51
4564 3 0.53
vertex4: 节点个数 2
523 4 1
662 4 0.53
edge_match: 
from 1 to 3 matchnode 8106

8106 2764 3  0.607425  0.69776  0.6375  1.97626e-323
8106 4564 3  0.769296  0.71344  0.67  1.97626e-323
edge_match: 
from 2 to 4 matchnode 4809

4809 523 3  0.527436  0.60672  0.6575  9.60756e-312
4809 662 3  0.827904  0.58497  0.6375  6.95162e-310
from 2 to 4 matchnode 5156

5156 523 3  0.60306  0.637056  0.675  9.60756e-312
5156 662 3  0.596134  0.558208  0.7725  6.95162e-310
edge_match: 
from 3 to 1 matchnode 2764

2764 8106 2  0.5152  0.672  0.68  1.97626e-323
from 3 to 1 matchnode 4564

4564 8106 2  0.6083  0.6956  0.55  1.97626e-323
edge_match: 
from 4 to 1 matchnode 523

523 8106 2  0.7505  0.5475  0.663333  1.97626e-323
from 4 to 1 matchnode 662

662 8106 2  0.6083  0.6512  0.55  1.97626e-323

pattern answer40:
vertex1: 节点个数 1
8179 1 0.53
vertex2: 节点个数 2
5617 2 0.53
9876 2 0.96
vertex3: 节点个数 2
879 3 0.71
2612 3 0.6
vertex4: 节点个数 2
1537 4 0.97
3511 4 0.86
edge_match: 
from 1 to 3 matchnode 8179

8179 879 2  0.52  0.7221  0.673333  6.95195e-310
8179 2612 3  0.6633  0.719055  0.575  6.95195e-310
edge_match: 
from 2 to 4 matchnode 5617

5617 1537 2  0.5963  0.8148  0.696667  6.95162e-310
5617 3511 3  0.63504  0.60639  0.545  6.95162e-310
from 2 to 4 matchnode 9876

9876 1537 3  0.769296  0.512525  0.625  6.95162e-310
9876 3511 3  0.741468  0.59126  0.82  6.95162e-310
edge_match: 
from 3 to 1 matchnode 879

879 8179 3  0.731808  0.5642  0.6025  6.95195e-310
from 3 to 1 matchnode 2612

2612 8179 2  0.672  0.7  0.59  6.95195e-310
edge_match: 
from 4 to 1 matchnode 1537

1537 8179 3  0.51324  0.51465  0.61  6.95195e-310
from 4 to 1 matchnode 3511

3511 8179 3  0.54684  0.7742  0.7375  6.95195e-310

pattern answer41:
vertex1: 节点个数 1
8185 1 0.96
vertex2: 节点个数 2
5710 2 0.77
9876 2 0.96
vertex3: 节点个数 2
2860 3 0.74
2909 3 0.52
vertex4: 节点个数 2
267 4 0.59
1038 4 0.68
edge_match: 
from 1 to 3 matchnode 8185

8185 2860 3  0.80262  0.6688  0.7025  9.60756e-312
8185 2909 3  0.722358  0.744744  0.6125  9.60756e-312
edge_match: 
from 2 to 4 matchnode 5710

5710 267 3  0.6715  0.64584  0.6475  6.95162e-310
5710 1038 3  0.679272  0.60264  0.5525  6.95162e-310
from 2 to 4 matchnode 9876

9876 267 1  0.84  0.75  0.775  6.95162e-310
9876 1038 3  0.710892  0.60075  0.6625  6.95162e-310
edge_match: 
from 3 to 1 matchnode 2860

2860 8185 2  0.8742  0.6205  0.86  9.60756e-312
from 3 to 1 matchnode 2909

2909 8185 2  0.7812  0.714  0.786667  9.60756e-312
edge_match: 
from 4 to 1 matchnode 267

267 8185 3  0.588468  0.609  0.855  9.60756e-312
from 4 to 1 matchnode 1038

1038 8185 3  0.678528  0.5474  0.73  9.60756e-312

pattern answer42:
vertex1: 节点个数 1
8658 1 0.7
vertex2: 节点个数 2
3140 2 0.62
5710 2 0.77
vertex3: 节点个数 2
608 3 0.74
616 3 0.82
vertex4: 节点个数 2
111 4 0.8
523 4 1
edge_match: 
from 1 to 3 matchnode 8658

8658 608 2  0.5625  0.7081  0.66  1.97626e-323
8658 616 3  0.75078  0.54432  0.6575  1.97626e-323
edge_match: 
from 2 to 4 matchnode 3140

3140 111 3  0.662888  0.692664  0.51  6.95162e-310
3140 523 2  0.6512  0.5369  0.603333  9.60756e-312
from 2 to 4 matchnode 5710

5710 111 3  0.553112  0.749331  0.75  6.95162e-310
5710 523 3  0.738234  0.578411  0.6225  9.60756e-312
edge_match: 
from 3 to 1 matchnode 608

608 8658 1  0.72  0.91  0.72  1.97626e-323
from 3 to 1 matchnode 616

616 8658 3  0.691125  0.512992  0.715  1.97626e-323
edge_match: 
from 4 to 1 matchnode 111

111 8658 3  0.746415  0.731768  0.71  1.97626e-323
from 4 to 1 matchnode 523

523 8658 3  0.667184  0.50176  0.66  1.97626e-323

pattern answer43:
vertex1: 节点个数 1
8676 1 0.71
vertex2: 节点个数 2
2503 2 0.89
2985 2 0.85
vertex3: 节点个数 2
5304 3 0.61
8249 3 0.95
vertex4: 节点个数 2
2949 4 0.53
3353 4 0.74
edge_match: 
from 1 to 3 matchnode 8676

8676 5304 3  0.509703  0.756756  0.595  9.60756e-312
8676 8249 3  0.518319  0.562176  0.5625  9.60756e-312
edge_match: 
from 2 to 4 matchnode 2503

2503 2949 3  0.52976  0.569088  0.775  6.95162e-310
2503 3353 3  0.698148  0.619974  0.65  9.60756e-312
from 2 to 4 matchnode 2985

2985 2949 3  0.59126  0.59752  0.7375  6.95162e-310
2985 3353 2  0.6298  0.6402  0.75  9.60756e-312
edge_match: 
from 3 to 1 matchnode 5304

5304 8676 3  0.526884  0.810216  0.675  9.60756e-312
from 3 to 1 matchnode 8249

8249 8676 3  0.5328  0.608556  0.54  9.60756e-312
edge_match: 
from 4 to 1 matchnode 2949

2949 8676 2  0.8051  0.7275  0.55  9.60756e-312
from 4 to 1 matchnode 3353

3353 8676 3  0.764845  0.65475  0.5975  9.60756e-312

pattern answer44:
vertex1: 节点个数 1
9410 1 0.79
vertex2: 节点个数 2
2196 2 0.6
2519 2 0.65
vertex3: 节点个数 2
608 3 0.74
1812 3 0.58
vertex4: 节点个数 2
111 4 0.8
540 4 0.96
edge_match: 
from 1 to 3 matchnode 9410

9410 608 3  0.589512  0.52173  0.74  1.97626e-323
9410 1812 3  0.684432  0.526613  0.565  1.97626e-323
edge_match: 
from 2 to 4 matchnode 2196

2196 111 1  0.68  0.87  0.7  6.95162e-310
2196 540 3  0.507788  0.671832  0.8375  9.60756e-312
from 2 to 4 matchnode 2519

2519 111 3  0.59926  0.56406  0.6  6.95162e-310
2519 540 2  0.5005  0.7544  0.82  9.60756e-312
edge_match: 
from 3 to 1 matchnode 608

608 9410 3  0.60264  0.546  0.7375  1.97626e-323
from 3 to 1 matchnode 1812

1812 9410 3  0.652935  0.626262  0.5475  1.97626e-323
edge_match: 
from 4 to 1 matchnode 111

111 9410 3  0.730701  0.71392  0.7325  1.97626e-323
from 4 to 1 matchnode 540

540 9410 2  0.697  0.9  0.853333  1.97626e-323

pattern answer45:
vertex1: 节点个数 1
9575 1 0.55
vertex2: 节点个数 2
335 2 0.57
4793 2 0.76
vertex3: 节点个数 2
5349 3 0.76
9543 3 0.77
vertex4: 节点个数 2
111 4 0.8
2450 4 1
edge_match: 
from 1 to 3 matchnode 9575

9575 5349 3  0.660914  0.74052  0.6625  9.60756e-312
9575 9543 3  0.50512  0.75905  0.71  9.60756e-312
edge_match: 
from 2 to 4 matchnode 335

335 111 3  0.5508  0.58464  0.6075  6.95162e-310
335 2450 3  0.583947  0.521184  0.5325  9.60756e-312
from 2 to 4 matchnode 4793

4793 111 3  0.619346  0.56745  0.71  6.95162e-310
4793 2450 3  0.613868  0.68112  0.785  9.60756e-312
edge_match: 
from 3 to 1 matchnode 5349

5349 9575 3  0.50094  0.53544  0.725  9.60756e-312
from 3 to 1 matchnode 9543

9543 9575 2  0.6534  0.5394  0.593333  9.60756e-312
edge_match: 
from 4 to 1 matchnode 111

111 9575 2  0.5005  0.5767  0.546667  9.60756e-312
from 4 to 1 matchnode 2450

2450 9575 2  0.534  0.6392  0.68  9.60756e-312

pattern answer46:
vertex1: 节点个数 1
9751 1 0.98
vertex2: 节点个数 2
2985 2 0.85
4793 2 0.76
vertex3: 节点个数 2
879 3 0.71
3134 3 0.57
vertex4: 节点个数 2
111 4 0.8
882 4 0.66
edge_match: 
from 1 to 3 matchnode 9751

9751 879 2  0.7938  0.7138  0.82  1.97626e-323
9751 3134 3  0.9009  0.67158  0.6875  1.97626e-323
edge_match: 
from 2 to 4 matchnode 2985

2985 111 2  0.8836  0.5168  0.56  6.95162e-310
2985 882 3  0.56457  0.5643  0.5975  6.95162e-310
from 2 to 4 matchnode 4793

4793 111 3  0.619346  0.56745  0.71  6.95162e-310
4793 882 3  0.56056  0.73416  0.6525  6.95162e-310
edge_match: 
from 3 to 1 matchnode 879

879 9751 2  0.6528  0.5538  0.82  1.97626e-323
from 3 to 1 matchnode 3134

3134 9751 2  0.6318  0.6972  0.67  1.97626e-323
edge_match: 
from 4 to 1 matchnode 111

111 9751 3  0.511758  0.591624  0.7775  1.97626e-323
from 4 to 1 matchnode 882

882 9751 3  0.573104  0.653016  0.625  1.97626e-323

pattern answer47:
vertex1: 节点个数 1
9960 1 0.77
vertex2: 节点个数 2
4809 2 0.88
9854 2 0.92
vertex3: 节点个数 2
879 3 0.71
2764 3 0.51
vertex4: 节点个数 2
3091 4 0.75
13579 4 0.53
edge_match: 
from 1 to 3 matchnode 9960

9960 879 3  0.521916  0.646852  0.7175  1.97626e-323
9960 2764 3  0.743232  0.560142  0.5225  1.97626e-323
edge_match: 
from 2 to 4 matchnode 4809

4809 3091 3  0.51057  0.6622  0.685  6.95162e-310
4809 13579 2  0.828  0.5148  0.536667  9.60756e-312
from 2 to 4 matchnode 9854

9854 3091 3  0.59892  0.570024  0.5325  6.95162e-310
9854 13579 3  0.5301  0.673728  0.68  9.60756e-312
edge_match: 
from 3 to 1 matchnode 879

879 9960 3  0.541628  0.931491  0.695  1.97626e-323
from 3 to 1 matchnode 2764

2764 9960 3  0.856716  0.549408  0.6275  1.97626e-323
edge_match: 
from 4 to 1 matchnode 3091

3091 9960 3  0.792232  0.536313  0.705  1.97626e-323
from 4 to 1 matchnode 13579

13579 9960 3  0.55029  0.6966  0.525  1.97626e-323

pattern answer48:
vertex1: 节点个数 1
9975 1 0.89
vertex2: 节点个数 2
3140 2 0.62
5710 2 0.77
vertex3: 节点个数 2
608 3 0.74
879 3 0.71
vertex4: 节点个数 2
111 4 0.8
523 4 1
edge_match: 
from 1 to 3 matchnode 9975

9975 608 1  0.78  0.59  0.815  1.97626e-323
9975 879 3  0.63612  0.58968  0.6375  1.97626e-323
edge_match: 
from 2 to 4 matchnode 3140

3140 111 3  0.662888  0.692664  0.51  6.95162e-310
3140 523 2  0.6512  0.5369  0.603333  9.60756e-312
from 2 to 4 matchnode 5710

5710 111 3  0.553112  0.749331  0.75  6.95162e-310
5710 523 3  0.738234  0.578411  0.6225  9.60756e-312
edge_match: 
from 3 to 1 matchnode 608

608 9975 3  0.60984  0.51688  0.6025  1.97626e-323
from 3 to 1 matchnode 879

879 9975 3  0.5896  0.52824  0.5125  1.97626e-323
edge_match: 
from 4 to 1 matchnode 111

111 9975 3  0.82992  0.517132  0.59  1.97626e-323
from 4 to 1 matchnode 523

523 9975 3  0.5368  0.60264  0.585  1.97626e-323

pattern answer49:
vertex1: 节点个数 1
10095 1 0.73
vertex2: 节点个数 2
2519 2 0.65
4793 2 0.76
vertex3: 节点个数 2
3457 3 0.66
3810 3 0.68
vertex4: 节点个数 2
111 4 0.8
662 4 0.53
edge_match: 
from 1 to 3 matchnode 10095

10095 3457 2  0.7392  0.504  0.523333  1.97626e-323
10095 3810 3  0.5312  0.59092  0.63  1.97626e-323
edge_match: 
from 2 to 4 matchnode 2519

2519 111 3  0.59926  0.56406  0.6  6.95162e-310
2519 662 3  0.67068  0.568032  0.6875  6.95162e-310
from 2 to 4 matchnode 4793

4793 111 3  0.619346  0.56745  0.71  6.95162e-310
4793 662 2  0.8134  0.765  0.61  6.95162e-310
edge_match: 
from 3 to 1 matchnode 3457

3457 10095 3  0.645  0.893079  0.5225  1.97626e-323
from 3 to 1 matchnode 3810

3810 10095 3  0.598  0.556974  0.5575  1.97626e-323
edge_match: 
from 4 to 1 matchnode 111

111 10095 3  0.5913  0.787446  0.54  1.97626e-323
from 4 to 1 matchnode 662

662 10095 3  0.7227  0.67221  0.5175  1.97626e-323

pattern answer50:
vertex1: 节点个数 1
10174 1 0.84
vertex2: 节点个数 2
2985 2 0.85
4794 2 0.76
vertex3: 节点个数 2
468 3 0.69
608 3 0.74
vertex4: 节点个数 2
111 4 0.8
267 4 0.59
edge_match: 
from 1 to 3 matchnode 10174

10174 468 3  0.50439  0.837837  0.7625  9.60756e-312
10174 608 3  0.8379  0.662112  0.7575  9.60756e-312
edge_match: 
from 2 to 4 matchnode 2985

2985 111 2  0.8836  0.5168  0.56  6.95162e-310
2985 267 2  0.54  0.6732  0.776667  6.95162e-310
from 2 to 4 matchnode 4794

4794 111 3  0.615342  0.65637  0.645  6.95162e-310
4794 267 3  0.660114  0.617463  0.6725  6.95162e-310
edge_match: 
from 3 to 1 matchnode 468

468 10174 3  0.543434  0.51216  0.61  9.60756e-312
from 3 to 1 matchnode 608

608 10174 3  0.578952  0.56056  0.8075  9.60756e-312
edge_match: 
from 4 to 1 matchnode 111

111 10174 3  0.688506  0.520344  0.7125  9.60756e-312
from 4 to 1 matchnode 267

267 10174 3  0.658416  0.528264  0.775  9.60756e-312

pattern answer51:
vertex1: 节点个数 1
10284 1 0.54
vertex2: 节点个数 2
3140 2 0.62
5710 2 0.77
vertex3: 节点个数 2
608 3 0.74
7001 3 0.5
vertex4: 节点个数 2
111 4 0.8
523 4 1
edge_match: 
from 1 to 3 matchnode 10284

10284 608 2  0.5335  0.6072  0.723333  1.97626e-323
10284 7001 3  0.50008  0.62909  0.545  1.97626e-323
edge_match: 
from 2 to 4 matchnode 3140

3140 111 3  0.662888  0.692664  0.51  6.95162e-310
3140 523 2  0.6512  0.5369  0.603333  9.60756e-312
from 2 to 4 matchnode 5710

5710 111 3  0.553112  0.749331  0.75  6.95162e-310
5710 523 3  0.738234  0.578411  0.6225  9.60756e-312
edge_match: 
from 3 to 1 matchnode 608

608 10284 3  0.67868  0.5628  0.76  1.97626e-323
from 3 to 1 matchnode 7001

7001 10284 3  0.6408  0.8722  0.585  1.97626e-323
edge_match: 
from 4 to 1 matchnode 111

111 10284 3  0.5928  0.6768  0.7775  1.97626e-323
from 4 to 1 matchnode 523

523 10284 2  0.76  0.6675  0.626667  1.97626e-323

pattern answer52:
vertex1: 节点个数 1
10524 1 0.93
vertex2: 节点个数 2
2985 2 0.85
4794 2 0.76
vertex3: 节点个数 2
5961 3 0.97
7945 3 0.75
vertex4: 节点个数 2
111 4 0.8
267 4 0.59
edge_match: 
from 1 to 3 matchnode 10524

10524 5961 3  0.582309  0.504252  0.585  1.97626e-323
10524 7945 2  0.6474  0.8827  0.883333  1.97626e-323
edge_match: 
from 2 to 4 matchnode 2985

2985 111 2  0.8836  0.5168  0.56  6.95162e-310
2985 267 2  0.54  0.6732  0.776667  6.95162e-310
from 2 to 4 matchnode 4794

4794 111 3  0.615342  0.65637  0.645  6.95162e-310
4794 267 3  0.660114  0.617463  0.6725  6.95162e-310
edge_match: 
from 3 to 1 matchnode 5961

5961 10524 3  0.608966  0.609224  0.755  1.97626e-323
from 3 to 1 matchnode 7945

7945 10524 3  0.701592  0.62662  0.7475  1.97626e-323
edge_match: 
from 4 to 1 matchnode 111

111 10524 1  0.61  0.94  0.865  1.97626e-323
from 4 to 1 matchnode 267

267 10524 3  0.64206  0.619875  0.8225  1.97626e-323

pattern answer53:
vertex1: 节点个数 1
10781 1 0.59
vertex2: 节点个数 2
1129 2 0.63
1543 2 0.88
vertex3: 节点个数 2
608 3 0.74
879 3 0.71
vertex4: 节点个数 2
1637 4 0.79
2852 4 0.6
edge_match: 
from 1 to 3 matchnode 10781

10781 608 3  0.581704  0.772398  0.57  1.97626e-323
10781 879 3  0.730296  0.70312  0.685  1.97626e-323
edge_match: 
from 2 to 4 matchnode 1129

1129 1637 3  0.71064  0.61938  0.6025  9.60756e-312
1129 2852 3  0.5168  0.6399  0.635  6.95162e-310
from 2 to 4 matchnode 1543

1543 1637 3  0.6669  0.6804  0.6675  9.60756e-312
1543 2852 3  0.61479  0.7031  0.7275  6.95162e-310
edge_match: 
from 3 to 1 matchnode 608

608 10781 3  0.570024  0.516516  0.675  1.97626e-323
from 3 to 1 matchnode 879

879 10781 3  0.543996  0.501584  0.5575  1.97626e-323
edge_match: 
from 4 to 1 matchnode 1637

1637 10781 3  0.746856  0.609408  0.705  1.97626e-323
from 4 to 1 matchnode 2852

2852 10781 3  0.75168  0.516344  0.585  1.97626e-323

pattern answer54:
vertex1: 节点个数 1
10808 1 0.71
vertex2: 节点个数 2
2519 2 0.65
6424 2 0.56
vertex3: 节点个数 2
879 3 0.71
1221 3 0.6
vertex4: 节点个数 2
111 4 0.8
894 4 0.72
edge_match: 
from 1 to 3 matchnode 10808

10808 879 3  0.732105  0.64768  0.675  1.97626e-323
10808 1221 3  0.68191  0.634452  0.655  1.97626e-323
edge_match: 
from 2 to 4 matchnode 2519

2519 111 3  0.59926  0.56406  0.6  6.95162e-310
2519 894 3  0.531432  0.656964  0.54  6.95162e-310
from 2 to 4 matchnode 6424

6424 111 3  0.577808  0.52416  0.6075  6.95162e-310
6424 894 3  0.523908  0.521088  0.515  6.95162e-310
edge_match: 
from 3 to 1 matchnode 879

879 10808 3  0.692064  0.79249  0.5275  1.97626e-323
from 3 to 1 matchnode 1221

1221 10808 2  0.5963  0.703  0.543333  1.97626e-323
edge_match: 
from 4 to 1 matchnode 111

111 10808 2  0.6141  0.5828  0.81  1.97626e-323
from 4 to 1 matchnode 894

894 10808 2  0.78  0.5184  0.55  1.97626e-323

pattern answer55:
vertex1: 节点个数 1
10899 1 0.79
vertex2: 节点个数 2
2147 2 0.99
3384 2 0.96
vertex3: 节点个数 2
1453 3 0.65
2909 3 0.52
vertex4: 节点个数 2
267 4 0.59
540 4 0.96
edge_match: 
from 1 to 3 matchnode 10899

10899 1453 3  0.675  0.512512  0.61  1.97626e-323
10899 2909 1  0.53  0.92  0.655  1.97626e-323
edge_match: 
from 2 to 4 matchnode 2147

2147 267 2  0.79  0.5025  0.616667  6.95162e-310
2147 540 3  0.652548  0.561752  0.78  9.60756e-312
from 2 to 4 matchnode 3384

3384 267 3  0.84721  0.54  0.655  6.95162e-310
3384 540 3  0.7396  0.6432  0.725  9.60756e-312
edge_match: 
from 3 to 1 matchnode 1453

1453 10899 3  0.528295  0.523296  0.67  1.97626e-323
from 3 to 1 matchnode 2909

2909 10899 1  0.83  0.96  0.655  1.97626e-323
edge_match: 
from 4 to 1 matchnode 267

267 10899 3  0.603345  0.60552  0.6825  1.97626e-323
from 4 to 1 matchnode 540

540 10899 2  0.6314  0.558  0.853333  1.97626e-323

pattern answer56:
vertex1: 节点个数 1
11099 1 0.78
vertex2: 节点个数 2
4793 2 0.76
4809 2 0.88
vertex3: 节点个数 2
879 3 0.71
1370 3 0.94
vertex4: 节点个数 2
2949 4 0.53
4582 4 0.81
edge_match: 
from 1 to 3 matchnode 11099

11099 879 3  0.72618  0.502524  0.62  1.97626e-323
11099 1370 1  0.65  0.94  0.86  1.97626e-323
edge_match: 
from 2 to 4 matchnode 4793

4793 2949 3  0.79443  0.76626  0.54  6.95162e-310
4793 4582 3  0.543312  0.68191  0.625  9.60756e-312
from 2 to 4 matchnode 4809

4809 2949 3  0.767536  0.51129  0.6125  6.95162e-310
4809 4582 3  0.793848  0.676875  0.55  9.60756e-312
edge_match: 
from 3 to 1 matchnode 879

879 11099 2  0.534  0.7068  0.526667  1.97626e-323
from 3 to 1 matchnode 1370

1370 11099 2  0.7469  0.539  0.65  1.97626e-323
edge_match: 
from 4 to 1 matchnode 2949

2949 11099 3  0.502524  0.5148  0.6875  1.97626e-323
from 4 to 1 matchnode 4582

4582 11099 3  0.688415  0.503424  0.605  1.97626e-323

pattern answer57:
vertex1: 节点个数 1
11137 1 0.65
vertex2: 节点个数 2
3384 2 0.96
5554 2 0.58
vertex3: 节点个数 2
2820 3 0.53
11814 3 0.73
vertex4: 节点个数 2
267 4 0.59
2152 4 0.78
edge_match: 
from 1 to 3 matchnode 11137

11137 2820 3  0.510048  0.522928  0.595  1.4822e-323
11137 11814 2  0.6532  0.6497  0.783333  1.4822e-323
edge_match: 
from 2 to 4 matchnode 3384

3384 267 3  0.84721  0.54  0.655  6.95162e-310
3384 2152 3  0.811538  0.585  0.7025  6.95162e-310
from 2 to 4 matchnode 5554

5554 267 3  0.519498  0.59598  0.5875  6.95162e-310
5554 2152 2  0.91  0.5226  0.566667  6.95162e-310
edge_match: 
from 3 to 1 matchnode 2820

2820 11137 3  0.532611  0.616968  0.545  1.4822e-323
from 3 to 1 matchnode 11814

11814 11137 3  0.642114  0.51765  0.56  1.4822e-323
edge_match: 
from 4 to 1 matchnode 267

267 11137 3  0.541632  0.54824  0.655  1.4822e-323
from 4 to 1 matchnode 2152

2152 11137 3  0.53856  0.6862  0.6575  1.4822e-323

pattern answer58:
vertex1: 节点个数 1
11288 1 0.67
vertex2: 节点个数 2
1129 2 0.63
2503 2 0.89
vertex3: 节点个数 2
879 3 0.71
3457 3 0.66
vertex4: 节点个数 2
215 4 0.84
1537 4 0.97
edge_match: 
from 1 to 3 matchnode 11288

11288 879 3  0.75563  0.55845  0.8075  1.97626e-323
11288 3457 3  0.726528  0.62909  0.715  1.97626e-323
edge_match: 
from 2 to 4 matchnode 1129

1129 215 3  0.64296  0.68634  0.615  9.60756e-312
1129 1537 2  0.8272  0.747  0.71  6.95162e-310
from 2 to 4 matchnode 2503

2503 215 3  0.830208  0.696192  0.7075  9.60756e-312
2503 1537 3  0.501952  0.54033  0.7175  6.95162e-310
edge_match: 
from 3 to 1 matchnode 879

879 11288 2  0.768  0.7056  0.736667  1.97626e-323
from 3 to 1 matchnode 3457

3457 11288 3  0.594432  0.624195  0.6175  1.97626e-323
edge_match: 
from 4 to 1 matchnode 215

215 11288 2  0.8811  0.5063  0.503333  1.97626e-323
from 4 to 1 matchnode 1537

1537 11288 3  0.506943  0.68724  0.6475  1.97626e-323

pattern answer59:
vertex1: 节点个数 1
14036 1 0.97
vertex2: 节点个数 2
335 2 0.57
2196 2 0.6
vertex3: 节点个数 2
2828 3 0.95
33762 3 0.57
vertex4: 节点个数 2
111 4 0.8
2949 4 0.53
edge_match: 
from 1 to 3 matchnode 14036

14036 2828 2  0.7448  0.7623  0.646667  1.97626e-323
14036 33762 2  0.5244  0.7524  0.52  1.97626e-323
edge_match: 
from 2 to 4 matchnode 335

335 111 3  0.5508  0.58464  0.6075  6.95162e-310
335 2949 3  0.657888  0.57057  0.535  6.95162e-310
from 2 to 4 matchnode 2196

2196 111 1  0.68  0.87  0.7  6.95162e-310
2196 2949 3  0.59808  0.79524  0.5775  6.95162e-310
edge_match: 
from 3 to 1 matchnode 2828

2828 14036 3  0.651452  0.51136  0.6225  1.97626e-323
from 3 to 1 matchnode 33762

33762 14036 2  0.8924  0.7565  0.52  1.97626e-323
edge_match: 
from 4 to 1 matchnode 111

111 14036 2  0.5824  0.7008  0.686667  1.97626e-323
from 4 to 1 matchnode 2949

2949 14036 3  0.786968  0.738  0.5725  1.97626e-323

pattern answer60:
vertex1: 节点个数 1
14154 1 0.71
vertex2: 节点个数 2
2196 2 0.6
2519 2 0.65
vertex3: 节点个数 2
5961 3 0.97
10272 3 0.76
vertex4: 节点个数 2
111 4 0.8
709 4 0.86
edge_match: 
from 1 to 3 matchnode 14154

14154 5961 3  0.58045  0.5076  0.7575  1.97626e-323
14154 10272 3  0.524875  0.514448  0.5975  1.97626e-323
edge_match: 
from 2 to 4 matchnode 2196

2196 111 1  0.68  0.87  0.7  6.95162e-310
2196 709 3  0.517752  0.810144  0.72  6.95162e-310
from 2 to 4 matchnode 2519

2519 111 3  0.59926  0.56406  0.6  6.95162e-310
2519 709 3  0.64155  0.551232  0.65  6.95162e-310
edge_match: 
from 3 to 1 matchnode 5961

5961 14154 3  0.5848  0.534798  0.615  1.97626e-323
from 3 to 1 matchnode 10272

10272 14154 3  0.51168  0.58065  0.505  1.97626e-323
edge_match: 
from 4 to 1 matchnode 111

111 14154 3  0.803682  0.6636  0.6425  1.97626e-323
from 4 to 1 matchnode 709

709 14154 3  0.543906  0.565719  0.5  1.97626e-323

pattern answer61:
vertex1: 节点个数 1
14472 1 0.86
vertex2: 节点个数 2
2147 2 0.99
5616 2 0.51
vertex3: 节点个数 2
2820 3 0.53
4209 3 0.69
vertex4: 节点个数 2
267 4 0.59
662 4 0.53
edge_match: 
from 1 to 3 matchnode 14472

14472 2820 3  0.673794  0.62244  0.6775  1.4822e-323
14472 4209 2  0.5904  0.69  0.593333  1.4822e-323
edge_match: 
from 2 to 4 matchnode 2147

2147 267 2  0.79  0.5025  0.616667  6.95162e-310
2147 662 3  0.601224  0.530104  0.6725  6.95162e-310
from 2 to 4 matchnode 5616

5616 267 3  0.506825  0.532224  0.54  6.95162e-310
5616 662 2  0.8526  0.7735  0.526667  6.95162e-310
edge_match: 
from 3 to 1 matchnode 2820

2820 14472 3  0.59598  0.684  0.5875  1.4822e-323
from 3 to 1 matchnode 4209

4209 14472 3  0.55269  0.536263  0.635  1.4822e-323
edge_match: 
from 4 to 1 matchnode 267

267 14472 3  0.67284  0.717535  0.61  1.4822e-323
from 4 to 1 matchnode 662

662 14472 3  0.501492  0.59092  0.53  1.4822e-323

pattern answer62:
vertex1: 节点个数 1
14905 1 0.64
vertex2: 节点个数 2
2519 2 0.65
4794 2 0.76
vertex3: 节点个数 2
2726 3 0.74
2820 3 0.53
vertex4: 节点个数 2
111 4 0.8
1738 4 0.59
edge_match: 
from 1 to 3 matchnode 14905

14905 2726 2  0.5952  0.5642  0.556667  1.97626e-323
14905 2820 3  0.741024  0.552825  0.55  1.97626e-323
edge_match: 
from 2 to 4 matchnode 2519

2519 111 3  0.59926  0.56406  0.6  6.95162e-310
2519 1738 3  0.5478  0.777568  0.625  9.60756e-312
from 2 to 4 matchnode 4794

4794 111 3  0.615342  0.65637  0.645  6.95162e-310
4794 1738 2  0.6693  0.6319  0.5  9.60756e-312
edge_match: 
from 3 to 1 matchnode 2726

2726 14905 2  0.6075  0.5963  0.556667  1.97626e-323
from 3 to 1 matchnode 2820

2820 14905 3  0.588708  0.504897  0.5925  1.97626e-323
edge_match: 
from 4 to 1 matchnode 111

111 14905 2  0.7371  0.6497  0.576667  1.97626e-323
from 4 to 1 matchnode 1738

1738 14905 2  0.5508  0.8811  0.506667  1.97626e-323

pattern answer63:
vertex1: 节点个数 1
14942 1 0.52
vertex2: 节点个数 2
1129 2 0.63
3374 2 0.81
vertex3: 节点个数 2
6240 3 0.89
8561 3 0.76
vertex4: 节点个数 2
3344 4 0.99
3529 4 0.97
edge_match: 
from 1 to 3 matchnode 14942

14942 6240 2  0.72  0.705  0.57  9.60756e-312
14942 8561 2  0.5016  0.5782  0.62  9.60756e-312
edge_match: 
from 2 to 4 matchnode 1129

1129 3344 3  0.703248  0.598995  0.675  6.95162e-310
1129 3529 3  0.54834  0.69139  0.8475  6.95162e-310
from 2 to 4 matchnode 3374

3374 3344 3  0.556416  0.67473  0.83  6.95162e-310
3374 3529 2  0.7224  0.799  0.89  6.95162e-310
edge_match: 
from 3 to 1 matchnode 6240

6240 14942 3  0.677376  0.5016  0.535  9.60756e-312
from 3 to 1 matchnode 8561

8561 14942 2  0.5063  0.833  0.62  9.60756e-312
edge_match: 
from 4 to 1 matchnode 3344

3344 14942 2  0.776  0.5432  0.556667  9.60756e-312
from 4 to 1 matchnode 3529

3529 14942 2  0.833  0.539  0.636667  9.60756e-312

pattern answer64:
vertex1: 节点个数 1
16132 1 0.9
vertex2: 节点个数 2
2985 2 0.85
4794 2 0.76
vertex3: 节点个数 2
3897 3 0.7
10421 3 0.89
vertex4: 节点个数 2
111 4 0.8
267 4 0.59
edge_match: 
from 1 to 3 matchnode 16132

16132 3897 3  0.50976  0.707712  0.8275  1.97626e-323
16132 10421 3  0.55269  0.507213  0.705  1.97626e-323
edge_match: 
from 2 to 4 matchnode 2985

2985 111 2  0.8836  0.5168  0.56  6.95162e-310
2985 267 2  0.54  0.6732  0.776667  6.95162e-310
from 2 to 4 matchnode 4794

4794 111 3  0.615342  0.65637  0.645  6.95162e-310
4794 267 3  0.660114  0.617463  0.6725  6.95162e-310
edge_match: 
from 3 to 1 matchnode 3897

3897 16132 3  0.58349  0.53856  0.62  1.97626e-323
from 3 to 1 matchnode 10421

10421 16132 3  0.6768  0.5434  0.805  1.97626e-323
edge_match: 
from 4 to 1 matchnode 111

111 16132 3  0.552552  0.672111  0.535  1.97626e-323
from 4 to 1 matchnode 267

267 16132 3  0.528  0.6517  0.5325  1.97626e-323

pattern answer65:
vertex1: 节点个数 1
16951 1 0.59
vertex2: 节点个数 2
4308 2 0.51
5617 2 0.53
vertex3: 节点个数 2
3457 3 0.66
9813 3 0.66
vertex4: 节点个数 2
1537 4 0.97
7693 4 0.65
edge_match: 
from 1 to 3 matchnode 16951

16951 3457 3  0.56848  0.558558  0.5775  1.97626e-323
16951 9813 3  0.581256  0.6783  0.5375  1.97626e-323
edge_match: 
from 2 to 4 matchnode 4308

4308 1537 3  0.6952  0.56729  0.5975  6.95162e-310
4308 7693 3  0.585808  0.61992  0.5675  9.60756e-312
from 2 to 4 matchnode 5617

5617 1537 2  0.5963  0.8148  0.696667  6.95162e-310
5617 7693 3  0.703308  0.72171  0.5775  9.60756e-312
edge_match: 
from 3 to 1 matchnode 3457

3457 16951 2  0.836  0.5265  0.55  1.97626e-323
from 3 to 1 matchnode 9813

9813 16951 2  0.5544  0.611  0.55  1.97626e-323
edge_match: 
from 4 to 1 matchnode 1537

1537 16951 2  0.7304  0.6045  0.653333  1.97626e-323
from 4 to 1 matchnode 7693

7693 16951 2  0.6402  0.9312  0.526667  1.97626e-323

pattern answer66:
vertex1: 节点个数 1
17078 1 0.79
vertex2: 节点个数 2
4308 2 0.51
5617 2 0.53
vertex3: 节点个数 2
2764 3 0.51
2909 3 0.52
vertex4: 节点个数 2
894 4 0.72
1537 4 0.97
edge_match: 
from 1 to 3 matchnode 17078

17078 2764 2  0.7565  0.6035  0.72  1.97626e-323
17078 2909 2  0.6885  0.7905  0.723333  1.97626e-323
edge_match: 
from 2 to 4 matchnode 4308

4308 894 3  0.510692  0.838953  0.515  6.95162e-310
4308 1537 3  0.6952  0.56729  0.5975  6.95162e-310
from 2 to 4 matchnode 5617

5617 894 3  0.69776  0.553311  0.51  6.95162e-310
5617 1537 2  0.5963  0.8148  0.696667  6.95162e-310
edge_match: 
from 3 to 1 matchnode 2764

2764 17078 3  0.55986  0.57936  0.6675  1.97626e-323
from 3 to 1 matchnode 2909

2909 17078 2  0.8256  0.578  0.723333  1.97626e-323
edge_match: 
from 4 to 1 matchnode 894

894 17078 3  0.539392  0.642005  0.62  1.97626e-323
from 4 to 1 matchnode 1537

1537 17078 3  0.7138  0.6324  0.755  1.97626e-323

pattern answer67:
vertex1: 节点个数 1
17100 1 0.99
vertex2: 节点个数 2
5710 2 0.77
6424 2 0.56
vertex3: 节点个数 2
2820 3 0.53
3457 3 0.66
vertex4: 节点个数 2
215 4 0.84
267 4 0.59
edge_match: 
from 1 to 3 matchnode 17100

17100 2820 1  0.94  0.82  0.76  9.60756e-312
17100 3457 3  0.542944  0.803682  0.6175  9.60756e-312
edge_match: 
from 2 to 4 matchnode 5710

5710 215 3  0.701019  0.5412  0.755  9.60756e-312
5710 267 3  0.6715  0.64584  0.6475  6.95162e-310
from 2 to 4 matchnode 6424

6424 215 3  0.82992  0.601312  0.6875  9.60756e-312
6424 267 3  0.5922  0.612612  0.73  6.95162e-310
edge_match: 
from 3 to 1 matchnode 2820

2820 17100 1  0.8  0.91  0.76  9.60756e-312
from 3 to 1 matchnode 3457

3457 17100 3  0.84816  0.706662  0.6375  9.60756e-312
edge_match: 
from 4 to 1 matchnode 215

215 17100 3  0.518692  0.52962  0.7575  9.60756e-312
from 4 to 1 matchnode 267

267 17100 2  0.8645  0.8811  0.666667  9.60756e-312

pattern answer68:
vertex1: 节点个数 1
17780 1 0.96
vertex2: 节点个数 2
2985 2 0.85
4794 2 0.76
vertex3: 节点个数 2
879 3 0.71
3457 3 0.66
vertex4: 节点个数 2
111 4 0.8
267 4 0.59
edge_match: 
from 1 to 3 matchnode 17780

17780 879 3  0.675122  0.60528  0.655  1.97626e-323
17780 3457 3  0.77616  0.633798  0.5975  1.97626e-323
edge_match: 
from 2 to 4 matchnode 2985

2985 111 2  0.8836  0.5168  0.56  6.95162e-310
2985 267 2  0.54  0.6732  0.776667  6.95162e-310
from 2 to 4 matchnode 4794

4794 111 3  0.615342  0.65637  0.645  6.95162e-310
4794 267 3  0.660114  0.617463  0.6725  6.95162e-310
edge_match: 
from 3 to 1 matchnode 879

879 17780 2  0.6688  0.588  0.643333  1.97626e-323
from 3 to 1 matchnode 3457

3457 17780 3  0.703248  0.54432  0.85  1.97626e-323
edge_match: 
from 4 to 1 matchnode 111

111 17780 3  0.548856  0.51798  0.8375  1.97626e-323
from 4 to 1 matchnode 267

267 17780 3  0.510048  0.54432  0.5325  1.97626e-323

pattern answer69:
vertex1: 节点个数 1
18944 1 0.95
vertex2: 节点个数 2
1543 2 0.88
2059 2 0.57
vertex3: 节点个数 2
879 3 0.71
8269 3 0.7
vertex4: 节点个数 2
2852 4 0.6
2949 4 0.53
edge_match: 
from 1 to 3 matchnode 18944

18944 879 2  0.6786  0.6789  0.856667  1.97626e-323
18944 8269 2  0.6417  0.5092  0.7  1.97626e-323
edge_match: 
from 2 to 4 matchnode 1543

1543 2852 3  0.61479  0.7031  0.7275  6.95162e-310
1543 2949 3  0.950796  0.587202  0.5325  6.95162e-310
from 2 to 4 matchnode 2059

2059 2852 3  0.50715  0.626076  0.62  6.95162e-310
2059 2949 3  0.593096  0.837045  0.5225  6.95162e-310
edge_match: 
from 3 to 1 matchnode 879

879 18944 3  0.561408  0.697333  0.825  1.97626e-323
from 3 to 1 matchnode 8269

8269 18944 2  0.5762  0.5187  0.83  1.97626e-323
edge_match: 
from 4 to 1 matchnode 2852

2852 18944 3  0.5418  0.625443  0.755  1.97626e-323
from 4 to 1 matchnode 2949

2949 18944 2  0.5049  0.54  0.583333  1.97626e-323

pattern answer70:
vertex1: 节点个数 1
19742 1 0.89
vertex2: 节点个数 2
2519 2 0.65
6424 2 0.56
vertex3: 节点个数 2
608 3 0.74
3457 3 0.66
vertex4: 节点个数 2
111 4 0.8
894 4 0.72
edge_match: 
from 1 to 3 matchnode 19742

19742 608 3  0.549575  0.554224  0.7425  1.97626e-323
19742 3457 2  0.6175  0.5896  0.743333  1.97626e-323
edge_match: 
from 2 to 4 matchnode 2519

2519 111 3  0.59926  0.56406  0.6  6.95162e-310
2519 894 3  0.531432  0.656964  0.54  6.95162e-310
from 2 to 4 matchnode 6424

6424 111 3  0.577808  0.52416  0.6075  6.95162e-310
6424 894 3  0.523908  0.521088  0.515  6.95162e-310
edge_match: 
from 3 to 1 matchnode 608

608 19742 3  0.64792  0.535788  0.75  1.97626e-323
from 3 to 1 matchnode 3457

3457 19742 1  0.89  0.82  0.775  1.97626e-323
edge_match: 
from 4 to 1 matchnode 111

111 19742 3  0.615524  0.592614  0.66  1.97626e-323
from 4 to 1 matchnode 894

894 19742 2  0.66  0.6225  0.566667  1.97626e-323

pattern answer71:
vertex1: 节点个数 1
21676 1 0.8
vertex2: 节点个数 2
5616 2 0.51
9885 2 0.81
vertex3: 节点个数 2
608 3 0.74
2820 3 0.53
vertex4: 节点个数 2
882 4 0.66
2152 4 0.78
edge_match: 
from 1 to 3 matchnode 21676

21676 608 2  0.7776  0.581  0.813333  1.97626e-323
21676 2820 3  0.521478  0.679272  0.565  1.97626e-323
edge_match: 
from 2 to 4 matchnode 5616

5616 882 3  0.5742  0.54194  0.525  6.95162e-310
5616 2152 2  0.697  0.5265  0.513333  6.95162e-310
from 2 to 4 matchnode 9885

9885 882 2  0.675  0.7742  0.793333  6.95162e-310
9885 2152 2  0.891  0.5684  0.833333  6.95162e-310
edge_match: 
from 3 to 1 matchnode 608

608 21676 2  0.648  0.6916  0.746667  1.97626e-323
from 3 to 1 matchnode 2820

2820 21676 3  0.6624  0.6859  0.55  1.97626e-323
edge_match: 
from 4 to 1 matchnode 882

882 21676 3  0.68886  0.684684  0.5625  1.97626e-323
from 4 to 1 matchnode 2152

2152 21676 3  0.552156  0.559488  0.6675  1.97626e-323

pattern answer72:
vertex1: 节点个数 1
24028 1 0.61
vertex2: 节点个数 2
128 2 0.78
11788 2 0.59
vertex3: 节点个数 2
608 3 0.74
4564 3 0.53
vertex4: 节点个数 2
805 4 0.89
2852 4 0.6
edge_match: 
from 1 to 3 matchnode 24028

24028 608 2  0.5088  0.693  0.75  1.4822e-323
24028 4564 3  0.526884  0.627984  0.5575  1.4822e-323
edge_match: 
from 2 to 4 matchnode 128

128 805 3  0.509712  0.731276  0.555  6.95162e-310
128 2852 3  0.602217  0.772896  0.7  6.95162e-310
from 2 to 4 matchnode 11788

11788 805 3  0.820911  0.530453  0.6625  6.95162e-310
11788 2852 2  0.8064  0.7029  0.543333  6.95162e-310
edge_match: 
from 3 to 1 matchnode 608

608 24028 3  0.536238  0.636192  0.63  1.4822e-323
from 3 to 1 matchnode 4564

4564 24028 3  0.693504  0.509175  0.555  1.4822e-323
edge_match: 
from 4 to 1 matchnode 805

805 24028 3  0.701184  0.598455  0.605  1.4822e-323
from 4 to 1 matchnode 2852

2852 24028 2  0.714  0.5568  0.613333  1.4822e-323

pattern answer73:
vertex1: 节点个数 1
26023 1 0.77
vertex2: 节点个数 2
2985 2 0.85
4793 2 0.76
vertex3: 节点个数 2
2820 3 0.53
2860 3 0.74
vertex4: 节点个数 2
111 4 0.8
1637 4 0.79
edge_match: 
from 1 to 3 matchnode 26023

26023 2820 2  0.6052  0.8835  0.75  1.97626e-323
26023 2860 3  0.55458  0.501208  0.6275  1.97626e-323
edge_match: 
from 2 to 4 matchnode 2985

2985 111 2  0.8836  0.5168  0.56  6.95162e-310
2985 1637 3  0.538272  0.51282  0.8775  9.60756e-312
from 2 to 4 matchnode 4793

4793 111 3  0.619346  0.56745  0.71  6.95162e-310
4793 1637 2  0.6097  0.783  0.746667  9.60756e-312
edge_match: 
from 3 to 1 matchnode 2820

2820 26023 3  0.509808  0.836352  0.5075  1.97626e-323
from 3 to 1 matchnode 2860

2860 26023 2  0.735  0.864  0.566667  1.97626e-323
edge_match: 
from 4 to 1 matchnode 111

111 26023 3  0.731025  0.552706  0.745  1.97626e-323
from 4 to 1 matchnode 1637

1637 26023 3  0.5727  0.54264  0.615  1.97626e-323

pattern answer74:
vertex1: 节点个数 1
27509 1 0.85
vertex2: 节点个数 2
2503 2 0.89
4347 2 0.98
vertex3: 节点个数 2
2820 3 0.53
3457 3 0.66
vertex4: 节点个数 2
2153 4 0.78
6377 4 0.83
edge_match: 
from 1 to 3 matchnode 27509

27509 2820 2  0.6825  0.624  0.62  1.97626e-323
27509 3457 3  0.804076  0.764478  0.735  1.97626e-323
edge_match: 
from 2 to 4 matchnode 2503

2503 2153 3  0.5088  0.672672  0.5275  9.60756e-312
2503 6377 3  0.615168  0.65475  0.685  9.60756e-312
from 2 to 4 matchnode 4347

4347 2153 2  0.5194  0.9212  0.663333  9.60756e-312
4347 6377 3  0.640528  0.510326  0.64  9.60756e-312
edge_match: 
from 3 to 1 matchnode 2820

2820 27509 3  0.743311  0.5328  0.7275  1.97626e-323
from 3 to 1 matchnode 3457

3457 27509 2  0.5293  0.74  0.76  1.97626e-323
edge_match: 
from 4 to 1 matchnode 2153

2153 27509 3  0.637925  0.509268  0.67  1.97626e-323
from 4 to 1 matchnode 6377

6377 27509 3  0.548049  0.794236  0.6475  1.97626e-323

pattern answer75:
vertex1: 节点个数 1
31362 1 0.87
vertex2: 节点个数 2
2073 2 0.92
10093 2 0.68
vertex3: 节点个数 2
608 3 0.74
2529 3 0.74
vertex4: 节点个数 2
2077 4 0.78
7693 4 0.65
edge_match: 
from 1 to 3 matchnode 31362

31362 608 3  0.50184  0.677768  0.75  1.97626e-323
31362 2529 2  0.8448  0.6633  0.766667  1.97626e-323
edge_match: 
from 2 to 4 matchnode 2073

2073 2077 2  0.5135  0.86  0.773333  9.60756e-312
2073 7693 3  0.66123  0.51987  0.5975  9.60756e-312
from 2 to 4 matchnode 10093

10093 2077 3  0.55601  0.92  0.7175  9.60756e-312
10093 7693 3  0.662904  0.662904  0.58  9.60756e-312
edge_match: 
from 3 to 1 matchnode 608

608 31362 3  0.694378  0.681813  0.6925  1.97626e-323
from 3 to 1 matchnode 2529

2529 31362 3  0.682007  0.5396  0.58  1.97626e-323
edge_match: 
from 4 to 1 matchnode 2077

2077 31362 3  0.595677  0.531222  0.5975  1.97626e-323
from 4 to 1 matchnode 7693

7693 31362 3  0.515755  0.506088  0.675  1.97626e-323

pattern answer76:
vertex1: 节点个数 1
33025 1 0.66
vertex2: 节点个数 2
2503 2 0.89
4793 2 0.76
vertex3: 节点个数 2
608 3 0.74
879 3 0.71
vertex4: 节点个数 2
2077 4 0.78
5146 4 0.74
edge_match: 
from 1 to 3 matchnode 33025

33025 608 2  0.5335  0.8148  0.683333  1.97626e-323
33025 879 3  0.84681  0.515088  0.755  1.97626e-323
edge_match: 
from 2 to 4 matchnode 2503

2503 2077 1  0.5  0.84  0.835  9.60756e-312
2503 5146 3  0.76912  0.750974  0.6  9.60756e-312
from 2 to 4 matchnode 4793

4793 2077 3  0.56056  0.798  0.6825  9.60756e-312
4793 5146 3  0.63403  0.571136  0.5975  9.60756e-312
edge_match: 
from 3 to 1 matchnode 608

608 33025 2  0.644  0.8736  0.683333  1.97626e-323
from 3 to 1 matchnode 879

879 33025 3  0.715392  0.754272  0.5975  1.97626e-323
edge_match: 
from 4 to 1 matchnode 2077

2077 33025 3  0.761484  0.590976  0.7125  1.97626e-323
from 4 to 1 matchnode 5146

5146 33025 3  0.6723  0.731808  0.6575  1.97626e-323

