pattern answer1:
vertex1: 节点个数 1
324 1 0.98
vertex2: 节点个数 2
2503 2 0.89
2519 2 0.65
vertex3: 节点个数 2
608 3 0.74
2820 3 0.53
vertex4: 节点个数 2
662 4 0.53
2949 4 0.53
edge_match: 
from 1 to 2 matchnode 324

324 2503 3  0.648375  0.65856  0.7025  8.30172e-312
324 2519 3  0.585808  0.750288  0.805  8.30172e-312
from 1 to 4 matchnode 324

324 662 3  0.766948  0.5372  0.7275  1.97626e-323
324 2949 3  0.73062  0.784148  0.575  1.97626e-323
edge_match: 
from 2 to 1 matchnode 2503

2503 324 2  0.7821  0.7128  0.843333  1.97626e-323
from 2 to 3 matchnode 2503

2503 608 3  0.57939  0.622656  0.7725  6.95165e-310
2503 2820 2  0.8096  0.7742  0.553333  6.95165e-310
from 2 to 4 matchnode 2503

2503 662 3  0.626076  0.508368  0.7775  6.95165e-310
2503 2949 3  0.52976  0.569088  0.775  8.30172e-312
from 2 to 1 matchnode 2519

2519 324 3  0.627396  0.856128  0.695  1.97626e-323
from 2 to 3 matchnode 2519

2519 608 1  0.55  0.97  0.695  8.30188e-312
2519 2820 3  0.7056  0.697728  0.5025  8.30188e-312
from 2 to 4 matchnode 2519

2519 662 3  0.67068  0.568032  0.6875  6.95165e-310
2519 2949 3  0.88209  0.534576  0.51  8.30172e-312
edge_match: 
from 3 to 1 matchnode 608

608 324 3  0.746496  0.755384  0.885  1.97626e-323
from 3 to 2 matchnode 608

608 2503 3  0.5874  0.737748  0.79  6.95165e-310
608 2519 1  0.7  0.91  0.695  6.95165e-310
from 3 to 4 matchnode 608

608 662 3  0.693504  0.547722  0.77  6.95165e-310
608 2949 3  0.52272  0.539392  0.6075  8.30172e-312
from 3 to 1 matchnode 2820

2820 324 3  0.691096  0.819423  0.6075  1.97626e-323
from 3 to 2 matchnode 2820

2820 2503 3  0.601996  0.5031  0.75  6.95165e-310
2820 2519 3  0.673552  0.569184  0.5975  6.95165e-310
from 3 to 4 matchnode 2820

2820 662 3  0.755384  0.64821  0.565  6.95165e-310
2820 2949 3  0.64449  0.763092  0.6325  8.30172e-312
edge_match: 
from 4 to 1 matchnode 662

662 324 2  0.5964  0.5141  0.56  1.97626e-323
from 4 to 3 matchnode 662

662 608 3  0.500337  0.69258  0.5125  6.95165e-310
662 2820 3  0.52377  0.590304  0.5675  6.95165e-310
from 4 to 1 matchnode 2949

2949 324 3  0.711711  0.598752  0.765  1.97626e-323
from 4 to 3 matchnode 2949

2949 608 3  0.500892  0.813006  0.62  8.30172e-312
2949 2820 3  0.736736  0.650328  0.5475  8.30172e-312

pattern answer2:
vertex1: 节点个数 1
1632 1 0.77
vertex2: 节点个数 2
4809 2 0.88
11788 2 0.59
vertex3: 节点个数 2
2529 3 0.74
4564 3 0.53
vertex4: 节点个数 2
894 4 0.72
2450 4 1
edge_match: 
from 1 to 2 matchnode 1632

1632 4809 3  0.5828  0.727818  0.7725  8.29775e-312
1632 11788 3  0.512512  0.830208  0.78  8.29775e-312
from 1 to 4 matchnode 1632

1632 894 3  0.504868  0.502386  0.545  0
1632 2450 3  0.718704  0.6975  0.6875  0
edge_match: 
from 2 to 1 matchnode 4809

4809 1632 1  0.64  0.73  0.825  0
from 2 to 3 matchnode 4809

4809 2529 3  0.698544  0.621984  0.705  8.30163e-312
4809 4564 3  0.883872  0.7106  0.745  8.30163e-312
from 2 to 4 matchnode 4809

4809 894 3  0.605346  0.7144  0.58  8.30172e-312
4809 2450 3  0.775806  0.5852  0.775  8.30165e-312
from 2 to 1 matchnode 11788

11788 1632 2  0.7663  0.7221  0.633333  0
from 2 to 3 matchnode 11788

11788 2529 3  0.646408  0.7968  0.5725  8.3018e-312
11788 4564 3  0.803712  0.7905  0.6075  8.3018e-312
from 2 to 4 matchnode 11788

11788 894 2  0.8736  0.7905  0.543333  8.30172e-312
11788 2450 3  0.717412  0.628144  0.7425  8.30165e-312
edge_match: 
from 3 to 1 matchnode 2529

2529 1632 3  0.72459  0.8664  0.61  0
from 3 to 2 matchnode 2529

2529 4809 3  0.551348  0.65835  0.6825  6.95165e-310
2529 11788 3  0.510048  0.709555  0.61  8.30163e-312
from 3 to 4 matchnode 2529

2529 894 2  0.5396  0.83  0.533333  8.30166e-312
2529 2450 3  0.74088  0.8036  0.6125  8.30165e-312
from 3 to 1 matchnode 4564

4564 1632 3  0.74214  0.697728  0.62  0
from 3 to 2 matchnode 4564

4564 4809 3  0.652224  0.82156  0.57  6.95165e-310
4564 11788 3  0.52122  0.788998  0.515  8.30163e-312
from 3 to 4 matchnode 4564

4564 894 3  0.528528  0.693966  0.55  8.30166e-312
4564 2450 3  0.765576  0.538752  0.6775  8.30165e-312
edge_match: 
from 4 to 1 matchnode 894

894 1632 3  0.567062  0.715008  0.615  0
from 4 to 3 matchnode 894

894 2529 3  0.820911  0.606816  0.79  8.30172e-312
894 4564 3  0.828828  0.5115  0.64  8.30172e-312
from 4 to 1 matchnode 2450

2450 1632 3  0.51034  0.681384  0.6375  0
from 4 to 3 matchnode 2450

2450 2529 3  0.709632  0.50787  0.67  8.30165e-312
2450 4564 3  0.718536  0.5727  0.625  8.30165e-312

pattern answer3:
vertex1: 节点个数 1
1811 1 0.67
vertex2: 节点个数 2
1543 2 0.88
2503 2 0.89
vertex3: 节点个数 2
879 3 0.71
2820 3 0.53
vertex4: 节点个数 2
2949 4 0.53
5520 4 0.6
edge_match: 
from 1 to 2 matchnode 1811

1811 1543 3  0.855  0.52706  0.66  8.30196e-312
1811 2503 3  0.8208  0.90307  0.565  8.30196e-312
from 1 to 4 matchnode 1811

1811 2949 3  0.51168  0.58806  0.7125  1.97626e-323
1811 5520 3  0.57222  0.7392  0.735  1.97626e-323
edge_match: 
from 2 to 1 matchnode 1543

1543 1811 3  0.5076  0.629  0.6825  1.97626e-323
from 2 to 3 matchnode 1543

1543 879 3  0.71145  0.8277  0.7375  6.95165e-310
1543 2820 3  0.5292  0.594  0.735  6.95165e-310
from 2 to 4 matchnode 1543

1543 2949 3  0.950796  0.587202  0.5325  8.30172e-312
1543 5520 3  0.75348  0.87  0.63  8.30164e-312
from 2 to 1 matchnode 2503

2503 1811 2  0.7663  0.836  0.74  1.97626e-323
from 2 to 3 matchnode 2503

2503 879 3  0.664785  0.712448  0.72  6.95165e-310
2503 2820 2  0.8096  0.7742  0.553333  6.95165e-310
from 2 to 4 matchnode 2503

2503 2949 3  0.52976  0.569088  0.775  8.30172e-312
2503 5520 3  0.633888  0.561412  0.69  8.30164e-312
edge_match: 
from 3 to 1 matchnode 879

879 1811 3  0.75854  0.79534  0.7575  1.97626e-323
from 3 to 2 matchnode 879

879 1543 3  0.56544  0.81972  0.6125  6.95165e-310
879 2503 3  0.66542  0.657272  0.5775  6.95165e-310
from 3 to 4 matchnode 879

879 2949 3  0.68886  0.60372  0.6  8.30172e-312
879 5520 3  0.59856  0.568008  0.665  8.30164e-312
from 3 to 1 matchnode 2820

2820 1811 3  0.819819  0.553152  0.7325  1.97626e-323
from 3 to 2 matchnode 2820

2820 1543 3  0.623  0.5986  0.75  6.95165e-310
2820 2503 3  0.601996  0.5031  0.75  6.95165e-310
from 3 to 4 matchnode 2820

2820 2949 3  0.64449  0.763092  0.6325  8.30172e-312
2820 5520 3  0.634452  0.828234  0.505  8.30164e-312
edge_match: 
from 4 to 1 matchnode 2949

2949 1811 3  0.697333  0.70224  0.6875  1.97626e-323
from 4 to 3 matchnode 2949

2949 879 3  0.56595  0.72709  0.69  8.30172e-312
2949 2820 3  0.736736  0.650328  0.5475  8.30172e-312
from 4 to 1 matchnode 5520

5520 1811 3  0.674344  0.76076  0.705  1.97626e-323
from 4 to 3 matchnode 5520

5520 879 2  0.6873  0.912  0.7  8.30164e-312
5520 2820 3  0.712448  0.704522  0.565  8.30164e-312

pattern answer4:
vertex1: 节点个数 1
2305 1 0.92
vertex2: 节点个数 2
2503 2 0.89
2519 2 0.65
vertex3: 节点个数 2
608 3 0.74
2820 3 0.53
vertex4: 节点个数 2
662 4 0.53
2949 4 0.53
edge_match: 
from 1 to 2 matchnode 2305

2305 2503 3  0.684855  0.50232  0.81  8.29767e-312
2305 2519 3  0.81972  0.642224  0.6275  8.29767e-312
from 1 to 4 matchnode 2305

2305 662 3  0.683256  0.50116  0.6475  9.88131e-324
2305 2949 3  0.75735  0.7826  0.515  9.88131e-324
edge_match: 
from 2 to 1 matchnode 2503

2503 2305 3  0.63121  0.52452  0.7025  9.88131e-324
from 2 to 3 matchnode 2503

2503 608 3  0.57939  0.622656  0.7725  6.95165e-310
2503 2820 2  0.8096  0.7742  0.553333  6.95165e-310
from 2 to 4 matchnode 2503

2503 662 3  0.626076  0.508368  0.7775  6.95165e-310
2503 2949 3  0.52976  0.569088  0.775  8.30172e-312
from 2 to 1 matchnode 2519

2519 2305 2  0.8265  0.7968  0.543333  9.88131e-324
from 2 to 3 matchnode 2519

2519 608 1  0.55  0.97  0.695  8.30188e-312
2519 2820 3  0.7056  0.697728  0.5025  8.30188e-312
from 2 to 4 matchnode 2519

2519 662 3  0.67068  0.568032  0.6875  6.95165e-310
2519 2949 3  0.88209  0.534576  0.51  8.30172e-312
edge_match: 
from 3 to 1 matchnode 608

608 2305 2  0.6144  0.8232  0.85  9.88131e-324
from 3 to 2 matchnode 608

608 2503 3  0.5874  0.737748  0.79  6.95165e-310
608 2519 1  0.7  0.91  0.695  6.95165e-310
from 3 to 4 matchnode 608

608 662 3  0.693504  0.547722  0.77  6.95165e-310
608 2949 3  0.52272  0.539392  0.6075  8.30172e-312
from 3 to 1 matchnode 2820

2820 2305 3  0.788832  0.678447  0.5775  9.88131e-324
from 3 to 2 matchnode 2820

2820 2503 3  0.601996  0.5031  0.75  6.95165e-310
2820 2519 3  0.673552  0.569184  0.5975  6.95165e-310
from 3 to 4 matchnode 2820

2820 662 3  0.755384  0.64821  0.565  6.95165e-310
2820 2949 3  0.64449  0.763092  0.6325  8.30172e-312
edge_match: 
from 4 to 1 matchnode 662

662 2305 2  0.6715  0.792  0.64  9.88131e-324
from 4 to 3 matchnode 662

662 608 3  0.500337  0.69258  0.5125  6.95165e-310
662 2820 3  0.52377  0.590304  0.5675  6.95165e-310
from 4 to 1 matchnode 2949

2949 2305 3  0.52272  0.56056  0.62  9.88131e-324
from 4 to 3 matchnode 2949

2949 608 3  0.500892  0.813006  0.62  8.30172e-312
2949 2820 3  0.736736  0.650328  0.5475  8.30172e-312

pattern answer5:
vertex1: 节点个数 1
4661 1 0.84
vertex2: 节点个数 2
5617 2 0.53
11788 2 0.59
vertex3: 节点个数 2
608 3 0.74
879 3 0.71
vertex4: 节点个数 2
5520 4 0.6
13786 4 0.88
edge_match: 
from 1 to 2 matchnode 4661

4661 5617 2  0.693  0.6831  0.69  8.30197e-312
4661 11788 3  0.501952  0.518692  0.615  8.30197e-312
from 1 to 4 matchnode 4661

4661 5520 3  0.504686  0.624348  0.6375  1.4822e-323
4661 13786 3  0.623392  0.558  0.6575  1.4822e-323
edge_match: 
from 2 to 1 matchnode 5617

5617 4661 3  0.645975  0.567567  0.6375  1.4822e-323
from 2 to 3 matchnode 5617

5617 608 3  0.559584  0.64505  0.69  8.30163e-312
5617 879 3  0.650328  0.779328  0.5975  8.30163e-312
from 2 to 4 matchnode 5617

5617 5520 2  0.8835  0.5402  0.516667  8.30164e-312
5617 13786 3  0.5488  0.623672  0.76  6.95165e-310
from 2 to 1 matchnode 11788

11788 4661 3  0.534534  0.52234  0.64  1.4822e-323
from 2 to 3 matchnode 11788

11788 608 1  0.85  0.57  0.665  8.3018e-312
11788 879 3  0.750974  0.621006  0.6525  8.3018e-312
from 2 to 4 matchnode 11788

11788 5520 2  0.8256  0.6319  0.543333  8.30164e-312
11788 13786 3  0.529408  0.513825  0.615  6.95165e-310
edge_match: 
from 3 to 1 matchnode 608

608 4661 3  0.589  0.541628  0.6175  1.4822e-323
from 3 to 2 matchnode 608

608 5617 3  0.630336  0.85652  0.7775  6.95165e-310
608 11788 3  0.592416  0.59878  0.745  8.30163e-312
from 3 to 4 matchnode 608

608 5520 3  0.811008  0.52234  0.79  8.30164e-312
608 13786 3  0.6192  0.7056  0.8775  6.95165e-310
from 3 to 1 matchnode 879

879 4661 1  0.87  0.81  0.775  1.4822e-323
from 3 to 2 matchnode 879

879 5617 3  0.60291  0.553311  0.695  6.95165e-310
879 11788 3  0.599104  0.828234  0.5825  8.30163e-312
from 3 to 4 matchnode 879

879 5520 3  0.59856  0.568008  0.665  8.30164e-312
879 13786 3  0.507496  0.733305  0.615  6.95165e-310
edge_match: 
from 4 to 1 matchnode 5520

5520 4661 3  0.597951  0.73872  0.735  1.4822e-323
from 4 to 3 matchnode 5520

5520 608 3  0.673554  0.58368  0.71  8.30164e-312
5520 879 2  0.6873  0.912  0.7  8.30164e-312
from 4 to 1 matchnode 13786

13786 4661 3  0.545664  0.571212  0.8  1.4822e-323
from 4 to 3 matchnode 13786

13786 608 3  0.6696  0.616704  0.79  6.95165e-310
13786 879 3  0.856128  0.5372  0.86  6.95165e-310

pattern answer6:
vertex1: 节点个数 1
5178 1 0.92
vertex2: 节点个数 2
2503 2 0.89
11788 2 0.59
vertex3: 节点个数 2
879 3 0.71
5961 3 0.97
vertex4: 节点个数 2
2852 4 0.6
2949 4 0.53
edge_match: 
from 1 to 2 matchnode 5178

5178 2503 2  0.6561  0.6956  0.71  8.30196e-312
5178 11788 3  0.61952  0.55131  0.795  8.30196e-312
from 1 to 4 matchnode 5178

5178 2852 3  0.55296  0.66402  0.695  1.97626e-323
5178 2949 3  0.6318  0.63112  0.6225  1.97626e-323
edge_match: 
from 2 to 1 matchnode 2503

2503 5178 3  0.567375  0.629052  0.555  1.97626e-323
from 2 to 3 matchnode 2503

2503 879 3  0.664785  0.712448  0.72  6.95165e-310
2503 5961 3  0.63954  0.526613  0.93  6.95165e-310
from 2 to 4 matchnode 2503

2503 2852 3  0.72618  0.572982  0.545  8.3018e-312
2503 2949 3  0.52976  0.569088  0.775  8.30172e-312
from 2 to 1 matchnode 11788

11788 5178 2  0.8736  0.8415  0.61  1.97626e-323
from 2 to 3 matchnode 11788

11788 879 3  0.750974  0.621006  0.6525  8.3018e-312
11788 5961 3  0.637056  0.55593  0.5075  8.3018e-312
from 2 to 4 matchnode 11788

11788 2852 2  0.8064  0.7029  0.543333  8.3018e-312
11788 2949 3  0.673374  0.50547  0.645  8.30172e-312
edge_match: 
from 3 to 1 matchnode 879

879 5178 3  0.663936  0.710622  0.58  1.97626e-323
from 3 to 2 matchnode 879

879 2503 3  0.66542  0.657272  0.5775  6.95165e-310
879 11788 3  0.599104  0.828234  0.5825  8.30163e-312
from 3 to 4 matchnode 879

879 2852 3  0.513315  0.57456  0.5325  8.3018e-312
879 2949 3  0.68886  0.60372  0.6  8.30172e-312
from 3 to 1 matchnode 5961

5961 5178 3  0.529125  0.571736  0.6025  1.97626e-323
from 3 to 2 matchnode 5961

5961 2503 3  0.597465  0.50589  0.6625  6.95165e-310
5961 11788 3  0.568323  0.855  0.76  8.30163e-312
from 3 to 4 matchnode 5961

5961 2852 2  0.7912  0.567  0.616667  8.3018e-312
5961 2949 3  0.576384  0.80801  0.6  8.30172e-312
edge_match: 
from 4 to 1 matchnode 2852

2852 5178 3  0.6417  0.569511  0.565  1.97626e-323
from 4 to 3 matchnode 2852

2852 879 3  0.656656  0.738  0.59  8.3018e-312
2852 5961 3  0.590604  0.696348  0.5575  8.3018e-312
from 4 to 1 matchnode 2949

2949 5178 3  0.51243  0.52488  0.67  1.97626e-323
from 4 to 3 matchnode 2949

2949 879 3  0.56595  0.72709  0.69  8.30172e-312
2949 5961 3  0.503712  0.6225  0.62  8.30172e-312

pattern answer7:
vertex1: 节点个数 1
5391 1 0.98
vertex2: 节点个数 2
335 2 0.57
4809 2 0.88
vertex3: 节点个数 2
879 3 0.71
4564 3 0.53
vertex4: 节点个数 2
2949 4 0.53
3074 4 0.91
edge_match: 
from 1 to 2 matchnode 5391

5391 335 2  0.5238  0.5822  0.796667  8.30198e-312
5391 4809 3  0.589248  0.60536  0.655  8.30198e-312
from 1 to 4 matchnode 5391

5391 2949 3  0.61983  0.500692  0.6375  9.88131e-324
5391 3074 3  0.576  0.576972  0.7275  9.88131e-324
edge_match: 
from 2 to 1 matchnode 335

335 5391 3  0.69426  0.545468  0.805  9.88131e-324
from 2 to 3 matchnode 335

335 879 3  0.664608  0.586971  0.55  6.95165e-310
335 4564 3  0.570024  0.80784  0.6025  6.95165e-310
from 2 to 4 matchnode 335

335 2949 3  0.657888  0.57057  0.535  8.30172e-312
335 3074 3  0.9009  0.553536  0.6625  8.30196e-312
from 2 to 1 matchnode 4809

4809 5391 3  0.506385  0.503295  0.77  9.88131e-324
from 2 to 3 matchnode 4809

4809 879 3  0.883568  0.56848  0.7575  8.30163e-312
4809 4564 3  0.883872  0.7106  0.745  8.30163e-312
from 2 to 4 matchnode 4809

4809 2949 3  0.767536  0.51129  0.6125  8.30172e-312
4809 3074 3  0.68796  0.644  0.7425  8.30196e-312
edge_match: 
from 3 to 1 matchnode 879

879 5391 3  0.695826  0.510255  0.7175  9.88131e-324
from 3 to 2 matchnode 879

879 335 3  0.56832  0.834372  0.5075  6.95165e-310
879 4809 3  0.622656  0.636272  0.6675  6.95165e-310
from 3 to 4 matchnode 879

879 2949 3  0.68886  0.60372  0.6  8.30172e-312
879 3074 3  0.648648  0.809622  0.785  8.30198e-312
from 3 to 1 matchnode 4564

4564 5391 3  0.5488  0.569492  0.6  9.88131e-324
from 3 to 2 matchnode 4564

4564 335 3  0.694848  0.715392  0.59  6.95165e-310
4564 4809 3  0.652224  0.82156  0.57  6.95165e-310
from 3 to 4 matchnode 4564

4564 2949 3  0.50764  0.68112  0.6375  8.30172e-312
4564 3074 3  0.67158  0.6336  0.705  8.30198e-312
edge_match: 
from 4 to 1 matchnode 2949

2949 5391 3  0.756756  0.5928  0.84  9.88131e-324
from 4 to 3 matchnode 2949

2949 879 3  0.56595  0.72709  0.69  8.30172e-312
2949 4564 3  0.732648  0.73206  0.68  8.30172e-312
from 4 to 1 matchnode 3074

3074 5391 2  0.5822  0.5346  0.96  9.88131e-324
from 4 to 3 matchnode 3074

3074 879 2  0.728  0.592  0.816667  8.30196e-312
3074 4564 2  0.5187  0.7178  0.756667  8.30196e-312

pattern answer8:
vertex1: 节点个数 1
5581 1 0.87
vertex2: 节点个数 2
2503 2 0.89
4809 2 0.88
vertex3: 节点个数 2
608 3 0.74
879 3 0.71
vertex4: 节点个数 2
2949 4 0.53
6303 4 0.72
edge_match: 
from 1 to 2 matchnode 5581

5581 2503 3  0.73549  0.666792  0.655  8.30196e-312
5581 4809 3  0.64328  0.5796  0.7075  8.30196e-312
from 1 to 4 matchnode 5581

5581 2949 3  0.54978  0.619248  0.78  1.97626e-323
5581 6303 3  0.656115  0.53544  0.545  1.97626e-323
edge_match: 
from 2 to 1 matchnode 2503

2503 5581 2  0.7227  0.8455  0.88  1.97626e-323
from 2 to 3 matchnode 2503

2503 608 3  0.57939  0.622656  0.7725  6.95165e-310
2503 879 3  0.664785  0.712448  0.72  6.95165e-310
from 2 to 4 matchnode 2503

2503 2949 3  0.52976  0.569088  0.775  8.30172e-312
2503 6303 3  0.552  0.601524  0.62  8.30172e-312
from 2 to 1 matchnode 4809

4809 5581 3  0.773388  0.503118  0.86  1.97626e-323
from 2 to 3 matchnode 4809

4809 608 1  0.7  0.6  0.81  8.30163e-312
4809 879 3  0.883568  0.56848  0.7575  8.30163e-312
from 2 to 4 matchnode 4809

4809 2949 3  0.767536  0.51129  0.6125  8.30172e-312
4809 6303 3  0.51688  0.65286  0.6425  8.30172e-312
edge_match: 
from 3 to 1 matchnode 608

608 5581 3  0.52283  0.589498  0.7775  1.97626e-323
from 3 to 2 matchnode 608

608 2503 3  0.5874  0.737748  0.79  6.95165e-310
608 4809 3  0.639576  0.523404  0.75  6.95165e-310
from 3 to 4 matchnode 608

608 2949 3  0.52272  0.539392  0.6075  8.30172e-312
608 6303 3  0.54528  0.646408  0.6475  8.30172e-312
from 3 to 1 matchnode 879

879 5581 2  0.6716  0.5612  0.856667  1.97626e-323
from 3 to 2 matchnode 879

879 2503 3  0.66542  0.657272  0.5775  6.95165e-310
879 4809 3  0.622656  0.636272  0.6675  6.95165e-310
from 3 to 4 matchnode 879

879 2949 3  0.68886  0.60372  0.6  8.30172e-312
879 6303 3  0.649344  0.602952  0.53  8.30172e-312
edge_match: 
from 4 to 1 matchnode 2949

2949 5581 3  0.657657  0.71022  0.7925  1.97626e-323
from 4 to 3 matchnode 2949

2949 608 3  0.500892  0.813006  0.62  8.30172e-312
2949 879 3  0.56595  0.72709  0.69  8.30172e-312
from 4 to 1 matchnode 6303

6303 5581 2  0.6141  0.5576  0.63  1.97626e-323
from 4 to 3 matchnode 6303

6303 608 3  0.6732  0.55692  0.5725  8.30163e-312
6303 879 3  0.866016  0.51976  0.65  8.30163e-312

pattern answer9:
vertex1: 节点个数 1
5924 1 0.86
vertex2: 节点个数 2
2519 2 0.65
5617 2 0.53
vertex3: 节点个数 2
879 3 0.71
4564 3 0.53
vertex4: 节点个数 2
5520 4 0.6
7693 4 0.65
edge_match: 
from 1 to 2 matchnode 5924

5924 2519 2  0.623  0.77  0.553333  8.30188e-312
5924 5617 3  0.71145  0.561627  0.7625  8.30188e-312
from 1 to 4 matchnode 5924

5924 5520 3  0.739968  0.5184  0.5775  1.97626e-323
5924 7693 3  0.535424  0.70848  0.7175  1.97626e-323
edge_match: 
from 2 to 1 matchnode 2519

2519 5924 3  0.60588  0.654052  0.59  1.97626e-323
from 2 to 3 matchnode 2519

2519 879 2  0.873  0.6132  0.786667  8.30188e-312
2519 4564 2  0.534  0.7448  0.526667  8.30188e-312
from 2 to 4 matchnode 2519

2519 5520 3  0.611697  0.748992  0.515  8.30164e-312
2519 7693 3  0.616616  0.64125  0.5475  8.30188e-312
from 2 to 1 matchnode 5617

5617 5924 3  0.57024  0.6732  0.515  1.97626e-323
from 2 to 3 matchnode 5617

5617 879 3  0.650328  0.779328  0.5975  8.30163e-312
5617 4564 3  0.931392  0.594  0.685  8.30163e-312
from 2 to 4 matchnode 5617

5617 5520 2  0.8835  0.5402  0.516667  8.30164e-312
5617 7693 3  0.703308  0.72171  0.5775  8.30188e-312
edge_match: 
from 3 to 1 matchnode 879

879 5924 3  0.50508  0.700488  0.5825  1.97626e-323
from 3 to 2 matchnode 879

879 2519 3  0.857092  0.591945  0.765  6.95165e-310
879 5617 3  0.60291  0.553311  0.695  6.95165e-310
from 3 to 4 matchnode 879

879 5520 3  0.59856  0.568008  0.665  8.30164e-312
879 7693 3  0.534528  0.678224  0.5275  8.30163e-312
from 3 to 1 matchnode 4564

4564 5924 3  0.520696  0.740194  0.6725  1.97626e-323
from 3 to 2 matchnode 4564

4564 2519 3  0.57939  0.667212  0.645  6.95165e-310
4564 5617 3  0.505284  0.795564  0.5125  6.95165e-310
from 3 to 4 matchnode 4564

4564 5520 3  0.578592  0.817  0.5825  8.30164e-312
4564 7693 3  0.629142  0.5985  0.635  8.30163e-312
edge_match: 
from 4 to 1 matchnode 5520

5520 5924 3  0.667945  0.72675  0.8325  1.97626e-323
from 4 to 3 matchnode 5520

5520 879 2  0.6873  0.912  0.7  8.30164e-312
5520 4564 2  0.8272  0.5642  0.673333  8.30164e-312
from 4 to 1 matchnode 7693

7693 5924 1  0.61  0.99  0.755  1.97626e-323
from 4 to 3 matchnode 7693

7693 879 3  0.532  0.632709  0.525  8.30163e-312
7693 4564 3  0.680316  0.755964  0.5375  8.30163e-312

pattern answer10:
vertex1: 节点个数 1
8658 1 0.7
vertex2: 节点个数 2
2503 2 0.89
2519 2 0.65
vertex3: 节点个数 2
608 3 0.74
2820 3 0.53
vertex4: 节点个数 2
662 4 0.53
2949 4 0.53
edge_match: 
from 1 to 2 matchnode 8658

8658 2503 3  0.670437  0.51336  0.61  8.30198e-312
8658 2519 2  0.6474  0.549  0.74  8.30198e-312
from 1 to 4 matchnode 8658

8658 662 2  0.735  0.8245  0.59  9.88131e-324
8658 2949 3  0.52065  0.59073  0.6725  9.88131e-324
edge_match: 
from 2 to 1 matchnode 2503

2503 8658 3  0.544065  0.7544  0.6075  9.88131e-324
from 2 to 3 matchnode 2503

2503 608 3  0.57939  0.622656  0.7725  6.95165e-310
2503 2820 2  0.8096  0.7742  0.553333  6.95165e-310
from 2 to 4 matchnode 2503

2503 662 3  0.626076  0.508368  0.7775  6.95165e-310
2503 2949 3  0.52976  0.569088  0.775  8.30172e-312
from 2 to 1 matchnode 2519

2519 8658 3  0.703872  0.574656  0.6875  9.88131e-324
from 2 to 3 matchnode 2519

2519 608 1  0.55  0.97  0.695  8.30188e-312
2519 2820 3  0.7056  0.697728  0.5025  8.30188e-312
from 2 to 4 matchnode 2519

2519 662 3  0.67068  0.568032  0.6875  6.95165e-310
2519 2949 3  0.88209  0.534576  0.51  8.30172e-312
edge_match: 
from 3 to 1 matchnode 608

608 8658 1  0.72  0.91  0.72  9.88131e-324
from 3 to 2 matchnode 608

608 2503 3  0.5874  0.737748  0.79  6.95165e-310
608 2519 1  0.7  0.91  0.695  6.95165e-310
from 3 to 4 matchnode 608

608 662 3  0.693504  0.547722  0.77  6.95165e-310
608 2949 3  0.52272  0.539392  0.6075  8.30172e-312
from 3 to 1 matchnode 2820

2820 8658 3  0.75264  0.5049  0.61  9.88131e-324
from 3 to 2 matchnode 2820

2820 2503 3  0.601996  0.5031  0.75  6.95165e-310
2820 2519 3  0.673552  0.569184  0.5975  6.95165e-310
from 3 to 4 matchnode 2820

2820 662 3  0.755384  0.64821  0.565  6.95165e-310
2820 2949 3  0.64449  0.763092  0.6325  8.30172e-312
edge_match: 
from 4 to 1 matchnode 662

662 8658 3  0.7189  0.522753  0.5075  9.88131e-324
from 4 to 3 matchnode 662

662 608 3  0.500337  0.69258  0.5125  6.95165e-310
662 2820 3  0.52377  0.590304  0.5675  6.95165e-310
from 4 to 1 matchnode 2949

2949 8658 2  0.504  0.5369  0.656667  9.88131e-324
from 4 to 3 matchnode 2949

2949 608 3  0.500892  0.813006  0.62  8.30172e-312
2949 2820 3  0.736736  0.650328  0.5475  8.30172e-312

pattern answer11:
vertex1: 节点个数 1
9751 1 0.98
vertex2: 节点个数 2
2196 2 0.6
2519 2 0.65
vertex3: 节点个数 2
879 3 0.71
3457 3 0.66
vertex4: 节点个数 2
2949 4 0.53
5520 4 0.6
edge_match: 
from 1 to 2 matchnode 9751

9751 2196 3  0.629472  0.509124  0.815  8.30198e-312
9751 2519 3  0.54285  0.683271  0.77  8.30198e-312
from 1 to 4 matchnode 9751

9751 2949 2  0.7392  0.57  0.833333  1.97626e-323
9751 5520 3  0.51264  0.63072  0.7575  1.97626e-323
edge_match: 
from 2 to 1 matchnode 2196

2196 9751 3  0.580642  0.590304  0.73  1.97626e-323
from 2 to 3 matchnode 2196

2196 879 2  0.584  0.688  0.713333  8.30163e-312
2196 3457 3  0.727842  0.695871  0.755  8.30163e-312
from 2 to 4 matchnode 2196

2196 2949 3  0.59808  0.79524  0.5775  8.30172e-312
2196 5520 3  0.57086  0.616358  0.6475  8.30164e-312
from 2 to 1 matchnode 2519

2519 9751 3  0.508776  0.634452  0.615  1.97626e-323
from 2 to 3 matchnode 2519

2519 879 2  0.873  0.6132  0.786667  8.30188e-312
2519 3457 3  0.555984  0.529802  0.5325  8.30188e-312
from 2 to 4 matchnode 2519

2519 2949 3  0.88209  0.534576  0.51  8.30172e-312
2519 5520 3  0.611697  0.748992  0.515  8.30164e-312
edge_match: 
from 3 to 1 matchnode 879

879 9751 2  0.6528  0.5538  0.82  1.97626e-323
from 3 to 2 matchnode 879

879 2196 3  0.655776  0.635544  0.53  6.95165e-310
879 2519 3  0.857092  0.591945  0.765  6.95165e-310
from 3 to 4 matchnode 879

879 2949 3  0.68886  0.60372  0.6  8.30172e-312
879 5520 3  0.59856  0.568008  0.665  8.30164e-312
from 3 to 1 matchnode 3457

3457 9751 3  0.525456  0.59808  0.525  1.97626e-323
from 3 to 2 matchnode 3457

3457 2196 3  0.767125  0.571455  0.65  6.95165e-310
3457 2519 2  0.623  0.8554  0.683333  6.95165e-310
from 3 to 4 matchnode 3457

3457 2949 3  0.529635  0.7568  0.69  8.30172e-312
3457 5520 2  0.704  0.703  0.75  8.30164e-312
edge_match: 
from 4 to 1 matchnode 2949

2949 9751 2  0.7614  0.747  0.656667  1.97626e-323
from 4 to 3 matchnode 2949

2949 879 3  0.56595  0.72709  0.69  8.30172e-312
2949 3457 2  0.5628  0.8649  0.58  8.30172e-312
from 4 to 1 matchnode 5520

5520 9751 3  0.634392  0.672945  0.845  1.97626e-323
from 4 to 3 matchnode 5520

5520 879 2  0.6873  0.912  0.7  8.30164e-312
5520 3457 3  0.57288  0.602784  0.7375  8.30164e-312

pattern answer12:
vertex1: 节点个数 1
10174 1 0.84
vertex2: 节点个数 2
1129 2 0.63
2503 2 0.89
vertex3: 节点个数 2
879 3 0.71
2860 3 0.74
vertex4: 节点个数 2
2852 4 0.6
5520 4 0.6
edge_match: 
from 1 to 2 matchnode 10174

10174 1129 3  0.69597  0.512952  0.5825  8.30199e-312
10174 2503 3  0.56658  0.755384  0.5275  8.30199e-312
from 1 to 4 matchnode 10174

10174 2852 3  0.500692  0.54684  0.7875  1.97626e-323
10174 5520 3  0.5859  0.619262  0.625  1.97626e-323
edge_match: 
from 2 to 1 matchnode 1129

1129 10174 3  0.86621  0.63756  0.665  1.97626e-323
from 2 to 3 matchnode 1129

1129 879 3  0.659932  0.5688  0.7975  6.95165e-310
1129 2860 3  0.57276  0.6156  0.815  6.95165e-310
from 2 to 4 matchnode 1129

1129 2852 3  0.5168  0.6399  0.635  8.3018e-312
1129 5520 3  0.50388  0.9207  0.54  8.30164e-312
from 2 to 1 matchnode 2503

2503 10174 3  0.76912  0.603876  0.625  1.97626e-323
from 2 to 3 matchnode 2503

2503 879 3  0.664785  0.712448  0.72  6.95165e-310
2503 2860 3  0.579228  0.501208  0.6575  6.95165e-310
from 2 to 4 matchnode 2503

2503 2852 3  0.72618  0.572982  0.545  8.3018e-312
2503 5520 3  0.633888  0.561412  0.69  8.30164e-312
edge_match: 
from 3 to 1 matchnode 879

879 10174 3  0.502835  0.79002  0.7325  1.97626e-323
from 3 to 2 matchnode 879

879 1129 3  0.614916  0.6188  0.7275  6.95165e-310
879 2503 3  0.66542  0.657272  0.5775  6.95165e-310
from 3 to 4 matchnode 879

879 2852 3  0.513315  0.57456  0.5325  8.3018e-312
879 5520 3  0.59856  0.568008  0.665  8.30164e-312
from 3 to 1 matchnode 2860

2860 10174 2  0.8075  0.6084  0.703333  1.97626e-323
from 3 to 2 matchnode 2860

2860 1129 2  0.7565  0.507  0.633333  6.95165e-310
2860 2503 3  0.75735  0.534798  0.8175  6.95165e-310
from 3 to 4 matchnode 2860

2860 2852 3  0.55458  0.696192  0.725  8.3018e-312
2860 5520 3  0.52452  0.561735  0.59  8.30164e-312
edge_match: 
from 4 to 1 matchnode 2852

2852 10174 3  0.79002  0.63063  0.6525  1.97626e-323
from 4 to 3 matchnode 2852

2852 879 3  0.656656  0.738  0.59  8.3018e-312
2852 2860 3  0.536844  0.801792  0.66  8.3018e-312
from 4 to 1 matchnode 5520

5520 10174 3  0.64239  0.6783  0.7725  1.97626e-323
from 4 to 3 matchnode 5520

5520 879 2  0.6873  0.912  0.7  8.30164e-312
5520 2860 3  0.66216  0.81189  0.8225  8.30164e-312

pattern answer13:
vertex1: 节点个数 1
10524 1 0.93
vertex2: 节点个数 2
2503 2 0.89
5156 2 0.73
vertex3: 节点个数 2
879 3 0.71
4564 3 0.53
vertex4: 节点个数 2
2949 4 0.53
13579 4 0.53
edge_match: 
from 1 to 2 matchnode 10524

10524 2503 3  0.5148  0.606144  0.7725  8.30198e-312
10524 5156 2  0.56  0.7392  0.793333  8.30198e-312
from 1 to 4 matchnode 10524

10524 2949 2  0.6083  0.6004  0.816667  1.97626e-323
10524 13579 3  0.65072  0.69888  0.8225  1.97626e-323
edge_match: 
from 2 to 1 matchnode 2503

2503 10524 3  0.57232  0.658812  0.7725  1.97626e-323
from 2 to 3 matchnode 2503

2503 879 3  0.664785  0.712448  0.72  6.95165e-310
2503 4564 1  0.94  0.62  0.71  6.95165e-310
from 2 to 4 matchnode 2503

2503 2949 3  0.52976  0.569088  0.775  8.30172e-312
2503 13579 3  0.514878  0.93  0.575  8.30199e-312
from 2 to 1 matchnode 5156

5156 10524 2  0.5336  0.779  0.673333  1.97626e-323
from 2 to 3 matchnode 5156

5156 879 1  0.82  0.89  0.72  6.95165e-310
5156 4564 3  0.769405  0.552916  0.65  6.95165e-310
from 2 to 4 matchnode 5156

5156 2949 3  0.66564  0.523224  0.605  8.30172e-312
5156 13579 3  0.537264  0.603954  0.6675  8.30199e-312
edge_match: 
from 3 to 1 matchnode 879

879 10524 2  0.576  0.7426  0.813333  1.97626e-323
from 3 to 2 matchnode 879

879 2503 3  0.66542  0.657272  0.5775  6.95165e-310
879 5156 2  0.9604  0.5372  0.75  6.95165e-310
from 3 to 4 matchnode 879

879 2949 3  0.68886  0.60372  0.6  8.30172e-312
879 13579 2  0.6552  0.6786  0.646667  8.30199e-312
from 3 to 1 matchnode 4564

4564 10524 3  0.567256  0.53088  0.6075  1.97626e-323
from 3 to 2 matchnode 4564

4564 2503 3  0.866016  0.610718  0.56  6.95165e-310
4564 5156 2  0.7812  0.8832  0.57  6.95165e-310
from 3 to 4 matchnode 4564

4564 2949 3  0.50764  0.68112  0.6375  8.30172e-312
4564 13579 3  0.729904  0.539994  0.645  8.30199e-312
edge_match: 
from 4 to 1 matchnode 2949

2949 10524 3  0.87318  0.7104  0.5525  1.97626e-323
from 4 to 3 matchnode 2949

2949 879 3  0.56595  0.72709  0.69  8.30172e-312
2949 4564 3  0.732648  0.73206  0.68  8.30172e-312
from 4 to 1 matchnode 13579

13579 10524 2  0.588  0.7224  0.606667  1.97626e-323
from 4 to 3 matchnode 13579

13579 879 2  0.5056  0.9207  0.723333  8.30199e-312
13579 4564 3  0.72819  0.63168  0.695  8.30199e-312

pattern answer14:
vertex1: 节点个数 1
10781 1 0.59
vertex2: 节点个数 2
4809 2 0.88
5563 2 0.85
vertex3: 节点个数 2
879 3 0.71
4564 3 0.53
vertex4: 节点个数 2
2949 4 0.53
3074 4 0.91
edge_match: 
from 1 to 2 matchnode 10781

10781 4809 3  0.606424  0.65988  0.6375  8.30198e-312
10781 5563 3  0.72756  0.569296  0.5075  8.30198e-312
from 1 to 4 matchnode 10781

10781 2949 3  0.693504  0.62748  0.58  1.97626e-323
10781 3074 3  0.7719  0.687456  0.7575  1.97626e-323
edge_match: 
from 2 to 1 matchnode 4809

4809 10781 2  0.5586  0.7372  0.683333  1.97626e-323
from 2 to 3 matchnode 4809

4809 879 3  0.883568  0.56848  0.7575  8.30163e-312
4809 4564 3  0.883872  0.7106  0.745  8.30163e-312
from 2 to 4 matchnode 4809

4809 2949 3  0.767536  0.51129  0.6125  8.30172e-312
4809 3074 3  0.68796  0.644  0.7425  8.30196e-312
from 2 to 1 matchnode 5563

5563 10781 3  0.553014  0.523412  0.725  1.97626e-323
from 2 to 3 matchnode 5563

5563 879 2  0.6528  0.6177  0.786667  8.30163e-312
5563 4564 2  0.5292  0.93  0.586667  8.30163e-312
from 2 to 4 matchnode 5563

5563 2949 3  0.53874  0.575598  0.5425  8.30172e-312
5563 3074 3  0.7056  0.830304  0.695  8.30196e-312
edge_match: 
from 3 to 1 matchnode 879

879 10781 3  0.543996  0.501584  0.5575  1.97626e-323
from 3 to 2 matchnode 879

879 4809 3  0.622656  0.636272  0.6675  6.95165e-310
879 5563 3  0.740692  0.51701  0.5375  8.30163e-312
from 3 to 4 matchnode 879

879 2949 3  0.68886  0.60372  0.6  8.30172e-312
879 3074 3  0.648648  0.809622  0.785  8.30198e-312
from 3 to 1 matchnode 4564

4564 10781 3  0.509454  0.525393  0.615  1.97626e-323
from 3 to 2 matchnode 4564

4564 4809 3  0.652224  0.82156  0.57  6.95165e-310
4564 5563 2  0.5313  0.5265  0.58  8.30163e-312
from 3 to 4 matchnode 4564

4564 2949 3  0.50764  0.68112  0.6375  8.30172e-312
4564 3074 3  0.67158  0.6336  0.705  8.30198e-312
edge_match: 
from 4 to 1 matchnode 2949

2949 10781 2  0.6806  0.8624  0.61  1.97626e-323
from 4 to 3 matchnode 2949

2949 879 3  0.56595  0.72709  0.69  8.30172e-312
2949 4564 3  0.732648  0.73206  0.68  8.30172e-312
from 4 to 1 matchnode 3074

3074 10781 3  0.528384  0.75348  0.6725  1.97626e-323
from 4 to 3 matchnode 3074

3074 879 2  0.728  0.592  0.816667  8.30196e-312
3074 4564 2  0.5187  0.7178  0.756667  8.30196e-312

