pattern answer1:
vertex1: 节点个数 1
324 1 0.98
vertex2: 节点个数 2
1129 2 0.63
2503 2 0.89
vertex3: 节点个数 2
608 3 0.74
879 3 0.71
vertex4: 节点个数 2
2949 4 0.53
5520 4 0.6
edge_match: 
from 1 to 3 matchnode 324

324 608 2  0.8613  0.799  0.776667  1.97626e-323
324 879 1  0.75  0.86  0.845  1.97626e-323
from 1 to 4 matchnode 324

324 2949 3  0.73062  0.784148  0.575  1.97626e-323
324 5520 3  0.846846  0.53641  0.6625  1.97626e-323
edge_match: 
from 2 to 1 matchnode 1129

1129 324 3  0.631377  0.747348  0.6625  1.97626e-323
from 2 to 3 matchnode 1129

1129 608 3  0.549792  0.62478  0.635  6.9514e-310
1129 879 3  0.659932  0.5688  0.7975  1.09622e-311
from 2 to 1 matchnode 2503

2503 324 2  0.7821  0.7128  0.843333  1.97626e-323
from 2 to 3 matchnode 2503

2503 608 3  0.57939  0.622656  0.7725  6.9514e-310
2503 879 3  0.664785  0.712448  0.72  1.09622e-311
edge_match: 
from 3 to 4 matchnode 608

608 2949 3  0.52272  0.539392  0.6075  6.9514e-310
608 5520 3  0.811008  0.52234  0.79  6.9514e-310
from 3 to 4 matchnode 879

879 2949 3  0.68886  0.60372  0.6  1.09622e-311
879 5520 3  0.59856  0.568008  0.665  1.09622e-311
edge_match: 
from 4 to 1 matchnode 2949

2949 324 3  0.711711  0.598752  0.765  1.97626e-323
from 4 to 2 matchnode 2949

2949 1129 3  0.8019  0.714  0.515  6.9514e-310
2949 2503 1  0.91  0.84  0.71  6.9514e-310
from 4 to 3 matchnode 2949

2949 608 3  0.500892  0.813006  0.62  6.9514e-310
2949 879 3  0.56595  0.72709  0.69  1.09507e-311
from 4 to 1 matchnode 5520

5520 324 2  0.5103  0.893  0.836667  1.97626e-323
from 4 to 2 matchnode 5520

5520 1129 3  0.715635  0.58327  0.535  6.9514e-310
5520 2503 1  0.88  0.91  0.745  6.9514e-310
from 4 to 3 matchnode 5520

5520 608 3  0.673554  0.58368  0.71  6.9514e-310
5520 879 2  0.6873  0.912  0.7  1.09507e-311

pattern answer2:
vertex1: 节点个数 1
712 1 0.78
vertex2: 节点个数 2
4809 2 0.88
11788 2 0.59
vertex3: 节点个数 2
2820 3 0.53
2828 3 0.95
vertex4: 节点个数 2
111 4 0.8
5520 4 0.6
edge_match: 
from 1 to 3 matchnode 712

712 2820 3  0.57624  0.52272  0.71  1.97626e-323
712 2828 3  0.67392  0.532224  0.7575  1.97626e-323
from 1 to 4 matchnode 712

712 111 2  0.5148  0.533  0.733333  1.97626e-323
712 5520 3  0.820456  0.7656  0.605  1.97626e-323
edge_match: 
from 2 to 1 matchnode 4809

4809 712 3  0.790272  0.512325  0.6775  1.97626e-323
from 2 to 3 matchnode 4809

4809 2820 3  0.665984  0.653883  0.5625  6.9514e-310
4809 2828 3  0.6966  0.6308  0.6  1.09622e-311
from 2 to 1 matchnode 11788

11788 712 3  0.610944  0.518158  0.6025  1.97626e-323
from 2 to 3 matchnode 11788

11788 2820 3  0.64512  0.58394  0.56  6.9514e-310
11788 2828 3  0.552512  0.54352  0.71  1.09622e-311
edge_match: 
from 3 to 4 matchnode 2820

2820 111 3  0.591852  0.628992  0.6075  1.09622e-311
2820 5520 3  0.634452  0.828234  0.505  1.09622e-311
from 3 to 4 matchnode 2828

2828 111 3  0.523392  0.59432  0.665  1.09622e-311
2828 5520 3  0.61275  0.722304  0.6125  1.09622e-311
edge_match: 
from 4 to 1 matchnode 111

111 712 3  0.715392  0.556974  0.63  1.97626e-323
from 4 to 2 matchnode 111

111 4809 3  0.510055  0.517132  0.5675  6.9514e-310
111 11788 3  0.5733  0.539251  0.535  6.9514e-310
from 4 to 3 matchnode 111

111 2820 3  0.648  0.72459  0.6275  6.9514e-310
111 2828 3  0.59049  0.668039  0.7875  1.09622e-311
from 4 to 1 matchnode 5520

5520 712 1  0.74  0.82  0.69  1.97626e-323
from 4 to 2 matchnode 5520

5520 4809 3  0.875328  0.601312  0.64  6.9514e-310
5520 11788 3  0.522288  0.9207  0.62  6.9514e-310
from 4 to 3 matchnode 5520

5520 2820 3  0.712448  0.704522  0.565  6.9514e-310
5520 2828 2  0.6642  0.7275  0.83  1.09622e-311

pattern answer3:
vertex1: 节点个数 1
1312 1 0.53
vertex2: 节点个数 2
4809 2 0.88
5616 2 0.51
vertex3: 节点个数 2
608 3 0.74
879 3 0.71
vertex4: 节点个数 2
5520 4 0.6
6303 4 0.72
edge_match: 
from 1 to 3 matchnode 1312

1312 608 3  0.513421  0.627  0.7225  1.97626e-323
1312 879 3  0.530104  0.7623  0.54  1.97626e-323
from 1 to 4 matchnode 1312

1312 5520 3  0.622398  0.536648  0.6775  1.97626e-323
1312 6303 3  0.6208  0.562464  0.55  1.97626e-323
edge_match: 
from 2 to 1 matchnode 4809

4809 1312 1  0.86  0.67  0.705  1.97626e-323
from 2 to 3 matchnode 4809

4809 608 1  0.7  0.6  0.81  6.9514e-310
4809 879 3  0.883568  0.56848  0.7575  1.09622e-311
from 2 to 1 matchnode 5616

5616 1312 3  0.633992  0.540288  0.715  1.97626e-323
from 2 to 3 matchnode 5616

5616 608 2  0.6525  0.6643  0.596667  6.9514e-310
5616 879 3  0.673554  0.680862  0.6325  1.09622e-311
edge_match: 
from 3 to 4 matchnode 608

608 5520 3  0.811008  0.52234  0.79  6.9514e-310
608 6303 3  0.54528  0.646408  0.6475  6.9514e-310
from 3 to 4 matchnode 879

879 5520 3  0.59856  0.568008  0.665  1.09622e-311
879 6303 3  0.649344  0.602952  0.53  1.09622e-311
edge_match: 
from 4 to 1 matchnode 5520

5520 1312 2  0.7644  0.8245  0.643333  1.97626e-323
from 4 to 2 matchnode 5520

5520 4809 3  0.875328  0.601312  0.64  6.9514e-310
5520 5616 3  0.525504  0.50337  0.65  6.9514e-310
from 4 to 3 matchnode 5520

5520 608 3  0.673554  0.58368  0.71  6.9514e-310
5520 879 2  0.6873  0.912  0.7  1.09507e-311
from 4 to 1 matchnode 6303

6303 1312 3  0.8208  0.821748  0.6025  1.97626e-323
from 4 to 2 matchnode 6303

6303 4809 3  0.752  0.603856  0.79  1.09622e-311
6303 5616 3  0.57672  0.76704  0.7475  1.09622e-311
from 4 to 3 matchnode 6303

6303 608 3  0.6732  0.55692  0.5725  6.9514e-310
6303 879 3  0.866016  0.51976  0.65  1.09507e-311

pattern answer4:
vertex1: 节点个数 1
1632 1 0.77
vertex2: 节点个数 2
2519 2 0.65
4793 2 0.76
vertex3: 节点个数 2
608 3 0.74
879 3 0.71
vertex4: 节点个数 2
4709 4 0.7
5520 4 0.6
edge_match: 
from 1 to 3 matchnode 1632

1632 608 2  0.9604  0.5504  0.74  0
1632 879 1  0.98  0.86  0.74  0
from 1 to 4 matchnode 1632

1632 4709 2  0.6528  0.702  0.816667  0
1632 5520 2  0.522  0.5292  0.763333  0
edge_match: 
from 2 to 1 matchnode 2519

2519 1632 3  0.658416  0.723926  0.5625  0
from 2 to 3 matchnode 2519

2519 608 1  0.55  0.97  0.695  6.9514e-310
2519 879 2  0.873  0.6132  0.786667  1.09622e-311
from 2 to 1 matchnode 4793

4793 1632 2  0.6557  0.783  0.69  0
from 2 to 3 matchnode 4793

4793 608 2  0.6225  0.657  0.68  6.9514e-310
4793 879 3  0.642586  0.67338  0.695  1.09622e-311
edge_match: 
from 3 to 4 matchnode 608

608 4709 3  0.5346  0.61789  0.67  6.9514e-310
608 5520 3  0.811008  0.52234  0.79  6.9514e-310
from 3 to 4 matchnode 879

879 4709 3  0.572715  0.6237  0.7275  1.09622e-311
879 5520 3  0.59856  0.568008  0.665  1.09622e-311
edge_match: 
from 4 to 1 matchnode 4709

4709 1632 3  0.74404  0.7663  0.675  0
from 4 to 2 matchnode 4709

4709 2519 3  0.54999  0.60515  0.5025  6.9514e-310
4709 4793 3  0.768768  0.52668  0.67  6.9514e-310
from 4 to 3 matchnode 4709

4709 608 3  0.52688  0.568032  0.6625  6.9514e-310
4709 879 3  0.642224  0.8633  0.66  1.09507e-311
from 4 to 1 matchnode 5520

5520 1632 3  0.659808  0.64752  0.7175  0
from 4 to 2 matchnode 5520

5520 2519 3  0.63984  0.51119  0.55  6.9514e-310
5520 4793 2  0.6693  0.627  0.736667  6.9514e-310
from 4 to 3 matchnode 5520

5520 608 3  0.673554  0.58368  0.71  6.9514e-310
5520 879 2  0.6873  0.912  0.7  1.09507e-311

pattern answer5:
vertex1: 节点个数 1
1811 1 0.67
vertex2: 节点个数 2
1129 2 0.63
2503 2 0.89
vertex3: 节点个数 2
608 3 0.74
879 3 0.71
vertex4: 节点个数 2
2949 4 0.53
5520 4 0.6
edge_match: 
from 1 to 3 matchnode 1811

1811 608 3  0.523392  0.53088  0.685  1.97626e-323
1811 879 2  0.9215  0.5913  0.793333  1.97626e-323
from 1 to 4 matchnode 1811

1811 2949 3  0.51168  0.58806  0.7125  1.97626e-323
1811 5520 3  0.57222  0.7392  0.735  1.97626e-323
edge_match: 
from 2 to 1 matchnode 1129

1129 1811 3  0.665322  0.802032  0.585  1.97626e-323
from 2 to 3 matchnode 1129

1129 608 3  0.549792  0.62478  0.635  6.9514e-310
1129 879 3  0.659932  0.5688  0.7975  1.09622e-311
from 2 to 1 matchnode 2503

2503 1811 2  0.7663  0.836  0.74  1.97626e-323
from 2 to 3 matchnode 2503

2503 608 3  0.57939  0.622656  0.7725  6.9514e-310
2503 879 3  0.664785  0.712448  0.72  1.09622e-311
edge_match: 
from 3 to 4 matchnode 608

608 2949 3  0.52272  0.539392  0.6075  6.9514e-310
608 5520 3  0.811008  0.52234  0.79  6.9514e-310
from 3 to 4 matchnode 879

879 2949 3  0.68886  0.60372  0.6  1.09622e-311
879 5520 3  0.59856  0.568008  0.665  1.09622e-311
edge_match: 
from 4 to 1 matchnode 2949

2949 1811 3  0.697333  0.70224  0.6875  1.97626e-323
from 4 to 2 matchnode 2949

2949 1129 3  0.8019  0.714  0.515  6.9514e-310
2949 2503 1  0.91  0.84  0.71  6.9514e-310
from 4 to 3 matchnode 2949

2949 608 3  0.500892  0.813006  0.62  6.9514e-310
2949 879 3  0.56595  0.72709  0.69  1.09507e-311
from 4 to 1 matchnode 5520

5520 1811 3  0.674344  0.76076  0.705  1.97626e-323
from 4 to 2 matchnode 5520

5520 1129 3  0.715635  0.58327  0.535  6.9514e-310
5520 2503 1  0.88  0.91  0.745  6.9514e-310
from 4 to 3 matchnode 5520

5520 608 3  0.673554  0.58368  0.71  6.9514e-310
5520 879 2  0.6873  0.912  0.7  1.09507e-311

pattern answer6:
vertex1: 节点个数 1
2305 1 0.92
vertex2: 节点个数 2
1129 2 0.63
2503 2 0.89
vertex3: 节点个数 2
608 3 0.74
879 3 0.71
vertex4: 节点个数 2
2949 4 0.53
5520 4 0.6
edge_match: 
from 1 to 3 matchnode 2305

2305 608 3  0.73692  0.523488  0.7875  9.88131e-324
2305 879 3  0.582582  0.660914  0.77  9.88131e-324
from 1 to 4 matchnode 2305

2305 2949 3  0.75735  0.7826  0.515  9.88131e-324
2305 5520 3  0.707658  0.65268  0.775  9.88131e-324
edge_match: 
from 2 to 1 matchnode 1129

1129 2305 3  0.525312  0.551304  0.7725  9.88131e-324
from 2 to 3 matchnode 1129

1129 608 3  0.549792  0.62478  0.635  6.9514e-310
1129 879 3  0.659932  0.5688  0.7975  1.09622e-311
from 2 to 1 matchnode 2503

2503 2305 3  0.63121  0.52452  0.7025  9.88131e-324
from 2 to 3 matchnode 2503

2503 608 3  0.57939  0.622656  0.7725  6.9514e-310
2503 879 3  0.664785  0.712448  0.72  1.09622e-311
edge_match: 
from 3 to 4 matchnode 608

608 2949 3  0.52272  0.539392  0.6075  6.9514e-310
608 5520 3  0.811008  0.52234  0.79  6.9514e-310
from 3 to 4 matchnode 879

879 2949 3  0.68886  0.60372  0.6  1.09622e-311
879 5520 3  0.59856  0.568008  0.665  1.09622e-311
edge_match: 
from 4 to 1 matchnode 2949

2949 2305 3  0.52272  0.56056  0.62  9.88131e-324
from 4 to 2 matchnode 2949

2949 1129 3  0.8019  0.714  0.515  6.9514e-310
2949 2503 1  0.91  0.84  0.71  6.9514e-310
from 4 to 3 matchnode 2949

2949 608 3  0.500892  0.813006  0.62  6.9514e-310
2949 879 3  0.56595  0.72709  0.69  1.09507e-311
from 4 to 1 matchnode 5520

5520 2305 2  0.7812  0.6715  0.793333  9.88131e-324
from 4 to 2 matchnode 5520

5520 1129 3  0.715635  0.58327  0.535  6.9514e-310
5520 2503 1  0.88  0.91  0.745  6.9514e-310
from 4 to 3 matchnode 5520

5520 608 3  0.673554  0.58368  0.71  6.9514e-310
5520 879 2  0.6873  0.912  0.7  1.09507e-311

pattern answer7:
vertex1: 节点个数 1
3028 1 0.91
vertex2: 节点个数 2
4793 2 0.76
4809 2 0.88
vertex3: 节点个数 2
608 3 0.74
879 3 0.71
vertex4: 节点个数 2
2949 4 0.53
5520 4 0.6
edge_match: 
from 1 to 3 matchnode 3028

3028 608 3  0.720322  0.61446  0.8175  1.97626e-323
3028 879 3  0.743728  0.747054  0.635  1.97626e-323
from 1 to 4 matchnode 3028

3028 2949 3  0.736208  0.72618  0.62  1.97626e-323
3028 5520 3  0.502775  0.51615  0.62  1.97626e-323
edge_match: 
from 2 to 1 matchnode 4793

4793 3028 3  0.628866  0.672945  0.7675  1.97626e-323
from 2 to 3 matchnode 4793

4793 608 2  0.6225  0.657  0.68  6.9514e-310
4793 879 3  0.642586  0.67338  0.695  1.09622e-311
from 2 to 1 matchnode 4809

4809 3028 3  0.61272  0.656964  0.81  1.97626e-323
from 2 to 3 matchnode 4809

4809 608 1  0.7  0.6  0.81  6.9514e-310
4809 879 3  0.883568  0.56848  0.7575  1.09622e-311
edge_match: 
from 3 to 4 matchnode 608

608 2949 3  0.52272  0.539392  0.6075  6.9514e-310
608 5520 3  0.811008  0.52234  0.79  6.9514e-310
from 3 to 4 matchnode 879

879 2949 3  0.68886  0.60372  0.6  1.09622e-311
879 5520 3  0.59856  0.568008  0.665  1.09622e-311
edge_match: 
from 4 to 1 matchnode 2949

2949 3028 3  0.60078  0.696348  0.55  1.97626e-323
from 4 to 2 matchnode 2949

2949 4793 3  0.549549  0.728  0.535  6.9514e-310
2949 4809 2  0.7372  0.5568  0.783333  6.9514e-310
from 4 to 3 matchnode 2949

2949 608 3  0.500892  0.813006  0.62  6.9514e-310
2949 879 3  0.56595  0.72709  0.69  1.09507e-311
from 4 to 1 matchnode 5520

5520 3028 3  0.53382  0.502425  0.79  1.97626e-323
from 4 to 2 matchnode 5520

5520 4793 2  0.6693  0.627  0.736667  6.9514e-310
5520 4809 3  0.875328  0.601312  0.64  6.9514e-310
from 4 to 3 matchnode 5520

5520 608 3  0.673554  0.58368  0.71  6.9514e-310
5520 879 2  0.6873  0.912  0.7  1.09507e-311

pattern answer8:
vertex1: 节点个数 1
4661 1 0.84
vertex2: 节点个数 2
2537 2 0.67
4809 2 0.88
vertex3: 节点个数 2
879 3 0.71
2860 3 0.74
vertex4: 节点个数 2
5520 4 0.6
13786 4 0.88
edge_match: 
from 1 to 3 matchnode 4661

4661 879 3  0.5696  0.611226  0.74  9.88131e-324
4661 2860 3  0.503624  0.691096  0.58  9.88131e-324
from 1 to 4 matchnode 4661

4661 5520 3  0.504686  0.624348  0.6375  9.88131e-324
4661 13786 3  0.623392  0.558  0.6575  9.88131e-324
edge_match: 
from 2 to 1 matchnode 2537

2537 4661 3  0.744372  0.6237  0.675  9.88131e-324
from 2 to 3 matchnode 2537

2537 879 2  0.8556  0.77  0.62  1.09622e-311
2537 2860 3  0.70965  0.75905  0.8175  6.9514e-310
from 2 to 1 matchnode 4809

4809 4661 2  0.6006  0.637  0.656667  9.88131e-324
from 2 to 3 matchnode 4809

4809 879 3  0.883568  0.56848  0.7575  1.09622e-311
4809 2860 3  0.836528  0.581532  0.59  6.9514e-310
edge_match: 
from 3 to 4 matchnode 879

879 5520 3  0.59856  0.568008  0.665  1.09622e-311
879 13786 3  0.507496  0.733305  0.615  1.09622e-311
from 3 to 4 matchnode 2860

2860 5520 3  0.52452  0.561735  0.59  1.09622e-311
2860 13786 3  0.53998  0.692736  0.5425  1.09622e-311
edge_match: 
from 4 to 1 matchnode 5520

5520 4661 3  0.597951  0.73872  0.735  9.88131e-324
from 4 to 2 matchnode 5520

5520 2537 3  0.6586  0.50688  0.6175  6.9514e-310
5520 4809 3  0.875328  0.601312  0.64  6.9514e-310
from 4 to 3 matchnode 5520

5520 879 2  0.6873  0.912  0.7  1.09507e-311
5520 2860 3  0.66216  0.81189  0.8225  1.09622e-311
from 4 to 1 matchnode 13786

13786 4661 3  0.545664  0.571212  0.8  9.88131e-324
from 4 to 2 matchnode 13786

13786 2537 3  0.663462  0.574464  0.7925  1.09622e-311
13786 4809 3  0.78678  0.61028  0.875  1.09622e-311
from 4 to 3 matchnode 13786

13786 879 3  0.856128  0.5372  0.86  1.09507e-311
13786 2860 2  0.837  0.836  0.873333  1.09622e-311

pattern answer9:
vertex1: 节点个数 1
5178 1 0.92
vertex2: 节点个数 2
2503 2 0.89
11788 2 0.59
vertex3: 节点个数 2
879 3 0.71
2820 3 0.53
vertex4: 节点个数 2
894 4 0.72
2949 4 0.53
edge_match: 
from 1 to 3 matchnode 5178

5178 879 3  0.7938  0.54096  0.6675  1.97626e-323
5178 2820 3  0.7144  0.584496  0.715  1.97626e-323
from 1 to 4 matchnode 5178

5178 894 2  0.7371  0.6882  0.653333  1.97626e-323
5178 2949 3  0.6318  0.63112  0.6225  1.97626e-323
edge_match: 
from 2 to 1 matchnode 2503

2503 5178 3  0.567375  0.629052  0.555  1.97626e-323
from 2 to 3 matchnode 2503

2503 879 3  0.664785  0.712448  0.72  1.09622e-311
2503 2820 2  0.8096  0.7742  0.553333  6.9514e-310
from 2 to 1 matchnode 11788

11788 5178 2  0.8736  0.8415  0.61  1.97626e-323
from 2 to 3 matchnode 11788

11788 879 3  0.750974  0.621006  0.6525  1.09622e-311
11788 2820 3  0.64512  0.58394  0.56  6.9514e-310
edge_match: 
from 3 to 4 matchnode 879

879 894 3  0.663936  0.667554  0.53  1.09622e-311
879 2949 3  0.68886  0.60372  0.6  1.09622e-311
from 3 to 4 matchnode 2820

2820 894 3  0.570556  0.8811  0.5425  1.09622e-311
2820 2949 3  0.64449  0.763092  0.6325  1.09622e-311
edge_match: 
from 4 to 1 matchnode 894

894 5178 2  0.9009  0.5445  0.653333  1.97626e-323
from 4 to 2 matchnode 894

894 2503 2  0.8019  0.517  0.643333  6.9514e-310
894 11788 3  0.586365  0.7315  0.6975  6.9514e-310
from 4 to 3 matchnode 894

894 879 3  0.780947  0.593782  0.785  1.09507e-311
894 2820 3  0.551304  0.503496  0.55  6.9514e-310
from 4 to 1 matchnode 2949

2949 5178 3  0.51243  0.52488  0.67  1.97626e-323
from 4 to 2 matchnode 2949

2949 2503 1  0.91  0.84  0.71  6.9514e-310
2949 11788 3  0.8742  0.72  0.605  6.9514e-310
from 4 to 3 matchnode 2949

2949 879 3  0.56595  0.72709  0.69  1.09507e-311
2949 2820 3  0.736736  0.650328  0.5475  6.9514e-310

pattern answer10:
vertex1: 节点个数 1
5231 1 0.98
vertex2: 节点个数 2
4793 2 0.76
11788 2 0.59
vertex3: 节点个数 2
2529 3 0.74
2828 3 0.95
vertex4: 节点个数 2
2450 4 1
5520 4 0.6
edge_match: 
from 1 to 3 matchnode 5231

5231 2529 3  0.52456  0.541842  0.82  1.97626e-323
5231 2828 3  0.798504  0.577016  0.76  1.97626e-323
from 1 to 4 matchnode 5231

5231 2450 3  0.549486  0.68724  0.895  1.97626e-323
5231 5520 1  0.98  0.83  0.79  1.97626e-323
edge_match: 
from 2 to 1 matchnode 4793

4793 5231 3  0.515328  0.502227  0.73  1.97626e-323
from 2 to 3 matchnode 4793

4793 2529 3  0.553112  0.864  0.615  1.09622e-311
4793 2828 3  0.670824  0.590337  0.78  1.09622e-311
from 2 to 1 matchnode 11788

11788 5231 2  0.783  0.5796  0.783333  1.97626e-323
from 2 to 3 matchnode 11788

11788 2529 3  0.646408  0.7968  0.5725  1.09622e-311
11788 2828 3  0.552512  0.54352  0.71  1.09622e-311
edge_match: 
from 3 to 4 matchnode 2529

2529 2450 3  0.74088  0.8036  0.6125  1.09622e-311
2529 5520 3  0.72072  0.60515  0.605  1.09622e-311
from 3 to 4 matchnode 2828

2828 2450 1  0.68  0.84  0.975  1.09622e-311
2828 5520 3  0.61275  0.722304  0.6125  1.09622e-311
edge_match: 
from 4 to 1 matchnode 2450

2450 5231 3  0.508368  0.5187  0.715  1.97626e-323
from 4 to 2 matchnode 2450

2450 4793 3  0.52768  0.522786  0.7125  6.9514e-310
2450 11788 3  0.846  0.64155  0.55  6.9514e-310
from 4 to 3 matchnode 2450

2450 2529 3  0.709632  0.50787  0.67  1.09624e-311
2450 2828 2  0.5412  0.5092  0.843333  1.09622e-311
from 4 to 1 matchnode 5520

5520 5231 3  0.504  0.54999  0.7525  1.97626e-323
from 4 to 2 matchnode 5520

5520 4793 2  0.6693  0.627  0.736667  6.9514e-310
5520 11788 3  0.522288  0.9207  0.62  6.9514e-310
from 4 to 3 matchnode 5520

5520 2529 2  0.8624  0.594  0.676667  1.09624e-311
5520 2828 2  0.6642  0.7275  0.83  1.09622e-311

pattern answer11:
vertex1: 节点个数 1
5391 1 0.98
vertex2: 节点个数 2
1129 2 0.63
5607 2 0.98
vertex3: 节点个数 2
879 3 0.71
4564 3 0.53
vertex4: 节点个数 2
2949 4 0.53
3074 4 0.91
edge_match: 
from 1 to 3 matchnode 5391

5391 879 3  0.52972  0.514976  0.7925  9.88131e-324
5391 4564 3  0.8265  0.74493  0.5075  9.88131e-324
from 1 to 4 matchnode 5391

5391 2949 3  0.61983  0.500692  0.6375  9.88131e-324
5391 3074 3  0.576  0.576972  0.7275  9.88131e-324
edge_match: 
from 2 to 1 matchnode 1129

1129 5391 3  0.642096  0.544824  0.5425  9.88131e-324
from 2 to 3 matchnode 1129

1129 879 3  0.659932  0.5688  0.7975  1.09622e-311
1129 4564 2  0.7268  0.79  0.666667  1.09622e-311
from 2 to 1 matchnode 5607

5607 5391 3  0.52528  0.537768  0.595  9.88131e-324
from 2 to 3 matchnode 5607

5607 879 2  0.9016  0.5616  0.6  1.09622e-311
5607 4564 3  0.7656  0.78678  0.5075  1.09622e-311
edge_match: 
from 3 to 4 matchnode 879

879 2949 3  0.68886  0.60372  0.6  1.09622e-311
879 3074 3  0.648648  0.809622  0.785  1.09622e-311
from 3 to 4 matchnode 4564

4564 2949 3  0.50764  0.68112  0.6375  1.09622e-311
4564 3074 3  0.67158  0.6336  0.705  1.09622e-311
edge_match: 
from 4 to 1 matchnode 2949

2949 5391 3  0.756756  0.5928  0.84  9.88131e-324
from 4 to 2 matchnode 2949

2949 1129 3  0.8019  0.714  0.515  6.9514e-310
2949 5607 3  0.63063  0.6732  0.6525  6.9514e-310
from 4 to 3 matchnode 2949

2949 879 3  0.56595  0.72709  0.69  1.09507e-311
2949 4564 3  0.732648  0.73206  0.68  1.09624e-311
from 4 to 1 matchnode 3074

3074 5391 2  0.5822  0.5346  0.96  9.88131e-324
from 4 to 2 matchnode 3074

3074 1129 3  0.516096  0.770224  0.6825  1.09622e-311
3074 5607 3  0.642334  0.555632  0.7675  1.09622e-311
from 4 to 3 matchnode 3074

3074 879 2  0.728  0.592  0.816667  1.09507e-311
3074 4564 2  0.5187  0.7178  0.756667  1.09624e-311

pattern answer12:
vertex1: 节点个数 1
5581 1 0.87
vertex2: 节点个数 2
2503 2 0.89
2519 2 0.65
vertex3: 节点个数 2
608 3 0.74
879 3 0.71
vertex4: 节点个数 2
2949 4 0.53
6303 4 0.72
edge_match: 
from 1 to 3 matchnode 5581

5581 608 3  0.59808  0.6674  0.68  1.97626e-323
5581 879 3  0.766458  0.798336  0.6825  1.97626e-323
from 1 to 4 matchnode 5581

5581 2949 3  0.54978  0.619248  0.78  1.97626e-323
5581 6303 3  0.656115  0.53544  0.545  1.97626e-323
edge_match: 
from 2 to 1 matchnode 2503

2503 5581 2  0.7227  0.8455  0.88  1.97626e-323
from 2 to 3 matchnode 2503

2503 608 3  0.57939  0.622656  0.7725  6.9514e-310
2503 879 3  0.664785  0.712448  0.72  1.09622e-311
from 2 to 1 matchnode 2519

2519 5581 2  0.7469  0.6478  0.79  1.97626e-323
from 2 to 3 matchnode 2519

2519 608 1  0.55  0.97  0.695  6.9514e-310
2519 879 2  0.873  0.6132  0.786667  1.09622e-311
edge_match: 
from 3 to 4 matchnode 608

608 2949 3  0.52272  0.539392  0.6075  6.9514e-310
608 6303 3  0.54528  0.646408  0.6475  6.9514e-310
from 3 to 4 matchnode 879

879 2949 3  0.68886  0.60372  0.6  1.09622e-311
879 6303 3  0.649344  0.602952  0.53  1.09622e-311
edge_match: 
from 4 to 1 matchnode 2949

2949 5581 3  0.657657  0.71022  0.7925  1.97626e-323
from 4 to 2 matchnode 2949

2949 2503 1  0.91  0.84  0.71  6.9514e-310
2949 2519 3  0.6909  0.795522  0.675  6.9514e-310
from 4 to 3 matchnode 2949

2949 608 3  0.500892  0.813006  0.62  6.9514e-310
2949 879 3  0.56595  0.72709  0.69  1.09507e-311
from 4 to 1 matchnode 6303

6303 5581 2  0.6141  0.5576  0.63  1.97626e-323
from 4 to 2 matchnode 6303

6303 2503 2  0.7533  0.8648  0.643333  1.09622e-311
6303 2519 3  0.829374  0.517104  0.77  1.09622e-311
from 4 to 3 matchnode 6303

6303 608 3  0.6732  0.55692  0.5725  6.9514e-310
6303 879 3  0.866016  0.51976  0.65  1.09507e-311

pattern answer13:
vertex1: 节点个数 1
5924 1 0.86
vertex2: 节点个数 2
5617 2 0.53
9876 2 0.96
vertex3: 节点个数 2
608 3 0.74
879 3 0.71
vertex4: 节点个数 2
5520 4 0.6
14042 4 0.93
edge_match: 
from 1 to 3 matchnode 5924

5924 608 3  0.538447  0.557568  0.7875  1.97626e-323
5924 879 3  0.55678  0.8455  0.5525  1.97626e-323
from 1 to 4 matchnode 5924

5924 5520 3  0.739968  0.5184  0.5775  1.97626e-323
5924 14042 2  0.6864  0.7081  0.803333  1.97626e-323
edge_match: 
from 2 to 1 matchnode 5617

5617 5924 3  0.57024  0.6732  0.515  1.97626e-323
from 2 to 3 matchnode 5617

5617 608 3  0.559584  0.64505  0.69  6.9514e-310
5617 879 3  0.650328  0.779328  0.5975  1.09622e-311
from 2 to 1 matchnode 9876

9876 5924 3  0.648945  0.70488  0.7825  1.97626e-323
from 2 to 3 matchnode 9876

9876 608 3  0.506688  0.5712  0.7575  6.9514e-310
9876 879 3  0.67068  0.6417  0.78  1.09622e-311
edge_match: 
from 3 to 4 matchnode 608

608 5520 3  0.811008  0.52234  0.79  6.9514e-310
608 14042 3  0.5192  0.613428  0.59  6.9514e-310
from 3 to 4 matchnode 879

879 5520 3  0.59856  0.568008  0.665  1.09622e-311
879 14042 3  0.53504  0.80316  0.625  1.09622e-311
edge_match: 
from 4 to 1 matchnode 5520

5520 5924 3  0.667945  0.72675  0.8325  1.97626e-323
from 4 to 2 matchnode 5520

5520 5617 2  0.9215  0.5688  0.546667  6.9514e-310
5520 9876 3  0.546638  0.59616  0.6  6.9514e-310
from 4 to 3 matchnode 5520

5520 608 3  0.673554  0.58368  0.71  6.9514e-310
5520 879 2  0.6873  0.912  0.7  1.09507e-311
from 4 to 1 matchnode 14042

14042 5924 3  0.57152  0.510692  0.6075  1.97626e-323
from 4 to 2 matchnode 14042

14042 5617 3  0.73696  0.710424  0.5125  1.09622e-311
14042 9876 3  0.55104  0.697728  0.775  1.09622e-311
from 4 to 3 matchnode 14042

14042 608 3  0.54112  0.856152  0.655  6.9514e-310
14042 879 3  0.6624  0.696072  0.51  1.09507e-311

pattern answer14:
vertex1: 节点个数 1
6400 1 0.55
vertex2: 节点个数 2
2503 2 0.89
5607 2 0.98
vertex3: 节点个数 2
608 3 0.74
3457 3 0.66
vertex4: 节点个数 2
1706 4 0.99
5520 4 0.6
edge_match: 
from 1 to 3 matchnode 6400

6400 608 2  0.5963  0.8742  0.65  1.97626e-323
6400 3457 1  0.67  0.93  0.605  1.97626e-323
from 1 to 4 matchnode 6400

6400 1706 2  0.536  0.8835  0.733333  1.97626e-323
6400 5520 3  0.537328  0.759704  0.63  1.97626e-323
edge_match: 
from 2 to 1 matchnode 2503

2503 6400 2  0.8514  0.623  0.773333  1.97626e-323
from 2 to 3 matchnode 2503

2503 608 3  0.57939  0.622656  0.7725  6.9514e-310
2503 3457 2  0.651  0.6624  0.783333  1.09624e-311
from 2 to 1 matchnode 5607

5607 6400 2  0.6642  0.7007  0.666667  1.97626e-323
from 2 to 3 matchnode 5607

5607 608 3  0.543915  0.502656  0.715  6.9514e-310
5607 3457 2  0.5022  0.7128  0.813333  1.09624e-311
edge_match: 
from 3 to 4 matchnode 608

608 1706 3  0.5824  0.62073  0.775  6.9514e-310
608 5520 3  0.811008  0.52234  0.79  6.9514e-310
from 3 to 4 matchnode 3457

3457 1706 1  0.8  0.95  0.825  1.09622e-311
3457 5520 2  0.704  0.703  0.75  1.09622e-311
edge_match: 
from 4 to 1 matchnode 1706

1706 6400 2  0.5896  0.5106  0.713333  1.97626e-323
from 4 to 2 matchnode 1706

1706 2503 2  0.7744  0.6734  0.826667  6.9514e-310
1706 5607 3  0.577576  0.538002  0.695  6.9514e-310
from 4 to 3 matchnode 1706

1706 608 2  0.704  0.589  0.703333  6.9514e-310
1706 3457 3  0.719664  0.5106  0.605  1.09624e-311
from 4 to 1 matchnode 5520

5520 6400 3  0.749232  0.56693  0.73  1.97626e-323
from 4 to 2 matchnode 5520

5520 2503 1  0.88  0.91  0.745  6.9514e-310
5520 5607 3  0.645606  0.62856  0.8825  6.9514e-310
from 4 to 3 matchnode 5520

5520 608 3  0.673554  0.58368  0.71  6.9514e-310
5520 3457 3  0.57288  0.602784  0.7375  1.09624e-311

pattern answer15:
vertex1: 节点个数 1
8185 1 0.96
vertex2: 节点个数 2
1129 2 0.63
2519 2 0.65
vertex3: 节点个数 2
3457 3 0.66
3810 3 0.68
vertex4: 节点个数 2
2182 4 0.85
5520 4 0.6
edge_match: 
from 1 to 3 matchnode 8185

8185 3457 3  0.883872  0.65208  0.69  1.97626e-323
8185 3810 3  0.744744  0.548856  0.6325  1.97626e-323
from 1 to 4 matchnode 8185

8185 2182 3  0.883872  0.68552  0.7375  1.97626e-323
8185 5520 3  0.551232  0.767536  0.705  1.97626e-323
edge_match: 
from 2 to 1 matchnode 1129

1129 8185 3  0.64296  0.837  0.645  1.97626e-323
from 2 to 3 matchnode 1129

1129 3457 3  0.675924  0.6162  0.665  1.09624e-311
1129 3810 3  0.540594  0.81168  0.6575  6.9514e-310
from 2 to 1 matchnode 2519

2519 8185 3  0.514008  0.515592  0.6  1.97626e-323
from 2 to 3 matchnode 2519

2519 3457 3  0.555984  0.529802  0.5325  1.09624e-311
2519 3810 3  0.534534  0.950796  0.6825  6.9514e-310
edge_match: 
from 3 to 4 matchnode 3457

3457 2182 3  0.553536  0.535952  0.68  1.09622e-311
3457 5520 2  0.704  0.703  0.75  1.09622e-311
from 3 to 4 matchnode 3810

3810 2182 3  0.667368  0.5658  0.655  1.09625e-311
3810 5520 3  0.77418  0.792  0.7375  1.09625e-311
edge_match: 
from 4 to 1 matchnode 2182

2182 8185 3  0.523032  0.5112  0.725  1.97626e-323
from 4 to 2 matchnode 2182

2182 1129 2  0.931  0.5451  0.603333  6.9514e-310
2182 2519 3  0.57246  0.71145  0.6575  6.9514e-310
from 4 to 3 matchnode 2182

2182 3457 3  0.720006  0.758912  0.765  1.09624e-311
2182 3810 3  0.58996  0.571455  0.68  6.9514e-310
from 4 to 1 matchnode 5520

5520 8185 3  0.571392  0.5083  0.71  1.97626e-323
from 4 to 2 matchnode 5520

5520 1129 3  0.715635  0.58327  0.535  6.9514e-310
5520 2519 3  0.63984  0.51119  0.55  6.9514e-310
from 4 to 3 matchnode 5520

5520 3457 3  0.57288  0.602784  0.7375  1.09624e-311
5520 3810 2  0.5073  0.9504  0.58  6.9514e-310

pattern answer16:
vertex1: 节点个数 1
8658 1 0.7
vertex2: 节点个数 2
2519 2 0.65
4793 2 0.76
vertex3: 节点个数 2
608 3 0.74
879 3 0.71
vertex4: 节点个数 2
2949 4 0.53
4709 4 0.7
edge_match: 
from 1 to 3 matchnode 8658

8658 608 2  0.5625  0.7081  0.66  9.88131e-324
8658 879 3  0.58065  0.725754  0.68  9.88131e-324
from 1 to 4 matchnode 8658

8658 2949 3  0.52065  0.59073  0.6725  9.88131e-324
8658 4709 2  0.7425  0.679  0.646667  9.88131e-324
edge_match: 
from 2 to 1 matchnode 2519

2519 8658 3  0.703872  0.574656  0.6875  9.88131e-324
from 2 to 3 matchnode 2519

2519 608 1  0.55  0.97  0.695  6.9514e-310
2519 879 2  0.873  0.6132  0.786667  1.09622e-311
from 2 to 1 matchnode 4793

4793 8658 3  0.836  0.544896  0.815  9.88131e-324
from 2 to 3 matchnode 4793

4793 608 2  0.6225  0.657  0.68  6.9514e-310
4793 879 3  0.642586  0.67338  0.695  1.09622e-311
edge_match: 
from 3 to 4 matchnode 608

608 2949 3  0.52272  0.539392  0.6075  6.9514e-310
608 4709 3  0.5346  0.61789  0.67  6.9514e-310
from 3 to 4 matchnode 879

879 2949 3  0.68886  0.60372  0.6  1.09622e-311
879 4709 3  0.572715  0.6237  0.7275  1.09622e-311
edge_match: 
from 4 to 1 matchnode 2949

2949 8658 2  0.504  0.5369  0.656667  9.88131e-324
from 4 to 2 matchnode 2949

2949 2519 3  0.6909  0.795522  0.675  6.9514e-310
2949 4793 3  0.549549  0.728  0.535  6.9514e-310
from 4 to 3 matchnode 2949

2949 608 3  0.500892  0.813006  0.62  6.9514e-310
2949 879 3  0.56595  0.72709  0.69  1.09507e-311
from 4 to 1 matchnode 4709

4709 8658 2  0.6942  0.6318  0.633333  9.88131e-324
from 4 to 2 matchnode 4709

4709 2519 3  0.54999  0.60515  0.5025  6.9514e-310
4709 4793 3  0.768768  0.52668  0.67  6.9514e-310
from 4 to 3 matchnode 4709

4709 608 3  0.52688  0.568032  0.6625  6.9514e-310
4709 879 3  0.642224  0.8633  0.66  1.09507e-311

pattern answer17:
vertex1: 节点个数 1
9410 1 0.79
vertex2: 节点个数 2
1129 2 0.63
2073 2 0.92
vertex3: 节点个数 2
608 3 0.74
4564 3 0.53
vertex4: 节点个数 2
5520 4 0.6
6119 4 1
edge_match: 
from 1 to 3 matchnode 9410

9410 608 3  0.589512  0.52173  0.74  1.97626e-323
9410 4564 3  0.60333  0.536544  0.56  1.97626e-323
from 1 to 4 matchnode 9410

9410 5520 2  0.6816  0.513  0.69  1.97626e-323
9410 6119 2  0.8272  0.5917  0.69  1.97626e-323
edge_match: 
from 2 to 1 matchnode 1129

1129 9410 3  0.553152  0.5304  0.5725  1.97626e-323
from 2 to 3 matchnode 1129

1129 608 3  0.549792  0.62478  0.635  6.9514e-310
1129 4564 2  0.7268  0.79  0.666667  1.09622e-311
from 2 to 1 matchnode 2073

2073 9410 3  0.712659  0.63296  0.7625  1.97626e-323
from 2 to 3 matchnode 2073

2073 608 2  0.5525  0.6052  0.776667  6.9514e-310
2073 4564 3  0.552368  0.509454  0.6975  1.09622e-311
edge_match: 
from 3 to 4 matchnode 608

608 5520 3  0.811008  0.52234  0.79  6.9514e-310
608 6119 3  0.505344  0.553755  0.8825  6.9514e-310
from 3 to 4 matchnode 4564

4564 5520 3  0.578592  0.817  0.5825  1.09622e-311
4564 6119 3  0.556974  0.875425  0.6375  1.09622e-311
edge_match: 
from 4 to 1 matchnode 5520

5520 9410 2  0.6545  0.65  0.733333  1.97626e-323
from 4 to 2 matchnode 5520

5520 1129 3  0.715635  0.58327  0.535  6.9514e-310
5520 2073 3  0.504735  0.526162  0.57  6.9514e-310
from 4 to 3 matchnode 5520

5520 608 3  0.673554  0.58368  0.71  6.9514e-310
5520 4564 2  0.8272  0.5642  0.673333  1.09624e-311
from 4 to 1 matchnode 6119

6119 9410 3  0.648396  0.552  0.6575  1.97626e-323
from 4 to 2 matchnode 6119

6119 1129 3  0.6251  0.51894  0.665  1.09622e-311
6119 2073 2  0.679  0.6392  0.676667  1.09622e-311
from 4 to 3 matchnode 6119

6119 608 3  0.50787  0.594456  0.6175  6.9514e-310
6119 4564 3  0.704996  0.515928  0.7  1.09624e-311

pattern answer18:
vertex1: 节点个数 1
9751 1 0.98
vertex2: 节点个数 2
2519 2 0.65
5156 2 0.73
vertex3: 节点个数 2
608 3 0.74
879 3 0.71
vertex4: 节点个数 2
2949 4 0.53
4709 4 0.7
edge_match: 
from 1 to 3 matchnode 9751

9751 608 3  0.6615  0.621984  0.7925  1.97626e-323
9751 879 2  0.7938  0.7138  0.82  1.97626e-323
from 1 to 4 matchnode 9751

9751 2949 2  0.7392  0.57  0.833333  1.97626e-323
9751 4709 1  0.96  0.9  0.84  1.97626e-323
edge_match: 
from 2 to 1 matchnode 2519

2519 9751 3  0.508776  0.634452  0.615  1.97626e-323
from 2 to 3 matchnode 2519

2519 608 1  0.55  0.97  0.695  6.9514e-310
2519 879 2  0.873  0.6132  0.786667  1.09622e-311
from 2 to 1 matchnode 5156

5156 9751 2  0.646  0.6162  0.826667  1.97626e-323
from 2 to 3 matchnode 5156

5156 608 2  0.8036  0.5696  0.726667  6.9514e-310
5156 879 1  0.82  0.89  0.72  1.09622e-311
edge_match: 
from 3 to 4 matchnode 608

608 2949 3  0.52272  0.539392  0.6075  6.9514e-310
608 4709 3  0.5346  0.61789  0.67  6.9514e-310
from 3 to 4 matchnode 879

879 2949 3  0.68886  0.60372  0.6  1.09622e-311
879 4709 3  0.572715  0.6237  0.7275  1.09622e-311
edge_match: 
from 4 to 1 matchnode 2949

2949 9751 2  0.7614  0.747  0.656667  1.97626e-323
from 4 to 2 matchnode 2949

2949 2519 3  0.6909  0.795522  0.675  6.9514e-310
2949 5156 2  0.75  0.7644  0.66  6.9514e-310
from 4 to 3 matchnode 2949

2949 608 3  0.500892  0.813006  0.62  6.9514e-310
2949 879 3  0.56595  0.72709  0.69  1.09507e-311
from 4 to 1 matchnode 4709

4709 9751 3  0.557568  0.50112  0.715  1.97626e-323
from 4 to 2 matchnode 4709

4709 2519 3  0.54999  0.60515  0.5025  6.9514e-310
4709 5156 2  0.7832  0.97  0.643333  6.9514e-310
from 4 to 3 matchnode 4709

4709 608 3  0.52688  0.568032  0.6625  6.9514e-310
4709 879 3  0.642224  0.8633  0.66  1.09507e-311

pattern answer19:
vertex1: 节点个数 1
10174 1 0.84
vertex2: 节点个数 2
1129 2 0.63
2503 2 0.89
vertex3: 节点个数 2
608 3 0.74
879 3 0.71
vertex4: 节点个数 2
2949 4 0.53
5520 4 0.6
edge_match: 
from 1 to 3 matchnode 10174

10174 608 3  0.8379  0.662112  0.7575  1.97626e-323
10174 879 3  0.80997  0.592416  0.75  1.97626e-323
from 1 to 4 matchnode 10174

10174 2949 2  0.5106  0.5952  0.613333  1.97626e-323
10174 5520 3  0.5859  0.619262  0.625  1.97626e-323
edge_match: 
from 2 to 1 matchnode 1129

1129 10174 3  0.86621  0.63756  0.665  1.97626e-323
from 2 to 3 matchnode 1129

1129 608 3  0.549792  0.62478  0.635  6.9514e-310
1129 879 3  0.659932  0.5688  0.7975  1.09622e-311
from 2 to 1 matchnode 2503

2503 10174 3  0.76912  0.603876  0.625  1.97626e-323
from 2 to 3 matchnode 2503

2503 608 3  0.57939  0.622656  0.7725  6.9514e-310
2503 879 3  0.664785  0.712448  0.72  1.09622e-311
edge_match: 
from 3 to 4 matchnode 608

608 2949 3  0.52272  0.539392  0.6075  6.9514e-310
608 5520 3  0.811008  0.52234  0.79  6.9514e-310
from 3 to 4 matchnode 879

879 2949 3  0.68886  0.60372  0.6  1.09622e-311
879 5520 3  0.59856  0.568008  0.665  1.09622e-311
edge_match: 
from 4 to 1 matchnode 2949

2949 10174 2  0.6768  0.6586  0.763333  1.97626e-323
from 4 to 2 matchnode 2949

2949 1129 3  0.8019  0.714  0.515  6.9514e-310
2949 2503 1  0.91  0.84  0.71  6.9514e-310
from 4 to 3 matchnode 2949

2949 608 3  0.500892  0.813006  0.62  6.9514e-310
2949 879 3  0.56595  0.72709  0.69  1.09507e-311
from 4 to 1 matchnode 5520

5520 10174 3  0.64239  0.6783  0.7725  1.97626e-323
from 4 to 2 matchnode 5520

5520 1129 3  0.715635  0.58327  0.535  6.9514e-310
5520 2503 1  0.88  0.91  0.745  6.9514e-310
from 4 to 3 matchnode 5520

5520 608 3  0.673554  0.58368  0.71  6.9514e-310
5520 879 2  0.6873  0.912  0.7  1.09507e-311

pattern answer20:
vertex1: 节点个数 1
10808 1 0.71
vertex2: 节点个数 2
5156 2 0.73
9245 2 0.85
vertex3: 节点个数 2
879 3 0.71
2529 3 0.74
vertex4: 节点个数 2
2949 4 0.53
7693 4 0.65
edge_match: 
from 1 to 3 matchnode 10808

10808 879 3  0.732105  0.64768  0.675  1.97626e-323
10808 2529 3  0.79515  0.543816  0.5225  1.97626e-323
from 1 to 4 matchnode 10808

10808 2949 3  0.66576  0.600936  0.51  1.97626e-323
10808 7693 3  0.644955  0.570276  0.54  1.97626e-323
edge_match: 
from 2 to 1 matchnode 5156

5156 10808 3  0.6232  0.58464  0.68  1.97626e-323
from 2 to 3 matchnode 5156

5156 879 1  0.82  0.89  0.72  1.09622e-311
5156 2529 2  0.8918  0.8928  0.63  1.09622e-311
from 2 to 1 matchnode 9245

9245 10808 3  0.539392  0.653198  0.545  1.97626e-323
from 2 to 3 matchnode 9245

9245 879 3  0.591624  0.606528  0.8  1.09622e-311
9245 2529 3  0.81634  0.632256  0.5875  1.09622e-311
edge_match: 
from 3 to 4 matchnode 879

879 2949 3  0.68886  0.60372  0.6  1.09622e-311
879 7693 3  0.534528  0.678224  0.5275  1.09622e-311
from 3 to 4 matchnode 2529

2529 2949 3  0.5467  0.640528  0.565  1.09622e-311
2529 7693 2  0.6674  0.504  0.616667  1.09622e-311
edge_match: 
from 4 to 1 matchnode 2949

2949 10808 3  0.525366  0.507656  0.565  1.97626e-323
from 4 to 2 matchnode 2949

2949 5156 2  0.75  0.7644  0.66  6.9514e-310
2949 9245 3  0.50808  0.516436  0.5175  6.9514e-310
from 4 to 3 matchnode 2949

2949 879 3  0.56595  0.72709  0.69  1.09507e-311
2949 2529 3  0.557568  0.64944  0.54  1.09624e-311
from 4 to 1 matchnode 7693

7693 10808 3  0.577576  0.509638  0.5875  1.97626e-323
from 4 to 2 matchnode 7693

7693 5156 3  0.72713  0.659736  0.54  1.09622e-311
7693 9245 3  0.65856  0.752463  0.5  1.09622e-311
from 4 to 3 matchnode 7693

7693 879 3  0.532  0.632709  0.525  1.09507e-311
7693 2529 3  0.609615  0.61752  0.695  1.09624e-311

pattern answer21:
vertex1: 节点个数 1
14154 1 0.71
vertex2: 节点个数 2
1129 2 0.63
2503 2 0.89
vertex3: 节点个数 2
879 3 0.71
3810 3 0.68
vertex4: 节点个数 2
5520 4 0.6
15917 4 0.99
edge_match: 
from 1 to 3 matchnode 14154

14154 879 3  0.56064  0.59808  0.57  1.97626e-323
14154 3810 3  0.570392  0.536544  0.63  1.97626e-323
from 1 to 4 matchnode 14154

14154 5520 3  0.558012  0.702744  0.55  1.97626e-323
14154 15917 3  0.592992  0.5427  0.785  1.97626e-323
edge_match: 
from 2 to 1 matchnode 1129

1129 14154 3  0.533984  0.503625  0.6325  1.97626e-323
from 2 to 3 matchnode 1129

1129 879 3  0.659932  0.5688  0.7975  1.09622e-311
1129 3810 3  0.540594  0.81168  0.6575  6.9514e-310
from 2 to 1 matchnode 2503

2503 14154 3  0.7872  0.542256  0.51  1.97626e-323
from 2 to 3 matchnode 2503

2503 879 3  0.664785  0.712448  0.72  1.09622e-311
2503 3810 3  0.597465  0.521184  0.8575  6.9514e-310
edge_match: 
from 3 to 4 matchnode 879

879 5520 3  0.59856  0.568008  0.665  1.09622e-311
879 15917 3  0.671232  0.667554  0.5975  1.09622e-311
from 3 to 4 matchnode 3810

3810 5520 3  0.77418  0.792  0.7375  1.09625e-311
3810 15917 2  0.7225  0.6468  0.83  1.09625e-311
edge_match: 
from 4 to 1 matchnode 5520

5520 14154 3  0.675024  0.51034  0.585  1.97626e-323
from 4 to 2 matchnode 5520

5520 1129 3  0.715635  0.58327  0.535  6.9514e-310
5520 2503 1  0.88  0.91  0.745  6.9514e-310
from 4 to 3 matchnode 5520

5520 879 2  0.6873  0.912  0.7  1.09507e-311
5520 3810 2  0.5073  0.9504  0.58  6.9514e-310
from 4 to 1 matchnode 15917

15917 14154 3  0.662025  0.5913  0.565  1.97626e-323
from 4 to 2 matchnode 15917

15917 1129 3  0.80883  0.592895  0.725  1.09622e-311
15917 2503 2  0.6643  0.58  0.803333  1.09622e-311
from 4 to 3 matchnode 15917

15917 879 3  0.55601  0.5472  0.6725  1.09507e-311
15917 3810 2  0.666  0.5328  0.83  6.9514e-310

