pattern answer1:
vertex1: 节点个数 1
32722 1 0.95
vertex2: 节点个数 2
62676 2 0.6
68257 2 0.96
vertex3: 节点个数 2
109944 3 0.69
138443 3 0.86
vertex4: 节点个数 2
71744 4 0.95
92854 4 0.5
edge_match: 
from 1 to 2 matchnode 32722

32722 62676 2  0.6364  0.6723  0.656667  1.20138e-311
32722 68257 3  0.78432  0.564898  0.725  1.20138e-311
from 1 to 3 matchnode 32722

32722 109944 2  0.7482  0.7719  0.686667  1.20138e-311
32722 138443 2  0.6536  0.5146  0.743333  1.20138e-311
from 1 to 4 matchnode 32722

32722 71744 2  0.7826  0.7221  0.773333  1.97626e-323
32722 92854 2  0.5762  0.5976  0.623333  1.97626e-323
edge_match: 
from 2 to 1 matchnode 62676

62676 32722 2  0.8051  0.6916  0.656667  1.97626e-323
from 2 to 3 matchnode 62676

62676 109944 2  0.8439  0.8463  0.57  6.95129e-310
62676 138443 2  0.7372  0.5642  0.626667  6.95129e-310
from 2 to 4 matchnode 62676

62676 71744 2  0.8827  0.7917  0.656667  6.95129e-310
62676 92854 2  0.6499  0.6552  0.506667  1.20212e-311
from 2 to 1 matchnode 68257

68257 32722 2  0.7304  0.6992  0.776667  1.97626e-323
from 2 to 3 matchnode 68257

68257 109944 2  0.7656  0.8556  0.69  6.95129e-310
68257 138443 2  0.6688  0.5704  0.746667  6.95129e-310
from 2 to 4 matchnode 68257

68257 71744 2  0.8008  0.8004  0.776667  6.95129e-310
68257 92854 2  0.5896  0.6624  0.626667  1.20212e-311
edge_match: 
from 3 to 1 matchnode 109944

109944 32722 2  0.747  0.646  0.686667  1.97626e-323
from 3 to 2 matchnode 109944

109944 62676 2  0.666  0.6885  0.57  6.95129e-310
109944 68257 3  0.8208  0.57851  0.66  6.95129e-310
from 3 to 4 matchnode 109944

109944 71744 2  0.819  0.7395  0.686667  6.95129e-310
109944 92854 2  0.603  0.612  0.536667  1.20212e-311
from 3 to 1 matchnode 138443

138443 32722 2  0.7968  0.7296  0.743333  1.97626e-323
from 3 to 2 matchnode 138443

138443 62676 2  0.7104  0.7776  0.626667  1.20213e-311
138443 68257 3  0.87552  0.653376  0.7025  1.20213e-311
from 3 to 4 matchnode 138443

138443 71744 2  0.8736  0.8352  0.743333  6.95129e-310
138443 92854 2  0.6432  0.6912  0.593333  1.20212e-311
edge_match: 
from 4 to 1 matchnode 71744

71744 32722 2  0.664  0.7144  0.773333  1.97626e-323
from 4 to 2 matchnode 71744

71744 62676 2  0.592  0.7614  0.656667  6.95129e-310
71744 68257 3  0.7296  0.639764  0.725  6.95129e-310
from 4 to 3 matchnode 71744

71744 109944 2  0.696  0.8742  0.686667  1.2013e-311
71744 138443 2  0.608  0.5828  0.743333  1.2013e-311
from 4 to 1 matchnode 92854

92854 32722 2  0.6391  0.7372  0.623333  1.97626e-323
from 4 to 2 matchnode 92854

92854 62676 2  0.5698  0.7857  0.506667  1.20212e-311
92854 68257 3  0.70224  0.660182  0.6125  1.20212e-311
from 4 to 3 matchnode 92854

92854 109944 2  0.6699  0.9021  0.536667  1.20212e-311
92854 138443 2  0.5852  0.6014  0.593333  1.20212e-311

pattern answer2:
vertex1: 节点个数 1
64065 1 0.96
vertex2: 节点个数 2
204703 2 0.89
263740 2 0.94
vertex3: 节点个数 2
245522 3 0.54
260918 3 0.71
vertex4: 节点个数 2
112925 4 0.99
238229 4 0.8
edge_match: 
from 1 to 2 matchnode 64065

64065 204703 3  0.616358  0.739722  0.7575  1.20213e-311
64065 263740 3  0.615342  0.553224  0.66  1.20213e-311
from 1 to 3 matchnode 64065

64065 245522 3  0.66975  0.610944  0.645  1.20197e-311
64065 260918 3  0.59408  0.581526  0.7375  1.20197e-311
from 1 to 4 matchnode 64065

64065 112925 3  0.78432  0.56832  0.815  1.97626e-323
64065 238229 3  0.52976  0.613032  0.62  1.97626e-323
edge_match: 
from 2 to 1 matchnode 204703

204703 64065 2  0.9306  0.6956  0.836667  1.97626e-323
from 2 to 3 matchnode 204703

204703 245522 3  0.761852  0.588984  0.5275  6.95129e-310
204703 260918 3  0.838292  0.873873  0.735  6.95129e-310
from 2 to 4 matchnode 204703

204703 112925 3  0.88209  0.769824  0.73  6.95129e-310
204703 238229 2  0.7055  0.6716  0.88  1.20182e-311
from 2 to 1 matchnode 263740

263740 64065 3  0.68112  0.534534  0.65  1.97626e-323
from 2 to 3 matchnode 263740

263740 245522 3  0.51858  0.56672  0.55  6.95129e-310
263740 260918 3  0.615296  0.749075  0.5825  6.95129e-310
from 2 to 4 matchnode 263740

263740 112925 3  0.518616  0.508959  0.79  6.95129e-310
263740 238229 3  0.514932  0.52452  0.835  1.20182e-311
edge_match: 
from 3 to 1 matchnode 245522

245522 64065 2  0.5896  0.5616  0.676667  1.97626e-323
from 3 to 2 matchnode 245522

245522 204703 2  0.7938  0.8372  0.706667  6.95129e-310
245522 263740 3  0.827904  0.581672  0.79  6.95129e-310
from 3 to 4 matchnode 245522

245522 112925 2  0.9408  0.6188  0.74  6.95129e-310
245522 238229 2  0.598  0.8827  0.59  1.20213e-311
from 3 to 1 matchnode 260918

260918 64065 3  0.5874  0.69654  0.81  1.97626e-323
from 3 to 2 matchnode 260918

260918 204703 3  0.718536  0.699732  0.7475  6.95129e-310
260918 263740 3  0.619262  0.686952  0.6775  6.95129e-310
from 3 to 4 matchnode 260918

260918 112925 3  0.550368  0.62928  0.6775  6.95129e-310
260918 238229 3  0.761024  0.543678  0.72  1.20213e-311
edge_match: 
from 4 to 1 matchnode 112925

112925 64065 2  0.738  0.6497  0.963333  1.97626e-323
from 4 to 2 matchnode 112925

112925 204703 2  0.7695  0.7452  0.856667  6.95129e-310
112925 263740 1  0.88  0.94  0.965  6.95129e-310
from 4 to 3 matchnode 112925

112925 245522 3  0.7942  0.611226  0.5925  6.95129e-310
112925 260918 3  0.729904  0.695604  0.785  6.95129e-310
from 4 to 1 matchnode 238229

238229 64065 3  0.678714  0.52416  0.69  1.97626e-323
from 4 to 2 matchnode 238229

238229 204703 3  0.666792  0.611156  0.7125  1.20213e-311
238229 263740 3  0.581064  0.568512  0.7875  1.20213e-311
from 4 to 3 matchnode 238229

238229 245522 3  0.513912  0.64064  0.645  1.20213e-311
238229 260918 2  0.7938  0.7917  0.66  1.20213e-311

pattern answer3:
vertex1: 节点个数 1
78176 1 0.56
vertex2: 节点个数 2
62676 2 0.6
65240 2 0.85
vertex3: 节点个数 2
109944 3 0.69
220363 3 0.9
vertex4: 节点个数 2
71744 4 0.95
119255 4 0.55
edge_match: 
from 1 to 2 matchnode 78176

78176 62676 2  0.5106  0.648  0.526667  1.20185e-311
78176 65240 2  0.6693  0.64  0.61  1.20185e-311
from 1 to 3 matchnode 78176

78176 109944 2  0.6003  0.744  0.556667  1.20183e-311
78176 220363 2  0.6831  0.656  0.626667  1.20183e-311
from 1 to 4 matchnode 78176

78176 71744 2  0.6279  0.696  0.643333  1.97626e-323
78176 119255 2  0.5106  0.792  0.51  1.97626e-323
edge_match: 
from 2 to 1 matchnode 62676

62676 78176 2  0.6596  0.7462  0.526667  1.97626e-323
from 2 to 3 matchnode 62676

62676 109944 2  0.8439  0.8463  0.57  6.95129e-310
62676 220363 2  0.9603  0.7462  0.64  1.20182e-311
from 2 to 4 matchnode 62676

62676 71744 2  0.8827  0.7917  0.656667  6.95129e-310
62676 119255 2  0.7178  0.9009  0.523333  1.20142e-311
from 2 to 1 matchnode 65240

65240 78176 2  0.5032  0.6396  0.61  1.97626e-323
from 2 to 3 matchnode 65240

65240 109944 2  0.6438  0.7254  0.653333  6.95129e-310
65240 220363 2  0.7326  0.6396  0.723333  1.20182e-311
from 2 to 4 matchnode 65240

65240 71744 2  0.6734  0.6786  0.74  6.95129e-310
65240 119255 2  0.5476  0.7722  0.606667  1.20142e-311
edge_match: 
from 3 to 1 matchnode 109944

109944 78176 2  0.612  0.697  0.556667  1.97626e-323
from 3 to 2 matchnode 109944

109944 62676 2  0.666  0.6885  0.57  6.95129e-310
109944 65240 2  0.873  0.68  0.653333  6.95129e-310
from 3 to 4 matchnode 109944

109944 71744 2  0.819  0.7395  0.686667  6.95129e-310
109944 119255 2  0.666  0.8415  0.553333  1.20142e-311
from 3 to 1 matchnode 220363

220363 78176 3  0.606424  0.70848  0.595  1.97626e-323
from 3 to 2 matchnode 220363

220363 62676 3  0.659932  0.69984  0.605  1.20182e-311
220363 65240 3  0.865046  0.6912  0.6675  1.20182e-311
from 3 to 4 matchnode 220363

220363 71744 3  0.811538  0.75168  0.6925  6.95129e-310
220363 119255 3  0.659932  0.85536  0.5925  1.20142e-311
edge_match: 
from 4 to 1 matchnode 71744

71744 78176 2  0.544  0.7708  0.643333  1.97626e-323
from 4 to 2 matchnode 71744

71744 62676 2  0.592  0.7614  0.656667  6.95129e-310
71744 65240 2  0.776  0.752  0.74  6.95129e-310
from 4 to 3 matchnode 71744

71744 109944 2  0.696  0.8742  0.686667  1.2013e-311
71744 220363 2  0.792  0.7708  0.756667  1.2013e-311
from 4 to 1 matchnode 119255

119255 78176 2  0.6664  0.5412  0.51  1.97626e-323
from 4 to 2 matchnode 119255

119255 62676 2  0.7252  0.5346  0.523333  1.20142e-311
119255 65240 2  0.9506  0.528  0.606667  1.20142e-311
from 4 to 3 matchnode 119255

119255 109944 2  0.8526  0.6138  0.553333  1.20183e-311
119255 220363 2  0.9702  0.5412  0.623333  1.20183e-311

pattern answer4:
vertex1: 节点个数 1
95539 1 0.54
vertex2: 节点个数 2
62676 2 0.6
65240 2 0.85
vertex3: 节点个数 2
109944 3 0.69
220363 3 0.9
vertex4: 节点个数 2
71744 4 0.95
119255 4 0.55
edge_match: 
from 1 to 2 matchnode 95539

95539 62676 2  0.629  0.5508  0.52  1.20121e-311
95539 65240 2  0.8245  0.544  0.603333  1.20121e-311
from 1 to 3 matchnode 95539

95539 109944 2  0.7395  0.6324  0.55  1.20119e-311
95539 220363 2  0.8415  0.5576  0.62  1.20119e-311
from 1 to 4 matchnode 95539

95539 71744 2  0.7735  0.5916  0.636667  1.97626e-323
95539 119255 2  0.629  0.6732  0.503333  1.97626e-323
edge_match: 
from 2 to 1 matchnode 62676

62676 95539 2  0.6693  0.8281  0.52  1.97626e-323
from 2 to 3 matchnode 62676

62676 109944 2  0.8439  0.8463  0.57  6.95129e-310
62676 220363 2  0.9603  0.7462  0.64  1.20182e-311
from 2 to 4 matchnode 62676

62676 71744 2  0.8827  0.7917  0.656667  6.95129e-310
62676 119255 2  0.7178  0.9009  0.523333  1.20142e-311
from 2 to 1 matchnode 65240

65240 95539 2  0.5106  0.7098  0.603333  1.97626e-323
from 2 to 3 matchnode 65240

65240 109944 2  0.6438  0.7254  0.653333  6.95129e-310
65240 220363 2  0.7326  0.6396  0.723333  1.20182e-311
from 2 to 4 matchnode 65240

65240 71744 2  0.6734  0.6786  0.74  6.95129e-310
65240 119255 2  0.5476  0.7722  0.606667  1.20142e-311
edge_match: 
from 3 to 1 matchnode 109944

109944 95539 2  0.621  0.7735  0.55  1.97626e-323
from 3 to 2 matchnode 109944

109944 62676 2  0.666  0.6885  0.57  6.95129e-310
109944 65240 2  0.873  0.68  0.653333  6.95129e-310
from 3 to 4 matchnode 109944

109944 71744 2  0.819  0.7395  0.686667  6.95129e-310
109944 119255 2  0.666  0.8415  0.553333  1.20142e-311
from 3 to 1 matchnode 220363

220363 95539 3  0.615342  0.78624  0.59  1.97626e-323
from 3 to 2 matchnode 220363

220363 62676 3  0.659932  0.69984  0.605  1.20182e-311
220363 65240 3  0.865046  0.6912  0.6675  1.20182e-311
from 3 to 4 matchnode 220363

220363 71744 3  0.811538  0.75168  0.6925  6.95129e-310
220363 119255 3  0.659932  0.85536  0.5925  1.20142e-311
edge_match: 
from 4 to 1 matchnode 71744

71744 95539 2  0.552  0.8554  0.636667  1.97626e-323
from 4 to 2 matchnode 71744

71744 62676 2  0.592  0.7614  0.656667  6.95129e-310
71744 65240 2  0.776  0.752  0.74  6.95129e-310
from 4 to 3 matchnode 71744

71744 109944 2  0.696  0.8742  0.686667  1.2013e-311
71744 220363 2  0.792  0.7708  0.756667  1.2013e-311
from 4 to 1 matchnode 119255

119255 95539 2  0.6762  0.6006  0.503333  1.97626e-323
from 4 to 2 matchnode 119255

119255 62676 2  0.7252  0.5346  0.523333  1.20142e-311
119255 65240 2  0.9506  0.528  0.606667  1.20142e-311
from 4 to 3 matchnode 119255

119255 109944 2  0.8526  0.6138  0.553333  1.20183e-311
119255 220363 2  0.9702  0.5412  0.623333  1.20183e-311

pattern answer5:
vertex1: 节点个数 1
537028 1 0.98
vertex2: 节点个数 2
204703 2 0.89
528989 2 0.93
vertex3: 节点个数 2
245522 3 0.54
432417 3 0.69
vertex4: 节点个数 2
126705 4 0.69
538156 4 0.71
edge_match: 
from 1 to 2 matchnode 537028

537028 204703 2  0.7315  0.8008  0.9  1.20214e-311
537028 528989 3  0.54131  0.768768  0.9075  1.20214e-311
from 1 to 3 matchnode 537028

537028 245522 2  0.5785  0.518  0.6  1.20214e-311
537028 432417 3  0.700437  0.644  0.74  1.20214e-311
from 1 to 4 matchnode 537028

537028 126705 3  0.57  0.655424  0.6675  1.97626e-323
537028 538156 3  0.595608  0.77004  0.585  1.97626e-323
edge_match: 
from 2 to 1 matchnode 204703

204703 537028 3  0.838292  0.595386  0.8025  1.97626e-323
from 2 to 3 matchnode 204703

204703 245522 3  0.761852  0.588984  0.5275  6.95129e-310
204703 432417 3  0.701428  0.921888  0.73  1.20182e-311
from 2 to 4 matchnode 204703

204703 126705 3  0.793266  0.79299  0.74  6.95129e-310
204703 538156 3  0.821184  0.758637  0.735  1.20182e-311
from 2 to 1 matchnode 528989

528989 537028 3  0.6424  0.554496  0.835  1.97626e-323
from 2 to 3 matchnode 528989

528989 245522 2  0.7743  0.609  0.583333  6.95129e-310
528989 432417 3  0.693966  0.677376  0.6925  1.20182e-311
from 2 to 4 matchnode 528989

528989 126705 3  0.758814  0.55419  0.61  6.95129e-310
528989 538156 3  0.812448  0.557424  0.6975  1.20182e-311
edge_match: 
from 3 to 1 matchnode 245522

245522 537028 2  0.7252  0.623  0.59  1.97626e-323
from 3 to 2 matchnode 245522

245522 204703 2  0.7938  0.8372  0.706667  6.95129e-310
245522 528989 3  0.587412  0.803712  0.7625  6.95129e-310
from 3 to 4 matchnode 245522

245522 126705 1  0.98  0.91  0.615  1.20182e-311
245522 538156 2  0.8832  0.873  0.513333  1.20182e-311
from 3 to 1 matchnode 432417

432417 537028 2  0.784  0.558  0.803333  1.97626e-323
from 3 to 2 matchnode 432417

432417 204703 3  0.71442  0.736736  0.7025  1.20182e-311
432417 528989 1  0.65  0.61  0.81  1.20182e-311
from 3 to 4 matchnode 432417

432417 126705 2  0.882  0.8008  0.64  1.20182e-311
432417 538156 2  0.768  0.711  0.713333  1.20182e-311
edge_match: 
from 4 to 1 matchnode 126705

126705 537028 3  0.9016  0.60648  0.77  1.97626e-323
from 4 to 2 matchnode 126705

126705 204703 1  0.81  0.92  0.79  1.20215e-311
126705 528989 2  0.5994  0.8832  0.836667  1.20215e-311
from 4 to 3 matchnode 126705

126705 245522 3  0.69597  0.562716  0.53  1.20215e-311
126705 432417 3  0.775866  0.6612  0.5875  1.20215e-311
from 4 to 1 matchnode 538156

538156 537028 2  0.8918  0.5332  0.81  1.97626e-323
from 4 to 2 matchnode 538156

538156 204703 2  0.7031  0.7189  0.796667  1.20182e-311
538156 528989 3  0.640584  0.744744  0.755  1.20182e-311
from 4 to 3 matchnode 538156

538156 245522 3  0.67158  0.726528  0.67  1.20182e-311
538156 432417 3  0.570024  0.99  0.8275  1.20182e-311

