pattern answer1:
vertex1: 节点个数 1
41 1 0.57
vertex2: 节点个数 2
42 2 0.51
137 2 0.75
vertex3: 节点个数 2
49 3 0.97
74 3 0.81
vertex4: 节点个数 2
75 4 0.54
89 4 0.77
edge_match: 
from 1 to 3 matchnode 41

41 49 3  0.52822  0.614916  0.8125  6.42285e-323
41 74 1  0.97  0.65  0.69  6.42285e-323
edge_match: 
from 2 to 4 matchnode 42

42 75 1  0.55  0.79  0.525  1.00799e-311
42 89 2  0.8554  0.6499  0.716667  6.95335e-310
from 2 to 4 matchnode 137

137 75 3  0.590604  0.7298  0.75  1.00799e-311
137 89 3  0.526176  0.57672  0.7375  6.95335e-310
edge_match: 
from 3 to 1 matchnode 49

49 41 3  0.598975  0.68544  0.6525  1.58101e-322
from 3 to 1 matchnode 74

74 41 3  0.821655  0.56637  0.6025  1.58101e-322
edge_match: 
from 4 to 1 matchnode 75

75 41 1  0.93  0.87  0.555  6.95335e-310
from 4 to 1 matchnode 89

89 41 3  0.632772  0.712356  0.6825  6.95335e-310

pattern answer2:
vertex1: 节点个数 1
44 1 0.9
vertex2: 节点个数 2
42 2 0.51
47 2 0.64
vertex3: 节点个数 2
49 3 0.97
74 3 0.81
vertex4: 节点个数 2
67 4 0.78
75 4 0.54
edge_match: 
from 1 to 3 matchnode 44

44 49 2  0.6664  0.672  0.8  4.10074e-322
44 74 2  0.68  0.6552  0.746667  4.10074e-322
edge_match: 
from 2 to 4 matchnode 42

42 67 2  0.5063  0.5175  0.616667  1.008e-311
42 75 1  0.55  0.79  0.525  1.00799e-311
from 2 to 4 matchnode 47

47 67 3  0.500905  0.5922  0.76  1.008e-311
47 75 2  0.5964  0.6675  0.676667  1.00799e-311
edge_match: 
from 3 to 1 matchnode 49

49 44 3  0.632016  0.752752  0.5775  2.02369e-320
from 3 to 1 matchnode 74

74 44 1  0.57  0.92  0.855  2.02369e-320
edge_match: 
from 4 to 1 matchnode 67

67 44 3  0.8736  0.56867  0.65  6.95335e-310
from 4 to 1 matchnode 75

75 44 3  0.617799  0.520782  0.5625  6.95335e-310

pattern answer3:
vertex1: 节点个数 1
46 1 0.8
vertex2: 节点个数 2
137 2 0.75
5845 2 0.83
vertex3: 节点个数 2
74 3 0.81
729 3 0.94
vertex4: 节点个数 2
75 4 0.54
94 4 0.85
edge_match: 
from 1 to 3 matchnode 46

46 74 3  0.72864  0.565728  0.6  1.08694e-322
46 729 3  0.523776  0.575424  0.54  1.08694e-322
edge_match: 
from 2 to 4 matchnode 137

137 75 3  0.590604  0.7298  0.75  1.00799e-311
137 94 3  0.523218  0.6264  0.71  6.95335e-310
from 2 to 4 matchnode 5845

5845 75 3  0.664392  0.57624  0.6625  1.00799e-311
5845 94 3  0.50008  0.773808  0.74  6.95335e-310
edge_match: 
from 3 to 1 matchnode 74

74 46 2  0.8536  0.7722  0.786667  1.00801e-311
from 3 to 1 matchnode 729

729 46 3  0.6402  0.687258  0.825  1.00801e-311
edge_match: 
from 4 to 1 matchnode 75

75 46 2  0.6952  0.6072  0.52  6.95335e-310
from 4 to 1 matchnode 94

94 46 2  0.5063  0.6536  0.78  6.95335e-310

pattern answer4:
vertex1: 节点个数 1
83 1 0.86
vertex2: 节点个数 2
63 2 0.52
1098 2 0.76
vertex3: 节点个数 2
49 3 0.97
74 3 0.81
vertex4: 节点个数 2
32 4 0.54
89 4 0.77
edge_match: 
from 1 to 3 matchnode 83

83 49 2  0.5734  0.6417  0.663333  3.70549e-322
83 74 2  0.5082  0.6745  0.706667  3.70549e-322
edge_match: 
from 2 to 4 matchnode 63

63 32 3  0.542124  0.567567  0.5625  1.00801e-311
63 89 3  0.561792  0.541728  0.645  6.95335e-310
from 2 to 4 matchnode 1098

1098 32 3  0.601916  0.608  0.56  1.00801e-311
1098 89 3  0.53865  0.5616  0.615  6.95335e-310
edge_match: 
from 3 to 1 matchnode 49

49 83 3  0.61336  0.503976  0.7975  2.02369e-320
from 3 to 1 matchnode 74

74 83 2  0.6232  0.72  0.786667  2.02369e-320
edge_match: 
from 4 to 1 matchnode 32

32 83 3  0.708102  0.569296  0.79  6.95335e-310
from 4 to 1 matchnode 89

89 83 3  0.68085  0.80262  0.68  6.95335e-310

pattern answer5:
vertex1: 节点个数 1
203 1 0.97
vertex2: 节点个数 2
42 2 0.51
47 2 0.64
vertex3: 节点个数 2
74 3 0.81
380 3 0.91
vertex4: 节点个数 2
75 4 0.54
122 4 1
edge_match: 
from 1 to 3 matchnode 203

203 74 2  0.6351  0.5551  0.86  8.39912e-323
203 380 3  0.646  0.646536  0.76  8.39912e-323
edge_match: 
from 2 to 4 matchnode 42

42 75 1  0.55  0.79  0.525  1.00799e-311
42 122 3  0.582048  0.554224  0.65  6.95335e-310
from 2 to 4 matchnode 47

47 75 2  0.5964  0.6675  0.676667  1.00799e-311
47 122 3  0.525045  0.5499  0.815  6.95335e-310
edge_match: 
from 3 to 1 matchnode 74

74 203 3  0.6783  0.839232  0.7525  1.00798e-311
from 3 to 1 matchnode 380

380 203 3  0.588588  0.657248  0.84  1.00798e-311
edge_match: 
from 4 to 1 matchnode 75

75 203 3  0.665028  0.82156  0.7475  6.95335e-310
from 4 to 1 matchnode 122

122 203 1  0.9  0.52  0.985  6.95335e-310

pattern answer6:
vertex1: 节点个数 1
443 1 0.87
vertex2: 节点个数 2
42 2 0.51
137 2 0.75
vertex3: 节点个数 2
49 3 0.97
74 3 0.81
vertex4: 节点个数 2
75 4 0.54
89 4 0.77
edge_match: 
from 1 to 3 matchnode 443

443 49 2  0.5332  0.551  0.86  3.31024e-322
443 74 3  0.58006  0.693966  0.7775  3.31024e-322
edge_match: 
from 2 to 4 matchnode 42

42 75 1  0.55  0.79  0.525  1.00799e-311
42 89 2  0.8554  0.6499  0.716667  6.95335e-310
from 2 to 4 matchnode 137

137 75 3  0.590604  0.7298  0.75  1.00799e-311
137 89 3  0.526176  0.57672  0.7375  6.95335e-310
edge_match: 
from 3 to 1 matchnode 49

49 443 2  0.8  0.7695  0.77  1.00798e-311
from 3 to 1 matchnode 74

74 443 2  0.98  0.6555  0.716667  1.00798e-311
edge_match: 
from 4 to 1 matchnode 75

75 443 2  0.63  0.6745  0.626667  6.95335e-310
from 4 to 1 matchnode 89

89 443 2  0.85  0.8645  0.703333  6.95335e-310

pattern answer7:
vertex1: 节点个数 1
543 1 1
vertex2: 节点个数 2
63 2 0.52
137 2 0.75
vertex3: 节点个数 2
805 3 0.63
1002 3 0.55
vertex4: 节点个数 2
1401 4 0.98
2088 4 0.71
edge_match: 
from 1 to 3 matchnode 543

543 805 3  0.537138  0.62568  0.7825  1.4822e-323
543 1002 2  0.705  0.6417  0.766667  1.4822e-323
edge_match: 
from 2 to 4 matchnode 63

63 1401 2  0.6006  0.534  0.69  1.008e-311
63 2088 3  0.7084  0.513513  0.59  6.95335e-310
from 2 to 4 matchnode 137

137 1401 2  0.54  0.512  0.763333  1.008e-311
137 2088 2  0.94  0.9504  0.783333  6.95335e-310
edge_match: 
from 3 to 1 matchnode 805

805 543 3  0.615342  0.54126  0.7575  1.00798e-311
from 3 to 1 matchnode 1002

1002 543 3  0.658168  0.5472  0.745  1.00798e-311
edge_match: 
from 4 to 1 matchnode 1401

1401 543 3  0.568008  0.5358  0.9275  6.95335e-310
from 4 to 1 matchnode 2088

2088 543 3  0.599808  0.766948  0.8025  6.95335e-310

pattern answer8:
vertex1: 节点个数 1
549 1 0.53
vertex2: 节点个数 2
42 2 0.51
47 2 0.64
vertex3: 节点个数 2
49 3 0.97
74 3 0.81
vertex4: 节点个数 2
67 4 0.78
75 4 0.54
edge_match: 
from 1 to 3 matchnode 549

549 49 1  0.98  0.8  0.75  3.35965e-322
549 74 1  1  0.78  0.67  3.35965e-322
edge_match: 
from 2 to 4 matchnode 42

42 67 2  0.5063  0.5175  0.616667  1.008e-311
42 75 1  0.55  0.79  0.525  1.00799e-311
from 2 to 4 matchnode 47

47 67 3  0.500905  0.5922  0.76  1.008e-311
47 75 2  0.5964  0.6675  0.676667  1.00799e-311
edge_match: 
from 3 to 1 matchnode 49

49 549 2  0.8036  0.6888  0.696667  1.00798e-311
from 3 to 1 matchnode 74

74 549 3  0.684855  0.578508  0.7075  1.00798e-311
edge_match: 
from 4 to 1 matchnode 67

67 549 2  0.7144  0.603  0.726667  6.95335e-310
from 4 to 1 matchnode 75

75 549 2  0.5829  0.6175  0.603333  6.95335e-310

pattern answer9:
vertex1: 节点个数 1
745 1 0.67
vertex2: 节点个数 2
42 2 0.51
63 2 0.52
vertex3: 节点个数 2
1613 3 0.68
2034 3 0.74
vertex4: 节点个数 2
67 4 0.78
89 4 0.77
edge_match: 
from 1 to 3 matchnode 745

745 1613 3  0.52234  0.67914  0.6175  1.18576e-322
745 2034 3  0.6251  0.50112  0.6125  1.18576e-322
edge_match: 
from 2 to 4 matchnode 42

42 67 2  0.5063  0.5175  0.616667  1.008e-311
42 89 2  0.8554  0.6499  0.716667  6.95335e-310
from 2 to 4 matchnode 63

63 67 3  0.664664  0.709632  0.6225  1.008e-311
63 89 3  0.561792  0.541728  0.645  6.95335e-310
edge_match: 
from 3 to 1 matchnode 1613

1613 745 2  0.5504  0.574  0.553333  4.85686e-318
from 3 to 1 matchnode 2034

2034 745 1  0.61  0.54  0.705  4.85686e-318
edge_match: 
from 4 to 1 matchnode 67

67 745 2  0.6142  0.533  0.523333  6.95335e-310
from 4 to 1 matchnode 89

89 745 3  0.663  0.62244  0.695  6.95335e-310

pattern answer10:
vertex1: 节点个数 1
768 1 0.96
vertex2: 节点个数 2
47 2 0.64
137 2 0.75
vertex3: 节点个数 2
978 3 0.7
1032 3 0.63
vertex4: 节点个数 2
75 4 0.54
354 4 0.99
edge_match: 
from 1 to 3 matchnode 768

768 978 3  0.662904  0.54144  0.6975  3.95253e-323
768 1032 3  0.505908  0.515088  0.67  3.95253e-323
edge_match: 
from 2 to 4 matchnode 47

47 75 2  0.5964  0.6675  0.676667  1.00799e-311
47 354 3  0.516525  0.50796  0.5625  6.95335e-310
from 2 to 4 matchnode 137

137 75 3  0.590604  0.7298  0.75  1.00799e-311
137 354 2  0.8277  0.6  0.866667  6.95335e-310
edge_match: 
from 3 to 1 matchnode 978

978 768 3  0.788832  0.524394  0.6325  1.00798e-311
from 3 to 1 matchnode 1032

1032 768 3  0.52421  0.523848  0.7925  1.00798e-311
edge_match: 
from 4 to 1 matchnode 75

75 768 2  0.5238  0.5002  0.803333  6.95335e-310
from 4 to 1 matchnode 354

354 768 2  0.657  0.5612  0.93  6.95335e-310

pattern answer11:
vertex1: 节点个数 1
789 1 0.87
vertex2: 节点个数 2
42 2 0.51
47 2 0.64
vertex3: 节点个数 2
74 3 0.81
620 3 0.79
vertex4: 节点个数 2
67 4 0.78
75 4 0.54
edge_match: 
from 1 to 3 matchnode 789

789 74 2  0.8736  0.5607  0.806667  2.66795e-322
789 620 3  0.63423  0.660182  0.525  2.66795e-322
edge_match: 
from 2 to 4 matchnode 42

42 67 2  0.5063  0.5175  0.616667  1.008e-311
42 75 1  0.55  0.79  0.525  1.00799e-311
from 2 to 4 matchnode 47

47 67 3  0.500905  0.5922  0.76  1.008e-311
47 75 2  0.5964  0.6675  0.676667  1.00799e-311
edge_match: 
from 3 to 1 matchnode 74

74 789 1  0.79  0.72  0.84  2.02369e-320
from 3 to 1 matchnode 620

620 789 2  0.5848  0.9025  0.7  2.02369e-320
edge_match: 
from 4 to 1 matchnode 67

67 789 3  0.70713  0.578411  0.7925  6.95335e-310
from 4 to 1 matchnode 75

75 789 2  0.8736  0.712  0.533333  6.95335e-310

pattern answer12:
vertex1: 节点个数 1
846 1 0.89
vertex2: 节点个数 2
63 2 0.52
485 2 0.93
vertex3: 节点个数 2
49 3 0.97
74 3 0.81
vertex4: 节点个数 2
32 4 0.54
354 4 0.99
edge_match: 
from 1 to 3 matchnode 846

846 49 3  0.558  0.51798  0.7725  1.63042e-322
846 74 2  0.7326  0.5082  0.57  1.63042e-322
edge_match: 
from 2 to 4 matchnode 63

63 32 3  0.542124  0.567567  0.5625  1.00801e-311
63 354 3  0.605625  0.504889  0.6275  6.95335e-310
from 2 to 4 matchnode 485

485 32 3  0.547468  0.50141  0.645  1.00801e-311
485 354 3  0.55845  0.528  0.8475  6.95335e-310
edge_match: 
from 3 to 1 matchnode 49

49 846 2  0.6232  0.552  0.85  1.00798e-311
from 3 to 1 matchnode 74

74 846 3  0.718536  0.678528  0.8725  1.00798e-311
edge_match: 
from 4 to 1 matchnode 32

32 846 2  0.5481  0.6375  0.55  6.95335e-310
from 4 to 1 matchnode 354

354 846 2  0.6745  0.6474  0.79  6.95335e-310

pattern answer13:
vertex1: 节点个数 1
1167 1 0.91
vertex2: 节点个数 2
42 2 0.51
137 2 0.75
vertex3: 节点个数 2
49 3 0.97
74 3 0.81
vertex4: 节点个数 2
75 4 0.54
89 4 0.77
edge_match: 
from 1 to 3 matchnode 1167

1167 49 2  0.7275  0.5022  0.786667  3.0138e-322
1167 74 2  0.6975  0.6586  0.886667  3.0138e-322
edge_match: 
from 2 to 4 matchnode 42

42 75 1  0.55  0.79  0.525  1.00799e-311
42 89 2  0.8554  0.6499  0.716667  6.95335e-310
from 2 to 4 matchnode 137

137 75 3  0.590604  0.7298  0.75  1.00799e-311
137 89 3  0.526176  0.57672  0.7375  6.95335e-310
edge_match: 
from 3 to 1 matchnode 49

49 1167 3  0.70488  0.82863  0.875  1.00801e-311
from 3 to 1 matchnode 74

74 1167 3  0.6068  0.524032  0.7625  1.00801e-311
edge_match: 
from 4 to 1 matchnode 75

75 1167 2  0.6696  0.7371  0.61  6.95335e-310
from 4 to 1 matchnode 89

89 1167 3  0.548208  0.636272  0.7275  6.95335e-310

pattern answer14:
vertex1: 节点个数 1
1272 1 0.97
vertex2: 节点个数 2
42 2 0.51
63 2 0.52
vertex3: 节点个数 2
49 3 0.97
74 3 0.81
vertex4: 节点个数 2
67 4 0.78
89 4 0.77
edge_match: 
from 1 to 3 matchnode 1272

1272 49 2  0.8019  0.5673  0.82  1.4822e-322
1272 74 3  0.51759  0.69654  0.665  1.4822e-322
edge_match: 
from 2 to 4 matchnode 42

42 67 2  0.5063  0.5175  0.616667  1.008e-311
42 89 2  0.8554  0.6499  0.716667  6.95335e-310
from 2 to 4 matchnode 63

63 67 3  0.664664  0.709632  0.6225  1.008e-311
63 89 3  0.561792  0.541728  0.645  6.95335e-310
edge_match: 
from 3 to 1 matchnode 49

49 1272 3  0.61541  0.60858  0.8225  1.008e-311
from 3 to 1 matchnode 74

74 1272 3  0.5576  0.518336  0.7775  1.008e-311
edge_match: 
from 4 to 1 matchnode 67

67 1272 3  0.61335  0.525888  0.6575  6.95335e-310
from 4 to 1 matchnode 89

89 1272 3  0.765576  0.70218  0.6925  6.95335e-310

pattern answer15:
vertex1: 节点个数 1
1483 1 0.6
vertex2: 节点个数 2
63 2 0.52
332 2 0.63
vertex3: 节点个数 2
175 3 0.72
2064 3 0.59
vertex4: 节点个数 2
354 4 0.99
1523 4 0.74
edge_match: 
from 1 to 3 matchnode 1483

1483 175 2  0.5229  0.5103  0.766667  2.47033e-323
1483 2064 3  0.594594  0.5751  0.6425  2.47033e-323
edge_match: 
from 2 to 4 matchnode 63

63 354 3  0.605625  0.504889  0.6275  6.95335e-310
63 1523 3  0.730296  0.534204  0.75  6.95335e-310
from 2 to 4 matchnode 332

332 354 3  0.613524  0.757764  0.7025  6.95335e-310
332 1523 3  0.640872  0.534843  0.61  6.95335e-310
edge_match: 
from 3 to 1 matchnode 175

175 1483 3  0.554064  0.504  0.67  1.00798e-311
from 3 to 1 matchnode 2064

2064 1483 3  0.520125  0.64906  0.5425  1.00798e-311
edge_match: 
from 4 to 1 matchnode 354

354 1483 3  0.5544  0.50876  0.635  6.95335e-310
from 4 to 1 matchnode 1523

1523 1483 2  0.7921  0.5985  0.72  6.95335e-310

pattern answer16:
vertex1: 节点个数 1
1507 1 0.83
vertex2: 节点个数 2
63 2 0.52
100 2 0.89
vertex3: 节点个数 2
380 3 0.91
729 3 0.94
vertex4: 节点个数 2
89 4 0.77
210 4 0.82
edge_match: 
from 1 to 3 matchnode 1507

1507 380 3  0.5628  0.503625  0.7125  6.42285e-323
1507 729 2  0.5673  0.582  0.756667  6.42285e-323
edge_match: 
from 2 to 4 matchnode 63

63 89 3  0.561792  0.541728  0.645  6.95335e-310
63 210 3  0.511784  0.549054  0.745  6.95335e-310
from 2 to 4 matchnode 100

100 89 3  0.64974  0.63826  0.71  6.95335e-310
100 210 2  0.6675  0.5848  0.826667  6.95335e-310
edge_match: 
from 3 to 1 matchnode 380

380 1507 2  0.5074  0.6825  0.89  2.02369e-320
from 3 to 1 matchnode 729

729 1507 3  0.532239  0.6552  0.78  2.02369e-320
edge_match: 
from 4 to 1 matchnode 89

89 1507 3  0.5015  0.504504  0.7375  6.95335e-310
from 4 to 1 matchnode 210

210 1507 3  0.53856  0.53808  0.765  6.95335e-310

pattern answer17:
vertex1: 节点个数 1
1754 1 0.84
vertex2: 节点个数 2
63 2 0.52
1098 2 0.76
vertex3: 节点个数 2
49 3 0.97
74 3 0.81
vertex4: 节点个数 2
32 4 0.54
89 4 0.77
edge_match: 
from 1 to 3 matchnode 1754

1754 49 2  0.8134  0.64  0.78  3.70549e-322
1754 74 2  0.83  0.624  0.726667  3.70549e-322
edge_match: 
from 2 to 4 matchnode 63

63 32 3  0.542124  0.567567  0.5625  1.00801e-311
63 89 3  0.561792  0.541728  0.645  6.95335e-310
from 2 to 4 matchnode 1098

1098 32 3  0.601916  0.608  0.56  1.00801e-311
1098 89 3  0.53865  0.5616  0.615  6.95335e-310
edge_match: 
from 3 to 1 matchnode 49

49 1754 3  0.554224  0.7866  0.725  6.95155e-310
from 3 to 1 matchnode 74

74 1754 2  0.5776  0.8448  0.78  6.95155e-310
edge_match: 
from 4 to 1 matchnode 32

32 1754 3  0.59432  0.70488  0.6675  6.95335e-310
from 4 to 1 matchnode 89

89 1754 3  0.65518  0.63973  0.59  6.95335e-310

pattern answer18:
vertex1: 节点个数 1
2043 1 0.54
vertex2: 节点个数 2
42 2 0.51
137 2 0.75
vertex3: 节点个数 2
49 3 0.97
74 3 0.81
vertex4: 节点个数 2
75 4 0.54
89 4 0.77
edge_match: 
from 1 to 3 matchnode 2043

2043 49 2  0.7656  0.5518  0.773333  1.28457e-322
2043 74 3  0.63495  0.50445  0.605  1.28457e-322
edge_match: 
from 2 to 4 matchnode 42

42 75 1  0.55  0.79  0.525  1.00799e-311
42 89 2  0.8554  0.6499  0.716667  6.95335e-310
from 2 to 4 matchnode 137

137 75 3  0.590604  0.7298  0.75  1.00799e-311
137 89 3  0.526176  0.57672  0.7375  6.95335e-310
edge_match: 
from 3 to 1 matchnode 49

49 2043 3  0.62568  0.74385  0.7325  1.00801e-311
from 3 to 1 matchnode 74

74 2043 2  0.5402  0.6319  0.663333  1.00801e-311
edge_match: 
from 4 to 1 matchnode 75

75 2043 3  0.507408  0.726624  0.63  6.95335e-310
from 4 to 1 matchnode 89

89 2043 2  0.9207  0.517  0.693333  6.95335e-310

pattern answer19:
vertex1: 节点个数 1
2075 1 0.89
vertex2: 节点个数 2
137 2 0.75
5845 2 0.83
vertex3: 节点个数 2
74 3 0.81
584 3 0.78
vertex4: 节点个数 2
75 4 0.54
94 4 0.85
edge_match: 
from 1 to 3 matchnode 2075

2075 74 2  0.5312  0.6776  0.61  1.18576e-322
2075 584 3  0.5148  0.65076  0.81  1.18576e-322
edge_match: 
from 2 to 4 matchnode 137

137 75 3  0.590604  0.7298  0.75  1.00799e-311
137 94 3  0.523218  0.6264  0.71  6.95335e-310
from 2 to 4 matchnode 5845

5845 75 3  0.664392  0.57624  0.6625  1.00799e-311
5845 94 3  0.50008  0.773808  0.74  6.95335e-310
edge_match: 
from 3 to 1 matchnode 74

74 2075 2  0.8835  0.6138  0.73  1.00798e-311
from 3 to 1 matchnode 584

584 2075 3  0.703444  0.513  0.7275  1.00798e-311
edge_match: 
from 4 to 1 matchnode 75

75 2075 2  0.5859  0.627  0.64  6.95335e-310
from 4 to 1 matchnode 94

94 2075 2  0.6975  0.6622  0.626667  6.95335e-310

pattern answer20:
vertex1: 节点个数 1
2218 1 0.73
vertex2: 节点个数 2
42 2 0.51
47 2 0.64
vertex3: 节点个数 2
74 3 0.81
1032 3 0.63
vertex4: 节点个数 2
67 4 0.78
75 4 0.54
edge_match: 
from 1 to 3 matchnode 2218

2218 74 3  0.69597  0.5508  0.655  2.2233e-322
2218 1032 3  0.779  0.9114  0.7925  2.2233e-322
edge_match: 
from 2 to 4 matchnode 42

42 67 2  0.5063  0.5175  0.616667  1.008e-311
42 75 1  0.55  0.79  0.525  1.00799e-311
from 2 to 4 matchnode 47

47 67 3  0.500905  0.5922  0.76  1.008e-311
47 75 2  0.5964  0.6675  0.676667  1.00799e-311
edge_match: 
from 3 to 1 matchnode 74

74 2218 2  0.9024  0.9408  0.78  6.95155e-310
from 3 to 1 matchnode 1032

1032 2218 2  0.8633  0.663  0.75  6.95155e-310
edge_match: 
from 4 to 1 matchnode 67

67 2218 3  0.543744  0.543996  0.755  6.95335e-310
from 4 to 1 matchnode 75

75 2218 3  0.51072  0.71442  0.675  6.95335e-310

pattern answer21:
vertex1: 节点个数 1
2285 1 0.6
vertex2: 节点个数 2
63 2 0.52
332 2 0.63
vertex3: 节点个数 2
175 3 0.72
3841 3 0.62
vertex4: 节点个数 2
354 4 0.99
649 4 0.66
edge_match: 
from 1 to 3 matchnode 2285

2285 175 3  0.571802  0.707906  0.665  4.94066e-323
2285 3841 3  0.533984  0.56  0.745  4.94066e-323
edge_match: 
from 2 to 4 matchnode 63

63 354 3  0.605625  0.504889  0.6275  6.95335e-310
63 649 1  0.87  0.86  0.59  6.95335e-310
from 2 to 4 matchnode 332

332 354 3  0.613524  0.757764  0.7025  6.95335e-310
332 649 3  0.63495  0.69003  0.63  6.95335e-310
edge_match: 
from 3 to 1 matchnode 175

175 2285 3  0.645606  0.502964  0.6675  1.00798e-311
from 3 to 1 matchnode 3841

3841 2285 3  0.597432  0.513324  0.57  1.00798e-311
edge_match: 
from 4 to 1 matchnode 354

354 2285 2  0.5694  0.639  0.723333  6.95335e-310
from 4 to 1 matchnode 649

649 2285 2  0.6708  0.5325  0.613333  6.95335e-310

pattern answer22:
vertex1: 节点个数 1
2960 1 0.86
vertex2: 节点个数 2
63 2 0.52
1423 2 0.69
vertex3: 节点个数 2
729 3 0.94
942 3 0.58
vertex4: 节点个数 2
32 4 0.54
67 4 0.78
edge_match: 
from 1 to 3 matchnode 2960

2960 729 3  0.526064  0.673134  0.7075  2.42092e-322
2960 942 3  0.568008  0.6916  0.5875  2.42092e-322
edge_match: 
from 2 to 4 matchnode 63

63 32 3  0.542124  0.567567  0.5625  1.00801e-311
63 67 3  0.664664  0.709632  0.6225  1.008e-311
from 2 to 4 matchnode 1423

1423 32 3  0.646908  0.778414  0.61  1.00801e-311
1423 67 3  0.794112  0.57596  0.71  1.008e-311
edge_match: 
from 3 to 1 matchnode 729

729 2960 3  0.6402  0.6732  0.765  1.008e-311
from 3 to 1 matchnode 942

942 2960 3  0.556072  0.592614  0.675  1.008e-311
edge_match: 
from 4 to 1 matchnode 32

32 2960 3  0.622656  0.59096  0.5725  6.95335e-310
from 4 to 1 matchnode 67

67 2960 3  0.504592  0.604989  0.7325  6.95335e-310

pattern answer23:
vertex1: 节点个数 1
3277 1 0.71
vertex2: 节点个数 2
47 2 0.64
137 2 0.75
vertex3: 节点个数 2
1032 3 0.63
4061 3 0.88
vertex4: 节点个数 2
75 4 0.54
289 4 0.5
edge_match: 
from 1 to 3 matchnode 3277

3277 1032 3  0.502524  0.582309  0.5475  1.13635e-322
3277 4061 2  0.608  0.6715  0.77  1.13635e-322
edge_match: 
from 2 to 4 matchnode 47

47 75 2  0.5964  0.6675  0.676667  1.00799e-311
47 289 1  0.94  0.57  0.57  6.95335e-310
from 2 to 4 matchnode 137

137 75 3  0.590604  0.7298  0.75  1.00799e-311
137 289 2  0.7735  0.864  0.733333  6.95335e-310
edge_match: 
from 3 to 1 matchnode 1032

1032 3277 3  0.601224  0.753786  0.5775  1.00798e-311
from 3 to 1 matchnode 4061

4061 3277 3  0.670437  0.53568  0.86  1.00798e-311
edge_match: 
from 4 to 1 matchnode 75

75 3277 3  0.5832  0.640677  0.6875  6.95335e-310
from 4 to 1 matchnode 289

289 3277 3  0.577125  0.686991  0.6775  6.95335e-310

pattern answer24:
vertex1: 节点个数 1
3281 1 0.71
vertex2: 节点个数 2
137 2 0.75
1903 2 1
vertex3: 节点个数 2
2227 3 0.94
3505 3 0.61
vertex4: 节点个数 2
75 4 0.54
155 4 0.76
edge_match: 
from 1 to 3 matchnode 3281

3281 2227 3  0.715008  0.7614  0.82  1.72923e-322
3281 3505 2  0.5244  0.576  0.766667  1.72923e-322
edge_match: 
from 2 to 4 matchnode 137

137 75 3  0.590604  0.7298  0.75  1.00799e-311
137 155 3  0.69471  0.522261  0.7175  6.95335e-310
from 2 to 4 matchnode 1903

1903 75 3  0.550788  0.598436  0.8125  1.00799e-311
1903 155 3  0.623712  0.523392  0.6725  6.95335e-310
edge_match: 
from 3 to 1 matchnode 2227

2227 3281 3  0.53361  0.50246  0.7025  2.02369e-320
from 3 to 1 matchnode 3505

3505 3281 2  0.7857  0.9506  0.513333  2.02369e-320
edge_match: 
from 4 to 1 matchnode 75

75 3281 3  0.656502  0.76  0.6  6.95335e-310
from 4 to 1 matchnode 155

155 3281 3  0.5775  0.63296  0.7175  6.95335e-310

pattern answer25:
vertex1: 节点个数 1
3774 1 0.78
vertex2: 节点个数 2
47 2 0.64
137 2 0.75
vertex3: 节点个数 2
1658 3 0.57
5227 3 0.53
vertex4: 节点个数 2
75 4 0.54
354 4 0.99
edge_match: 
from 1 to 3 matchnode 3774

3774 1658 1  0.85  0.62  0.675  5.43472e-323
3774 5227 3  0.525252  0.747348  0.5575  5.43472e-323
edge_match: 
from 2 to 4 matchnode 47

47 75 2  0.5964  0.6675  0.676667  1.00799e-311
47 354 3  0.516525  0.50796  0.5625  6.95335e-310
from 2 to 4 matchnode 137

137 75 3  0.590604  0.7298  0.75  1.00799e-311
137 354 2  0.8277  0.6  0.866667  6.95335e-310
edge_match: 
from 3 to 1 matchnode 1658

1658 3774 2  0.7154  0.747  0.626667  6.95155e-310
from 3 to 1 matchnode 5227

5227 3774 3  0.73953  0.55419  0.7425  6.95155e-310
edge_match: 
from 4 to 1 matchnode 75

75 3774 3  0.536536  0.533192  0.505  6.95335e-310
from 4 to 1 matchnode 354

354 3774 3  0.75264  0.5229  0.65  6.95335e-310

pattern answer26:
vertex1: 节点个数 1
4219 1 0.59
vertex2: 节点个数 2
137 2 0.75
5845 2 0.83
vertex3: 节点个数 2
49 3 0.97
74 3 0.81
vertex4: 节点个数 2
75 4 0.54
94 4 0.85
edge_match: 
from 1 to 3 matchnode 4219

4219 49 3  0.5824  0.769672  0.78  1.08694e-322
4219 74 3  0.5893  0.55272  0.725  1.08694e-322
edge_match: 
from 2 to 4 matchnode 137

137 75 3  0.590604  0.7298  0.75  1.00799e-311
137 94 3  0.523218  0.6264  0.71  6.95335e-310
from 2 to 4 matchnode 5845

5845 75 3  0.664392  0.57624  0.6625  1.00799e-311
5845 94 3  0.50008  0.773808  0.74  6.95335e-310
edge_match: 
from 3 to 1 matchnode 49

49 4219 3  0.52096  0.57672  0.8375  1.00798e-311
from 3 to 1 matchnode 74

74 4219 3  0.50512  0.534534  0.7675  1.00798e-311
edge_match: 
from 4 to 1 matchnode 75

75 4219 3  0.60552  0.64258  0.7125  6.95335e-310
from 4 to 1 matchnode 94

94 4219 3  0.63296  0.524477  0.8225  6.95335e-310

pattern answer27:
vertex1: 节点个数 1
4345 1 0.86
vertex2: 节点个数 2
63 2 0.52
100 2 0.89
vertex3: 节点个数 2
74 3 0.81
653 3 0.8
vertex4: 节点个数 2
289 4 0.5
413 4 0.64
edge_match: 
from 1 to 3 matchnode 4345

4345 74 2  0.828  0.5063  0.713333  7.90505e-323
4345 653 2  0.6612  0.5104  0.853333  7.90505e-323
edge_match: 
from 2 to 4 matchnode 63

63 289 3  0.767949  0.75078  0.6225  6.95335e-310
63 413 2  0.5096  0.8645  0.52  6.95335e-310
from 2 to 4 matchnode 100

100 289 3  0.513324  0.674344  0.75  6.95335e-310
100 413 3  0.574172  0.8036  0.7425  6.95335e-310
edge_match: 
from 3 to 1 matchnode 74

74 4345 3  0.5358  0.718272  0.835  1.00801e-311
from 3 to 1 matchnode 653

653 4345 3  0.500544  0.52245  0.5975  1.00801e-311
edge_match: 
from 4 to 1 matchnode 289

289 4345 3  0.52416  0.5643  0.5375  6.95335e-310
from 4 to 1 matchnode 413

413 4345 2  0.5096  0.539  0.64  6.95335e-310

pattern answer28:
vertex1: 节点个数 1
5415 1 0.54
vertex2: 节点个数 2
607 2 0.73
3494 2 0.68
vertex3: 节点个数 2
74 3 0.81
942 3 0.58
vertex4: 节点个数 2
94 4 0.85
122 4 1
edge_match: 
from 1 to 3 matchnode 5415

5415 74 2  0.616  0.5063  0.776667  9.88131e-323
5415 942 3  0.54352  0.683256  0.65  9.88131e-323
edge_match: 
from 2 to 4 matchnode 607

607 94 3  0.5432  0.818928  0.6325  6.95335e-310
607 122 1  0.85  0.56  0.865  6.95335e-310
from 2 to 4 matchnode 3494

3494 94 2  0.5742  0.6768  0.596667  6.95335e-310
3494 122 3  0.713691  0.747676  0.6725  6.95335e-310
edge_match: 
from 3 to 1 matchnode 74

74 5415 3  0.804264  0.709632  0.62  6.95155e-310
from 3 to 1 matchnode 942

942 5415 3  0.548049  0.513898  0.5075  6.95155e-310
edge_match: 
from 4 to 1 matchnode 94

94 5415 3  0.554025  0.52288  0.635  6.95335e-310
from 4 to 1 matchnode 122

122 5415 3  0.613868  0.5159  0.635  6.95335e-310

pattern answer29:
vertex1: 节点个数 1
6036 1 0.76
vertex2: 节点个数 2
332 2 0.63
1903 2 1
vertex3: 节点个数 2
1813 3 0.87
2064 3 0.59
vertex4: 节点个数 2
122 4 1
830 4 0.88
edge_match: 
from 1 to 3 matchnode 6036

6036 1813 2  0.5694  0.6045  0.87  8.89318e-323
6036 2064 3  0.535766  0.548416  0.785  8.89318e-323
edge_match: 
from 2 to 4 matchnode 332

332 122 2  0.8134  0.8008  0.736667  6.95335e-310
332 830 3  0.537138  0.63973  0.5275  6.95335e-310
from 2 to 4 matchnode 1903

1903 122 3  0.768645  0.640926  0.8275  6.95335e-310
1903 830 3  0.598752  0.64752  0.6025  6.95335e-310
edge_match: 
from 3 to 1 matchnode 1813

1813 6036 2  0.76  0.5429  0.843333  1.00798e-311
from 3 to 1 matchnode 2064

2064 6036 3  0.830208  0.56202  0.6275  1.00798e-311
edge_match: 
from 4 to 1 matchnode 122

122 6036 3  0.501584  0.59508  0.73  6.95335e-310
from 4 to 1 matchnode 830

830 6036 3  0.504165  0.5696  0.6925  6.95335e-310

pattern answer30:
vertex1: 节点个数 1
6084 1 0.54
vertex2: 节点个数 2
42 2 0.51
63 2 0.52
vertex3: 节点个数 2
425 3 0.96
653 3 0.8
vertex4: 节点个数 2
67 4 0.78
89 4 0.77
edge_match: 
from 1 to 3 matchnode 6084

6084 425 3  0.596781  0.571455  0.7775  1.4822e-322
6084 653 3  0.543213  0.67728  0.7  1.4822e-322
edge_match: 
from 2 to 4 matchnode 42

42 67 2  0.5063  0.5175  0.616667  1.008e-311
42 89 2  0.8554  0.6499  0.716667  6.95335e-310
from 2 to 4 matchnode 63

63 67 3  0.664664  0.709632  0.6225  1.008e-311
63 89 3  0.561792  0.541728  0.645  6.95335e-310
edge_match: 
from 3 to 1 matchnode 425

425 6084 3  0.62909  0.561627  0.835  6.95155e-310
from 3 to 1 matchnode 653

653 6084 3  0.504735  0.749232  0.7175  6.95155e-310
edge_match: 
from 4 to 1 matchnode 67

67 6084 3  0.75981  0.737748  0.63  6.95335e-310
from 4 to 1 matchnode 89

89 6084 3  0.5301  0.772398  0.77  6.95335e-310

pattern answer31:
vertex1: 节点个数 1
6340 1 0.56
vertex2: 节点个数 2
63 2 0.52
1423 2 0.69
vertex3: 节点个数 2
74 3 0.81
2064 3 0.59
vertex4: 节点个数 2
32 4 0.54
122 4 1
edge_match: 
from 1 to 3 matchnode 6340

6340 74 2  0.7802  0.76  0.633333  1.97626e-323
6340 2064 3  0.675122  0.6561  0.6825  1.97626e-323
edge_match: 
from 2 to 4 matchnode 63

63 32 3  0.542124  0.567567  0.5625  1.00801e-311
63 122 2  0.5112  0.6039  0.74  6.95335e-310
from 2 to 4 matchnode 1423

1423 32 3  0.646908  0.778414  0.61  1.00801e-311
1423 122 3  0.609801  0.592592  0.755  6.95335e-310
edge_match: 
from 3 to 1 matchnode 74

74 6340 2  0.68  0.8835  0.633333  6.95155e-310
from 3 to 1 matchnode 2064

2064 6340 3  0.6612  0.575605  0.5025  6.95155e-310
edge_match: 
from 4 to 1 matchnode 32

32 6340 3  0.59616  0.54112  0.5575  6.95335e-310
from 4 to 1 matchnode 122

122 6340 3  0.5168  0.7068  0.725  6.95335e-310

pattern answer32:
vertex1: 节点个数 1
9310 1 0.69
vertex2: 节点个数 2
63 2 0.52
332 2 0.63
vertex3: 节点个数 2
74 3 0.81
37390 3 0.97
vertex4: 节点个数 2
289 4 0.5
649 4 0.66
edge_match: 
from 1 to 3 matchnode 9310

9310 74 3  0.55278  0.77805  0.6425  4.94066e-323
9310 37390 2  0.629  0.533  0.746667  4.94066e-323
edge_match: 
from 2 to 4 matchnode 63

63 289 3  0.767949  0.75078  0.6225  6.95335e-310
63 649 1  0.87  0.86  0.59  6.95335e-310
from 2 to 4 matchnode 332

332 289 3  0.710892  0.686784  0.6875  6.95335e-310
332 649 3  0.63495  0.69003  0.63  6.95335e-310
edge_match: 
from 3 to 1 matchnode 74

74 9310 3  0.503272  0.6804  0.6675  6.95155e-310
from 3 to 1 matchnode 37390

37390 9310 2  0.693  0.7224  0.846667  6.95155e-310
edge_match: 
from 4 to 1 matchnode 289

289 9310 3  0.592952  0.531216  0.5675  6.95335e-310
from 4 to 1 matchnode 649

649 9310 3  0.601692  0.50652  0.775  6.95335e-310

pattern answer33:
vertex1: 节点个数 1
10184 1 0.75
vertex2: 节点个数 2
100 2 0.89
1283 2 0.59
vertex3: 节点个数 2
49 3 0.97
1613 3 0.68
vertex4: 节点个数 2
289 4 0.5
2255 4 0.75
edge_match: 
from 1 to 3 matchnode 10184

10184 49 3  0.696266  0.538935  0.71  1.97626e-323
10184 1613 3  0.528165  0.7353  0.725  1.97626e-323
edge_match: 
from 2 to 4 matchnode 100

100 289 3  0.513324  0.674344  0.75  6.95335e-310
100 2255 2  0.7134  0.6715  0.793333  6.95335e-310
from 2 to 4 matchnode 1283

1283 289 3  0.583407  0.56457  0.5625  6.95335e-310
1283 2255 2  0.873  0.5978  0.613333  6.95335e-310
edge_match: 
from 3 to 1 matchnode 49

49 10184 3  0.681912  0.570768  0.54  6.95314e-310
from 3 to 1 matchnode 1613

1613 10184 2  0.7298  0.552  0.553333  6.95314e-310
edge_match: 
from 4 to 1 matchnode 289

289 10184 3  0.795564  0.53406  0.5075  6.95335e-310
from 4 to 1 matchnode 2255

2255 10184 3  0.500692  0.503976  0.655  6.95335e-310

