pattern answer1:
vertex1: 节点个数 1
69 1 0.61
vertex2: 节点个数 2
5203 2 0.88
8073 2 0.8
vertex3: 节点个数 2
96 3 0.69
2413 3 0.81
vertex4: 节点个数 2
118 4 0.84
2305 4 0.71
edge_match: 
from 1 to 4 matchnode 69

69 118 2  0.558  0.7462  0.666667  1.34869e-311
69 2305 2  0.6794  0.474  0.48  1.34869e-311
edge_match: 
from 2 to 1 matchnode 5203

5203 69 2  0.5396  0.84  0.526667  4.60144e-312
from 2 to 1 matchnode 8073

8073 69 2  0.5472  0.8232  0.5  4.60144e-312
edge_match: 
from 3 to 1 matchnode 96

96 69 2  0.6364  0.493  0.746667  1.34869e-311
from 3 to 2 matchnode 96

96 5203 2  0.5544  0.7565  0.793333  6.95139e-310
96 8073 2  0.4914  0.4929  0.526667  1.34866e-311
from 3 to 1 matchnode 2413

2413 69 2  0.8134  0.5104  0.803333  1.34869e-311
from 3 to 2 matchnode 2413

2413 5203 1  0.9  0.6  0.845  6.95139e-310
2413 8073 2  0.686  0.8184  0.866667  1.34866e-311
edge_match: 
from 4 to 1 matchnode 118

118 69 2  0.5445  0.485  0.676667  1.34869e-311
from 4 to 2 matchnode 118

118 5203 2  0.4752  0.738  0.75  6.95139e-310
118 8073 2  0.616  0.7161  0.876667  6.95139e-310
from 4 to 1 matchnode 2305

2305 69 2  0.6162  0.5096  0.476667  1.34869e-311
from 4 to 2 matchnode 2305

2305 5203 1  0.92  0.82  0.795  1.34869e-311
2305 8073 2  0.5688  0.462  0.696667  1.34869e-311

pattern answer2:
vertex1: 节点个数 1
226 1 0.45
vertex2: 节点个数 2
2386 2 0.79
5611 2 0.96
vertex3: 节点个数 2
96 3 0.69
1294 3 0.95
vertex4: 节点个数 2
1283 4 0.52
2583 4 0.71
edge_match: 
from 1 to 4 matchnode 226

226 1283 2  0.5082  0.4836  0.496667  1.34866e-311
226 2583 2  0.776  0.598  0.71  1.34866e-311
edge_match: 
from 2 to 1 matchnode 2386

2386 226 1  0.69  0.75  0.62  6.95335e-310
from 2 to 1 matchnode 5611

5611 226 2  0.5841  0.5751  0.7  6.95335e-310
edge_match: 
from 3 to 1 matchnode 96

96 226 1  0.59  0.71  0.57  1.34869e-311
from 3 to 2 matchnode 96

96 2386 2  0.6083  0.4884  0.62  6.95139e-310
96 5611 1  0.84  0.82  0.825  1.34866e-311
from 3 to 1 matchnode 1294

1294 226 2  0.7821  0.6417  0.56  1.34869e-311
from 3 to 2 matchnode 1294

1294 2386 2  0.532  0.8554  0.696667  6.95139e-310
1294 5611 2  0.7821  0.4928  0.803333  1.34866e-311
edge_match: 
from 4 to 1 matchnode 1283

1283 226 2  0.5037  0.6715  0.543333  1.34869e-311
from 4 to 2 matchnode 1283

1283 2386 2  0.4592  0.4505  0.603333  1.34866e-311
1283 5611 2  0.774  0.4704  0.703333  1.34866e-311
from 4 to 1 matchnode 2583

2583 226 2  0.6885  0.833  0.656667  1.34869e-311
from 4 to 2 matchnode 2583

2583 2386 2  0.6075  0.7055  0.513333  1.34867e-311
2583 5611 2  0.9306  0.81  0.886667  1.34867e-311

pattern answer3:
vertex1: 节点个数 1
2521 1 0.96
vertex2: 节点个数 2
3183 2 0.63
4323 2 0.94
vertex3: 节点个数 2
1067 3 0.61
2413 3 0.81
vertex4: 节点个数 2
5538 4 0.75
10319 4 0.76
edge_match: 
from 1 to 4 matchnode 2521

2521 5538 2  0.5146  0.5796  0.66  1.34869e-311
2521 10319 2  0.5586  0.5976  0.896667  1.34869e-311
edge_match: 
from 2 to 1 matchnode 3183

3183 2521 2  0.7176  0.5829  0.643333  1.34869e-311
from 2 to 1 matchnode 4323

4323 2521 2  0.451  0.5073  0.913333  1.34869e-311
edge_match: 
from 3 to 1 matchnode 1067

1067 2521 2  0.4653  0.9021  0.82  1.34869e-311
from 3 to 2 matchnode 1067

1067 3183 1  0.54  0.76  0.62  6.95139e-310
1067 4323 2  0.603  0.7857  0.603333  1.34866e-311
from 3 to 1 matchnode 2413

2413 2521 2  0.5808  0.4851  0.853333  1.34869e-311
from 3 to 2 matchnode 2413

2413 3183 2  0.555  0.5548  0.73  6.95139e-310
2413 4323 2  0.6633  0.6014  0.783333  1.34866e-311
edge_match: 
from 4 to 1 matchnode 5538

5538 2521 2  0.5133  0.819  0.576667  1.34869e-311
from 4 to 2 matchnode 5538

5538 3183 2  0.5925  0.5776  0.71  6.95139e-310
5538 4323 2  0.5546  0.5964  0.89  6.95139e-310
from 4 to 1 matchnode 10319

10319 2521 2  0.7128  0.5544  0.896667  1.34869e-311
from 4 to 2 matchnode 10319

10319 3183 2  0.495  0.5621  0.69  1.34869e-311
10319 4323 2  0.558  0.6804  0.653333  1.34869e-311

pattern answer4:
vertex1: 节点个数 1
6746 1 0.71
vertex2: 节点个数 2
2346 2 0.93
2419 2 0.62
vertex3: 节点个数 2
6674 3 0.82
6791 3 0.94
vertex4: 节点个数 2
3401 4 0.71
5706 4 0.64
edge_match: 
from 1 to 4 matchnode 6746

6746 3401 2  0.912  0.6624  0.646667  1.34866e-311
6746 5706 1  0.47  0.67  0.675  1.34866e-311
edge_match: 
from 2 to 1 matchnode 2346

2346 6746 2  0.6675  0.546  0.72  4.60144e-312
from 2 to 1 matchnode 2419

2419 6746 2  0.7031  0.7728  0.616667  4.60144e-312
edge_match: 
from 3 to 1 matchnode 6674

6674 6746 2  0.5766  0.4988  0.723333  1.34866e-311
from 3 to 2 matchnode 6674

6674 2346 2  0.558  0.731  0.796667  6.95139e-310
6674 2419 2  0.527  0.5418  0.693333  1.34869e-311
from 3 to 1 matchnode 6791

6791 6746 2  0.8811  0.546  0.723333  1.34866e-311
from 3 to 2 matchnode 6791

6791 2346 2  0.486  0.748  0.836667  6.95139e-310
6791 2419 2  0.459  0.5544  0.733333  1.34869e-311
edge_match: 
from 4 to 1 matchnode 3401

3401 6746 2  0.6045  0.5742  0.686667  1.34866e-311
from 4 to 2 matchnode 3401

3401 2346 2  0.585  0.8415  0.76  6.95139e-310
3401 2419 2  0.5525  0.6237  0.656667  6.95139e-310
from 4 to 1 matchnode 5706

5706 6746 1  0.93  0.58  0.675  1.34866e-311
from 4 to 2 matchnode 5706

5706 2346 1  0.9  0.85  0.785  1.34869e-311
5706 2419 1  0.85  0.63  0.63  1.34869e-311

